* Measurement data measured by REW V5.31
* Source: Input device not selected, no input selected, L, volume: 0.000. Timing signal peak level -42.4 dBFS, measurement signal peak level -41.6 dBFS
* Format: 1M Log Swept Sine, 1 sweep at -12.0 dBFS using an acoustic timing reference
* Dated: 09-Apr-2024 23:46:25
* REW Settings:
*  C-weighting compensation: Off
*  Target level: 75.0 dB
* Note: ; Delay 0.0668 ms (23 mm, 0.9 in) using estimated IR delay relative to Acoustic reference played from  L with no timing offset Clock adjustment: 41.4 ppm
* Measurement: L3 B3S
* Smoothing: 1/24 octave
* Frequency Step: 1/48 octave
* Start Frequency: 20.000 Hz
*
* Freq(Hz)	SPL(dB)	Phase(degrees)
20.000000	93.864	52.0286
20.299999	93.899	50.7296
20.600000	93.907	49.6594
20.900000	93.917	48.8633
21.200001	93.952	48.2639
21.400000	93.995	47.8958
21.799999	94.114	47.0401
22.000000	94.178	46.5049
22.400000	94.283	45.2495
22.700001	94.329	44.2632
23.000000	94.349	43.3614
23.299999	94.356	42.6127
23.600000	94.364	42.0200
24.000000	94.398	41.3708
24.299999	94.442	40.8853
24.700001	94.512	40.1250
25.000000	94.563	39.4468
25.400000	94.614	38.4326
25.799999	94.641	37.3693
26.200001	94.648	36.3314
26.500000	94.650	35.5846
26.900000	94.654	34.5925
27.200001	94.661	33.7971
27.600000	94.664	32.6023
28.000000	94.636	31.2838
28.500000	94.535	29.7584
29.000000	94.394	28.8367
29.500000	94.323	28.6141
30.000000	94.397	28.4777
30.400000	94.525	27.9501
30.700001	94.617	27.2692
31.100000	94.696	26.2064
31.500000	94.730	25.3025
32.000000	94.787	24.6435
32.500000	94.934	24.1305
33.000000	95.133	23.1082
33.500000	95.268	21.4784
34.000000	95.267	19.8092
34.500000	95.173	18.7274
35.000000	95.093	18.2812
35.500000	95.077	17.8783
36.000000	95.057	16.9775
36.500000	94.915	15.8030
37.000000	94.623	15.2932
37.500000	94.329	16.3135
38.200001	94.378	19.1815
38.700001	94.766	19.6572
39.500000	95.281	15.9845
40.000000	95.266	12.6830
40.599998	94.995	9.9179
41.200001	94.749	8.9639
41.799999	94.682	8.5924
42.500000	94.653	7.8470
43.099998	94.569	7.7115
43.700001	94.571	8.4905
44.400002	94.813	9.0384
45.000000	95.030	7.9484
45.500000	95.047	6.3419
46.200001	94.809	4.7132
46.799999	94.567	4.6004
47.500000	94.449	4.8602
48.200001	94.407	4.3684
48.700001	94.360	3.7663
49.400002	94.321	2.9004
50.000000	94.338	1.8701
50.799999	94.322	0.0831
51.500000	94.260	-1.1224
52.200001	94.239	-1.8896
53.000000	94.234	-2.6597
53.799999	94.205	-3.0210
54.500000	94.220	-3.0971
55.200001	94.241	-3.5540
56.000000	94.155	-4.4011
57.000000	93.931	-4.7534
58.000000	93.832	-4.7167
59.000000	93.796	-5.8841
60.000000	93.625	-7.1843
60.799999	93.530	-7.4956
61.500000	93.533	-7.8275
62.200001	93.534	-8.3682
63.000000	93.511	-8.8220
64.000000	93.496	-9.1534
65.000000	93.458	-9.4342
66.000000	93.414	-9.6404
67.000000	93.356	-10.0457
68.000000	93.275	-10.5774
69.000000	93.183	-11.2202
70.000000	93.089	-11.8123
71.000000	93.028	-12.3866
72.000000	92.987	-13.0407
73.000000	92.946	-13.6554
74.000000	92.904	-14.0964
75.000000	92.870	-14.3479
76.199997	92.826	-14.6022
77.500000	92.735	-14.8575
78.800003	92.621	-15.1969
80.000000	92.500	-15.9053
81.199997	92.374	-16.7495
82.500000	92.319	-17.5586
83.800003	92.342	-18.1494
85.000000	92.395	-18.0896
86.199997	92.396	-17.3852
87.500000	92.259	-15.5740
88.500000	92.142	-11.9161
90.000000	92.745	-8.0636
91.199997	92.805	-12.5524
92.500000	92.143	-16.1935
93.800003	91.694	-18.0655
95.000000	91.516	-19.5309
96.199997	91.485	-20.5120
97.500000	91.493	-20.8898
98.800003	91.458	-20.6557
100.000000	91.373	-20.2179
101.500000	91.222	-19.9766
103.000000	91.061	-20.4299
104.400002	90.941	-21.0283
106.000000	90.895	-21.5441
107.500000	90.881	-21.7538
109.000000	90.842	-21.7405
110.599998	90.724	-21.6451
112.000000	90.605	-21.4086
113.800003	90.492	-21.3544
115.000000	90.440	-21.3323
117.199997	90.411	-21.3572
118.000000	90.380	-21.4197
120.599998	90.161	-20.7320
122.000000	90.057	-19.9027
124.099998	89.963	-19.7600
125.000000	89.899	-20.1537
126.500000	89.778	-20.4712
128.000000	89.802	-20.2110
131.500000	90.075	-20.4994
132.000000	90.095	-20.3828
134.000000	90.133	-19.8809
136.000000	90.104	-19.6741
138.000000	90.071	-19.9312
140.000000	90.050	-20.3938
143.000000	90.000	-20.8540
145.000000	89.926	-21.0746
147.500000	89.800	-21.3813
150.000000	89.711	-21.5508
152.500000	89.642	-21.4928
155.000000	89.572	-21.3307
157.500000	89.507	-21.3325
160.000000	89.453	-21.5028
162.500000	89.405	-21.5438
165.000000	89.358	-21.4058
167.500000	89.295	-21.1846
170.000000	89.214	-21.0271
172.500000	89.127	-20.8721
175.000000	89.047	-20.7413
177.500000	88.977	-20.6264
180.000000	88.925	-20.5268
182.500000	88.899	-20.4458
185.000000	88.893	-20.3478
187.500000	88.881	-20.2630
190.000000	88.857	-20.1300
192.500000	88.834	-19.9905
195.000000	88.813	-19.8599
197.500000	88.787	-19.7345
200.000000	88.755	-19.6305
203.000000	88.716	-19.5001
206.000000	88.685	-19.3994
209.000000	88.657	-19.2954
212.000000	88.631	-19.1117
214.000000	88.615	-18.9888
218.000000	88.580	-18.8364
220.000000	88.563	-18.7610
224.000000	88.531	-18.5867
227.000000	88.506	-18.4825
230.000000	88.482	-18.4110
233.000000	88.460	-18.3392
236.000000	88.437	-18.2131
240.000000	88.409	-17.9905
243.000000	88.386	-17.8218
247.000000	88.349	-17.6122
250.000000	88.317	-17.4170
254.000000	88.274	-17.0772
258.000000	88.238	-16.6633
262.000000	88.213	-16.0366
265.000000	88.216	-15.3703
269.000000	88.271	-14.3478
272.000000	88.362	-13.6949
276.000000	88.536	-13.3256
280.000000	88.705	-13.5831
285.000000	88.828	-14.4201
290.000000	88.867	-15.2767
295.000000	88.869	-15.8114
300.000000	88.867	-16.2038
304.000000	88.849	-16.4328
307.000000	88.834	-16.5354
311.000000	88.825	-16.6378
315.000000	88.831	-16.7371
320.000000	88.835	-16.8601
325.000000	88.832	-16.9961
330.000000	88.835	-17.1450
335.000000	88.842	-17.2993
340.000000	88.849	-17.4091
345.000000	88.851	-17.5016
350.000000	88.851	-17.6079
355.000000	88.856	-17.7153
360.000000	88.865	-17.8208
365.000000	88.874	-17.9410
370.000000	88.883	-18.0773
375.000000	88.888	-18.1941
382.000000	88.902	-18.3498
387.000000	88.912	-18.4811
395.000000	88.925	-18.7148
400.000000	88.935	-18.8324
406.000000	88.944	-18.9743
412.000000	88.954	-19.1450
418.000000	88.965	-19.3306
425.000000	88.977	-19.5778
431.000000	88.987	-19.7517
437.000000	89.001	-19.9183
444.000000	89.016	-20.0934
450.000000	89.026	-20.2417
455.000000	89.032	-20.3758
462.000000	89.044	-20.5486
468.000000	89.062	-20.7116
475.000000	89.078	-20.9292
482.000000	89.085	-21.1658
487.000000	89.091	-21.3269
494.000000	89.105	-21.5357
500.000000	89.115	-21.6985
508.000000	89.128	-21.9477
515.000000	89.138	-22.2031
522.000000	89.148	-22.4083
530.000000	89.160	-22.6353
538.000000	89.174	-22.8410
545.000000	89.185	-23.0216
552.000000	89.192	-23.2374
560.000000	89.201	-23.4799
570.000000	89.219	-23.7445
580.000000	89.238	-23.9863
590.000000	89.256	-24.2841
600.000000	89.272	-24.5587
608.000000	89.284	-24.7835
615.000000	89.293	-24.9632
622.000000	89.303	-25.1342
630.000000	89.317	-25.3216
640.000000	89.335	-25.5350
650.000000	89.351	-25.7408
660.000000	89.368	-25.9712
670.000000	89.387	-26.2021
680.000000	89.406	-26.4335
690.000000	89.426	-26.6067
700.000000	89.447	-26.7934
710.000000	89.468	-26.9846
720.000000	89.490	-27.1483
730.000000	89.511	-27.3174
740.000000	89.534	-27.4668
750.000000	89.560	-27.6074
762.000000	89.590	-27.7996
775.000000	89.626	-27.9802
788.000000	89.668	-28.1642
800.000000	89.709	-28.3217
812.000000	89.753	-28.4629
825.000000	89.800	-28.6305
838.000000	89.851	-28.7979
850.000000	89.902	-28.9219
862.000000	89.956	-29.0360
875.000000	90.016	-29.1529
885.000000	90.060	-29.2462
900.000000	90.131	-29.4246
912.000000	90.197	-29.5665
925.000000	90.273	-29.7521
938.000000	90.348	-29.9685
950.000000	90.408	-30.1484
962.000000	90.450	-30.3301
975.000000	90.501	-30.5594
988.000000	90.588	-30.8177
1000.000000	90.690	-31.0698
1015.000000	90.822	-31.4096
1030.000000	90.947	-31.8043
1044.000000	91.053	-32.1861
1060.000000	91.169	-32.6626
1075.000000	91.274	-33.1681
1090.000000	91.378	-33.7056
1106.000000	91.488	-34.3028
1120.000000	91.581	-34.8706
1138.000000	91.696	-35.6576
1150.000000	91.773	-36.2144
1172.000000	91.906	-37.2623
1180.000000	91.952	-37.6530
1206.000000	92.102	-38.9600
1220.000000	92.178	-39.6826
1241.000000	92.291	-40.7815
1250.000000	92.338	-41.2602
1265.000000	92.416	-42.0583
1280.000000	92.492	-42.8527
1315.000000	92.667	-44.7177
1320.000000	92.691	-44.9879
1340.000000	92.786	-46.0661
1360.000000	92.877	-47.1252
1380.000000	92.966	-48.1803
1400.000000	93.052	-49.2132
1430.000000	93.173	-50.7662
1450.000000	93.254	-51.7908
1475.000000	93.356	-53.0430
1500.000000	93.455	-54.2584
1525.000000	93.553	-55.4361
1550.000000	93.650	-56.5944
1575.000000	93.746	-57.7454
1600.000000	93.842	-58.8843
1625.000000	93.939	-59.9890
1650.000000	94.039	-61.0812
1675.000000	94.141	-62.1503
1700.000000	94.242	-63.2174
1725.000000	94.347	-64.2755
1750.000000	94.457	-65.3310
1775.000000	94.571	-66.4011
1800.000000	94.687	-67.4825
1825.000000	94.805	-68.5552
1850.000000	94.925	-69.6223
1875.000000	95.046	-70.6876
1900.000000	95.170	-71.7610
1925.000000	95.297	-72.8376
1950.000000	95.425	-73.9052
1975.000000	95.554	-74.9777
2000.000000	95.686	-76.0713
2030.000000	95.847	-77.4001
2060.000000	96.013	-78.7543
2090.000000	96.182	-80.1288
2120.000000	96.355	-81.5257
2140.000000	96.470	-82.4756
2180.000000	96.706	-84.4207
2200.000000	96.826	-85.4203
2240.000000	97.070	-87.4650
2270.000000	97.256	-89.0405
2300.000000	97.444	-90.6512
2330.000000	97.634	-92.2993
2360.000000	97.825	-93.9941
2400.000000	98.080	-96.3231
2430.000000	98.271	-98.1257
2470.000000	98.523	-100.6182
2500.000000	98.710	-102.5494
2540.000000	98.955	-105.2094
2580.000000	99.194	-107.9788
2620.000000	99.424	-110.8486
2650.000000	99.589	-113.0696
2690.000000	99.800	-116.1259
2720.000000	99.949	-118.4831
2760.000000	100.132	-121.7004
2800.000000	100.295	-124.9982
2850.000000	100.469	-129.1955
2900.000000	100.608	-133.4428
2950.000000	100.710	-137.6989
3000.000000	100.774	-141.8980
3040.000000	100.801	-145.1669
3070.000000	100.812	-147.5471
3110.000000	100.822	-150.6171
3150.000000	100.840	-153.5903
3200.000000	100.881	-157.2744
3250.000000	100.934	-161.0528
3300.000000	100.974	-164.9879
3350.000000	100.969	-168.9785
3400.000000	100.908	-172.8781
3450.000000	100.800	-176.5812
3500.000000	100.659	179.9488
3550.000000	100.500	176.6990
3600.000000	100.339	173.6580
3650.000000	100.187	170.8089
3700.000000	100.054	168.1140
3750.000000	99.943	165.5396
3820.000000	99.824	162.1005
3870.000000	99.752	159.7558
3950.000000	99.651	156.1783
4000.000000	99.587	154.0306
4060.000000	99.495	151.5030
4120.000000	99.393	148.9910
4180.000000	99.285	146.4774
4250.000000	99.168	143.5253
4310.000000	99.082	140.9603
4370.000000	99.009	138.3600
4440.000000	98.937	135.2730
4500.000000	98.886	132.5818
4550.000000	98.849	130.3058
4620.000000	98.802	127.0374
4680.000000	98.760	124.1516
4750.000000	98.698	120.7018
4820.000000	98.613	117.2103
4870.000000	98.534	114.7285
4940.000000	98.393	111.3578
5000.000000	98.245	108.6598
5080.000000	98.020	105.4884
5150.000000	97.821	103.1796
5220.000000	97.645	101.2701
5300.000000	97.493	99.4069
5380.000000	97.405	97.7117
5450.000000	97.387	96.2378
5520.000000	97.431	94.6682
5600.000000	97.559	92.6318
5700.000000	97.829	89.3780
5800.000000	98.156	84.8791
5900.000000	98.416	78.8736
6000.000000	98.452	71.7525
6080.000000	98.259	65.9617
6150.000000	97.937	61.3541
6220.000000	97.510	57.4854
6300.000000	96.960	54.1678
6400.000000	96.277	51.6816
6500.000000	95.705	50.7804
6600.000000	95.324	50.9428
6700.000000	95.163	51.5498
6800.000000	95.211	52.0652
6900.000000	95.434	52.1628
7000.000000	95.803	51.6623
7100.000000	96.303	50.4161
7200.000000	96.921	48.2664
7300.000000	97.653	45.0209
7400.000000	98.499	40.1990
7500.000000	99.357	33.0185
7620.000000	100.161	21.1804
7750.000000	100.475	5.3451
7880.000000	100.000	-11.3054
8000.000000	98.926	-24.9159
8120.000000	97.498	-35.4741
8250.000000	95.847	-43.3810
8380.000000	94.286	-48.3516
8500.000000	92.998	-51.1487
8620.000000	91.868	-52.7955
8750.000000	90.817	-53.7094
8850.000000	90.120	-54.0087
9000.000000	89.239	-54.0210
9120.000000	88.658	-53.8091
9250.000000	88.136	-53.4216
9380.000000	87.715	-52.9827
9500.000000	87.406	-52.6179
9620.000000	87.178	-52.3379
9750.000000	87.023	-52.1996
9880.000000	86.960	-52.2563
10000.000000	86.981	-52.5504
10150.000000	87.107	-53.4006
10300.000000	87.332	-54.9806
10440.000000	87.610	-57.2708
10600.000000	87.971	-61.0482
10750.000000	88.299	-65.8190
10900.000000	88.556	-71.7048
11060.000000	88.681	-78.9783
11200.000000	88.624	-85.8394
11380.000000	88.313	-94.7233
11500.000000	87.974	-100.3566
11720.000000	87.143	-109.5161
11800.000000	86.795	-112.3728
12060.000000	85.614	-119.8481
12200.000000	85.001	-122.8992
12410.000000	84.151	-126.3829
12500.000000	83.819	-127.5377
12650.000000	83.314	-129.1052
12800.000000	82.876	-130.2679
13150.000000	82.163	-131.5933
13200.000000	82.099	-131.6333
13400.000000	81.945	-131.3459
13600.000000	82.053	-130.0551
13800.000000	82.641	-128.2867
14000.000000	83.879	-127.8354
14300.000000	86.703	-132.6140
14500.000000	88.764	-140.2955
14750.000000	91.176	-155.5690
15000.000000	93.007	-177.4050
15250.000000	93.736	156.7737
15500.000000	93.303	131.8953
15750.000000	92.166	111.4090
16000.000000	90.952	95.0397
16250.000000	90.028	80.3987
16500.000000	89.717	65.0096
16750.000000	90.150	46.9093
17000.000000	90.809	25.1436
17250.000000	91.189	0.0130
17500.000000	91.051	-26.9658
17750.000000	90.405	-54.0257
18000.000000	89.445	-80.2413
18250.000000	88.356	-105.7111
18500.000000	87.213	-130.9409
18750.000000	86.029	-156.0258
19000.000000	84.940	179.1143
19250.000000	84.228	152.9875
19500.000000	83.790	123.0441
19750.000000	83.227	89.2258
20000.000000	82.679	57.7549
