* Measurement data measured by REW V5.31
* Source: Input device not selected, no input selected, L, volume: 0.000. Timing signal peak level -41.8 dBFS, measurement signal peak level -41.4 dBFS
* Format: 1M Log Swept Sine, 1 sweep at -12.0 dBFS using an acoustic timing reference
* Dated: 09-Apr-2024 23:49:45
* REW Settings:
*  C-weighting compensation: Off
*  Target level: 75.0 dB
* Note: ; Delay 0.0452 ms (16 mm, 0.61 in) using estimated IR delay relative to Acoustic reference played from  L with no timing offset Clock adjustment: 38.6 ppm
* Measurement: L5 B3S
* Smoothing: 1/24 octave
* Frequency Step: 1/48 octave
* Start Frequency: 20.000 Hz
*
* Freq(Hz)	SPL(dB)	Phase(degrees)
20.000000	93.949	55.6113
20.299999	93.998	54.7227
20.600000	94.049	53.8827
20.900000	94.104	53.0509
21.200001	94.159	52.1936
21.400000	94.192	51.6074
21.799999	94.241	50.4485
22.000000	94.258	49.9068
22.400000	94.288	48.9519
22.700001	94.321	48.3332
23.000000	94.371	47.7335
23.299999	94.435	47.0749
23.600000	94.504	46.3023
24.000000	94.582	45.0946
24.299999	94.617	44.1228
24.700001	94.630	42.8851
25.000000	94.624	42.0808
25.400000	94.615	41.2175
25.799999	94.625	40.5451
26.200001	94.666	39.9480
26.500000	94.719	39.4692
26.900000	94.809	38.6947
27.200001	94.883	37.9681
27.600000	94.968	36.7982
28.000000	95.016	35.4904
28.500000	95.006	33.9822
29.000000	94.952	33.0312
29.500000	94.951	32.7239
30.000000	95.077	32.5072
30.400000	95.244	31.8699
30.700001	95.364	30.9920
31.100000	95.459	29.4261
31.500000	95.443	27.8001
32.000000	95.297	26.4319
32.500000	95.147	26.2217
33.000000	95.141	26.6446
33.500000	95.274	26.6174
34.000000	95.402	25.6908
34.500000	95.411	24.3637
35.000000	95.320	23.3708
35.500000	95.228	22.8882
36.000000	95.187	22.4899
36.500000	95.147	21.8410
37.000000	95.055	21.1487
37.500000	94.949	20.7443
38.200001	94.901	20.1741
38.700001	94.880	19.0583
39.500000	94.577	17.0264
40.000000	94.292	17.1226
40.599998	94.215	18.4661
41.200001	94.488	18.4151
41.799999	94.680	15.8176
42.500000	94.414	12.4903
43.099998	94.027	12.1993
43.700001	93.972	13.6473
44.400002	94.309	13.8137
45.000000	94.533	12.1479
45.500000	94.586	10.5582
46.200001	94.588	8.8983
46.799999	94.581	7.8394
47.500000	94.557	7.0267
48.200001	94.593	6.5005
48.700001	94.637	5.8224
49.400002	94.572	4.7115
50.000000	94.418	4.7375
50.799999	94.447	5.9438
51.500000	94.658	5.5243
52.200001	94.641	3.8296
53.000000	94.380	3.2730
53.799999	94.314	3.9370
54.500000	94.363	3.6063
55.200001	94.321	2.8421
56.000000	94.267	2.2926
57.000000	94.261	1.1415
58.000000	94.165	-0.2404
59.000000	94.062	-1.2863
60.000000	93.925	-1.8698
60.799999	93.889	-1.6757
61.500000	93.956	-1.8144
62.200001	93.991	-2.5360
63.000000	93.923	-3.2634
64.000000	93.841	-3.3067
65.000000	93.844	-3.4632
66.000000	93.816	-4.0175
67.000000	93.750	-4.5636
68.000000	93.669	-4.9971
69.000000	93.602	-5.3867
70.000000	93.539	-5.8876
71.000000	93.468	-6.3898
72.000000	93.400	-6.8649
73.000000	93.328	-7.3437
74.000000	93.253	-7.7305
75.000000	93.190	-8.0626
76.199997	93.125	-8.4930
77.500000	93.060	-8.9701
78.800003	92.997	-9.4642
80.000000	92.938	-9.8623
81.199997	92.886	-10.2632
82.500000	92.812	-10.6932
83.800003	92.722	-11.0189
85.000000	92.629	-11.2164
86.199997	92.534	-11.4165
87.500000	92.420	-11.7390
88.500000	92.302	-12.0515
90.000000	92.143	-11.7377
91.199997	92.153	-11.7870
92.500000	92.127	-12.5015
93.800003	92.066	-12.9097
95.000000	92.033	-13.0895
96.199997	92.001	-13.3982
97.500000	91.927	-13.7058
98.800003	91.840	-13.8405
100.000000	91.770	-13.9064
101.500000	91.702	-14.0163
103.000000	91.629	-14.1201
104.400002	91.558	-14.0322
106.000000	91.482	-13.9996
107.500000	91.386	-14.2520
109.000000	91.268	-14.6058
110.599998	91.172	-14.8782
112.000000	91.133	-14.9919
113.800003	91.109	-14.9284
115.000000	91.086	-14.7931
117.199997	90.953	-14.7711
118.000000	90.874	-14.7814
120.599998	90.597	-14.7386
122.000000	90.513	-14.3450
124.099998	90.481	-14.1117
125.000000	90.456	-14.0656
126.500000	90.416	-13.9650
128.000000	90.407	-14.1580
131.500000	90.221	-15.6469
132.000000	90.175	-15.4055
134.000000	90.113	-13.5519
136.000000	90.133	-12.0414
138.000000	90.128	-10.9970
140.000000	90.155	-10.6606
143.000000	90.209	-10.6480
145.000000	90.291	-10.5788
147.500000	90.323	-11.0678
150.000000	90.253	-11.8289
152.500000	90.162	-12.1536
155.000000	90.120	-12.1536
157.500000	90.079	-12.2154
160.000000	90.034	-12.2650
162.500000	89.980	-12.3544
165.000000	89.913	-12.1882
167.500000	89.840	-12.0501
170.000000	89.753	-11.8862
172.500000	89.684	-11.6854
175.000000	89.612	-11.5476
177.500000	89.531	-11.2865
180.000000	89.473	-11.0395
182.500000	89.445	-10.9505
185.000000	89.431	-10.9075
187.500000	89.423	-10.7707
190.000000	89.410	-10.5750
192.500000	89.388	-10.3635
195.000000	89.365	-10.1840
197.500000	89.340	-10.0472
200.000000	89.314	-9.9008
203.000000	89.281	-9.6925
206.000000	89.245	-9.4628
209.000000	89.215	-9.2109
212.000000	89.189	-9.0164
214.000000	89.171	-8.8996
218.000000	89.139	-8.6217
220.000000	89.127	-8.4738
224.000000	89.104	-8.2238
227.000000	89.087	-8.0382
230.000000	89.073	-7.8437
233.000000	89.057	-7.6542
236.000000	89.040	-7.4835
240.000000	89.022	-7.3134
243.000000	89.010	-7.1674
247.000000	88.996	-6.9660
250.000000	88.982	-6.7979
254.000000	88.960	-6.5148
258.000000	88.939	-6.2715
262.000000	88.918	-6.0501
265.000000	88.904	-5.8939
269.000000	88.881	-5.6104
272.000000	88.866	-5.3400
276.000000	88.846	-4.9701
280.000000	88.817	-4.5092
285.000000	88.805	-3.6617
290.000000	88.856	-2.6613
295.000000	88.983	-1.8512
300.000000	89.162	-1.5774
304.000000	89.285	-1.7661
307.000000	89.346	-2.0884
311.000000	89.393	-2.5978
315.000000	89.415	-3.0334
320.000000	89.418	-3.3561
325.000000	89.417	-3.5799
330.000000	89.413	-3.7236
335.000000	89.410	-3.7571
340.000000	89.404	-3.7821
345.000000	89.403	-3.8013
350.000000	89.409	-3.8310
355.000000	89.413	-3.8686
360.000000	89.416	-3.9276
365.000000	89.422	-3.9424
370.000000	89.428	-3.9353
375.000000	89.431	-3.9460
382.000000	89.440	-3.9291
387.000000	89.453	-3.9544
395.000000	89.470	-4.0108
400.000000	89.477	-4.0289
406.000000	89.488	-4.0710
412.000000	89.498	-4.1137
418.000000	89.505	-4.1425
425.000000	89.516	-4.1893
431.000000	89.528	-4.1862
437.000000	89.540	-4.1788
444.000000	89.553	-4.2227
450.000000	89.565	-4.2973
455.000000	89.574	-4.3221
462.000000	89.586	-4.3592
468.000000	89.595	-4.4208
475.000000	89.604	-4.4878
482.000000	89.617	-4.5182
487.000000	89.628	-4.5391
494.000000	89.640	-4.6072
500.000000	89.646	-4.6638
508.000000	89.656	-4.7184
515.000000	89.670	-4.7793
522.000000	89.678	-4.8402
530.000000	89.685	-4.8765
538.000000	89.697	-4.9218
545.000000	89.712	-4.9754
552.000000	89.725	-4.9981
560.000000	89.737	-5.0481
570.000000	89.748	-5.1299
580.000000	89.763	-5.1695
590.000000	89.778	-5.2280
600.000000	89.791	-5.2934
608.000000	89.802	-5.3248
615.000000	89.812	-5.3420
622.000000	89.824	-5.3602
630.000000	89.840	-5.3754
640.000000	89.853	-5.3778
650.000000	89.866	-5.4130
660.000000	89.880	-5.4629
670.000000	89.897	-5.4855
680.000000	89.920	-5.4891
690.000000	89.940	-5.4852
700.000000	89.960	-5.4823
710.000000	89.981	-5.4731
720.000000	90.004	-5.4397
730.000000	90.025	-5.3919
740.000000	90.047	-5.3394
750.000000	90.071	-5.3027
762.000000	90.104	-5.2358
775.000000	90.142	-5.1499
788.000000	90.180	-5.0621
800.000000	90.214	-4.9699
812.000000	90.253	-4.8737
825.000000	90.299	-4.7628
838.000000	90.345	-4.6509
850.000000	90.396	-4.5443
862.000000	90.453	-4.4348
875.000000	90.518	-4.2984
885.000000	90.566	-4.1973
900.000000	90.639	-4.0561
912.000000	90.709	-3.9755
925.000000	90.788	-3.8888
938.000000	90.863	-3.8038
950.000000	90.920	-3.7665
962.000000	90.965	-3.7485
975.000000	91.023	-3.7198
988.000000	91.113	-3.7215
1000.000000	91.215	-3.7527
1015.000000	91.348	-3.8250
1030.000000	91.480	-3.9351
1044.000000	91.592	-4.0740
1060.000000	91.714	-4.2769
1075.000000	91.826	-4.5053
1090.000000	91.936	-4.7737
1106.000000	92.050	-5.1102
1120.000000	92.148	-5.4499
1138.000000	92.273	-5.9261
1150.000000	92.355	-6.2709
1172.000000	92.496	-6.9606
1180.000000	92.547	-7.2256
1206.000000	92.708	-8.1442
1220.000000	92.789	-8.6583
1241.000000	92.906	-9.4294
1250.000000	92.955	-9.7721
1265.000000	93.037	-10.3653
1280.000000	93.117	-10.9559
1315.000000	93.303	-12.3525
1320.000000	93.329	-12.5575
1340.000000	93.431	-13.3801
1360.000000	93.527	-14.1859
1380.000000	93.619	-14.9625
1400.000000	93.708	-15.7272
1430.000000	93.839	-16.8584
1450.000000	93.923	-17.5944
1475.000000	94.023	-18.5174
1500.000000	94.124	-19.4259
1525.000000	94.223	-20.3168
1550.000000	94.321	-21.1831
1575.000000	94.419	-22.0264
1600.000000	94.517	-22.8512
1625.000000	94.617	-23.6573
1650.000000	94.716	-24.4456
1675.000000	94.814	-25.2134
1700.000000	94.914	-25.9959
1725.000000	95.017	-26.7863
1750.000000	95.121	-27.5571
1775.000000	95.227	-28.3180
1800.000000	95.338	-29.0725
1825.000000	95.453	-29.8201
1850.000000	95.572	-30.5739
1875.000000	95.693	-31.3312
1900.000000	95.814	-32.0938
1925.000000	95.937	-32.8602
1950.000000	96.063	-33.6313
1975.000000	96.190	-34.4122
2000.000000	96.320	-35.2146
2030.000000	96.479	-36.1946
2060.000000	96.640	-37.1978
2090.000000	96.807	-38.2336
2120.000000	96.978	-39.2865
2140.000000	97.093	-39.9954
2180.000000	97.325	-41.4521
2200.000000	97.444	-42.2013
2240.000000	97.685	-43.7358
2270.000000	97.869	-44.9464
2300.000000	98.054	-46.2046
2330.000000	98.240	-47.5101
2360.000000	98.429	-48.8735
2400.000000	98.679	-50.7704
2430.000000	98.867	-52.2513
2470.000000	99.117	-54.3103
2500.000000	99.303	-55.9187
2540.000000	99.547	-58.1579
2580.000000	99.786	-60.5072
2620.000000	100.016	-62.9543
2650.000000	100.182	-64.8569
2690.000000	100.393	-67.4892
2720.000000	100.542	-69.5249
2760.000000	100.728	-72.3217
2800.000000	100.895	-75.2147
2850.000000	101.075	-78.9402
2900.000000	101.221	-82.7421
2950.000000	101.330	-86.5764
3000.000000	101.402	-90.3926
3040.000000	101.434	-93.4013
3070.000000	101.445	-95.6126
3110.000000	101.449	-98.4855
3150.000000	101.450	-101.2656
3200.000000	101.457	-104.6556
3250.000000	101.468	-108.0586
3300.000000	101.469	-111.5246
3350.000000	101.437	-114.9926
3400.000000	101.357	-118.3666
3450.000000	101.236	-121.5895
3500.000000	101.083	-124.6231
3550.000000	100.910	-127.4357
3600.000000	100.731	-130.0348
3650.000000	100.562	-132.4358
3700.000000	100.414	-134.6775
3750.000000	100.289	-136.8002
3820.000000	100.154	-139.6202
3870.000000	100.073	-141.5621
3950.000000	99.951	-144.5576
4000.000000	99.869	-146.3721
4060.000000	99.748	-148.5081
4120.000000	99.611	-150.6035
4180.000000	99.467	-152.6743
4250.000000	99.303	-155.0711
4310.000000	99.175	-157.1163
4370.000000	99.062	-159.1638
4440.000000	98.946	-161.5753
4500.000000	98.857	-163.6780
4550.000000	98.789	-165.4586
4620.000000	98.696	-167.9913
4680.000000	98.617	-170.2047
4750.000000	98.518	-172.8281
4820.000000	98.411	-175.4534
4870.000000	98.327	-177.3143
4940.000000	98.201	-179.8658
5000.000000	98.084	178.0572
5080.000000	97.917	175.5031
5150.000000	97.769	173.4957
5220.000000	97.627	171.6797
5300.000000	97.482	169.7885
5380.000000	97.366	168.0123
5450.000000	97.297	166.4880
5520.000000	97.268	164.9044
5600.000000	97.292	162.8791
5700.000000	97.402	159.7344
5800.000000	97.537	155.5225
5900.000000	97.577	150.0742
6000.000000	97.385	143.8444
6080.000000	97.014	138.9772
6150.000000	96.548	135.2988
6220.000000	95.990	132.4280
6300.000000	95.301	130.2706
6400.000000	94.454	129.1808
6500.000000	93.713	129.5924
6600.000000	93.140	131.0612
6700.000000	92.754	133.0921
6800.000000	92.547	135.1953
6900.000000	92.482	137.1073
7000.000000	92.528	138.7545
7100.000000	92.666	140.1442
7200.000000	92.885	141.2777
7300.000000	93.188	142.2441
7400.000000	93.607	142.9774
7500.000000	94.135	143.0499
7620.000000	94.860	142.3112
7750.000000	95.793	140.4019
7880.000000	96.896	136.7123
8000.000000	98.038	130.9626
8120.000000	99.174	122.1959
8250.000000	100.118	109.0279
8380.000000	100.436	93.1992
8500.000000	100.034	78.5035
8620.000000	99.069	65.8858
8750.000000	97.679	55.7196
8850.000000	96.554	50.3033
9000.000000	94.978	45.1631
9120.000000	93.878	42.8210
9250.000000	92.857	41.3958
9380.000000	91.999	40.6858
9500.000000	91.339	40.3748
9620.000000	90.798	40.2577
9750.000000	90.337	40.2335
9880.000000	89.995	40.1831
10000.000000	89.777	40.0074
10150.000000	89.628	39.4496
10300.000000	89.604	38.2903
10440.000000	89.671	36.5578
10600.000000	89.821	33.6514
10750.000000	89.987	29.8612
10900.000000	90.120	24.9644
11060.000000	90.162	18.5931
11200.000000	90.063	12.3392
11380.000000	89.711	3.9730
11500.000000	89.340	-1.4870
11720.000000	88.415	-10.6348
11800.000000	88.016	-13.5511
12060.000000	86.622	-21.2285
12200.000000	85.864	-24.2822
12410.000000	84.774	-27.6729
12500.000000	84.333	-28.7673
12650.000000	83.642	-30.1730
12800.000000	83.007	-31.1172
13150.000000	81.767	-31.7334
13200.000000	81.620	-31.6469
13400.000000	81.111	-30.7509
13600.000000	80.797	-28.7285
13800.000000	80.878	-25.7902
14000.000000	81.536	-23.4328
14300.000000	83.423	-23.5549
14500.000000	84.868	-26.4104
14750.000000	86.684	-32.6803
15000.000000	88.561	-42.3190
15250.000000	90.366	-56.4512
15500.000000	91.754	-75.4795
15750.000000	92.328	-97.7599
16000.000000	92.025	-120.1742
16250.000000	91.131	-140.3256
16500.000000	90.297	-157.9374
16750.000000	90.127	-174.4291
17000.000000	90.526	168.4140
17250.000000	91.213	149.1277
17500.000000	91.954	126.7164
17750.000000	92.489	100.9807
18000.000000	92.631	72.6655
18250.000000	92.321	42.9350
18500.000000	91.598	12.7029
18750.000000	90.547	-17.3767
19000.000000	89.331	-46.8673
19250.000000	88.281	-76.5999
19500.000000	87.481	-108.9728
19750.000000	86.644	-144.6736
20000.000000	85.929	-177.1837
