* Measurement data measured by REW V5.31
* Source: Input device not selected, no input selected, L, volume: 0.000. Timing signal peak level -42.6 dBFS, measurement signal peak level -41.8 dBFS
* Format: 1M Log Swept Sine, 1 sweep at -12.0 dBFS using an acoustic timing reference
* Dated: 09-Apr-2024 23:48:27
* REW Settings:
*  C-weighting compensation: Off
*  Target level: 75.0 dB
* Note: ; Delay -0.1863 ms (-64 mm, -2.52 in) using estimated IR delay relative to Acoustic reference played from  L with no timing offset Clock adjustment: -79.3 ppm
* Measurement: L2 B3S
* Smoothing: 1/24 octave
* Frequency Step: 1/48 octave
* Start Frequency: 20.000 Hz
*
* Freq(Hz)	SPL(dB)	Phase(degrees)
20.000000	93.777	54.3698
20.299999	93.818	53.2022
20.600000	93.845	52.1364
20.900000	93.870	51.2008
21.200001	93.907	50.3554
21.400000	93.941	49.7999
21.799999	94.020	48.6125
22.000000	94.057	47.9662
22.400000	94.109	46.6325
22.700001	94.124	45.7036
23.000000	94.129	44.9248
23.299999	94.140	44.3139
23.600000	94.172	43.8127
24.000000	94.255	43.1222
24.299999	94.334	42.4609
24.700001	94.428	41.3362
25.000000	94.470	40.3810
25.400000	94.480	39.1455
25.799999	94.453	38.1377
26.200001	94.423	37.4288
26.500000	94.416	37.0431
26.900000	94.441	36.5792
27.200001	94.483	36.1652
27.600000	94.556	35.4138
28.000000	94.627	34.3877
28.500000	94.681	32.7794
29.000000	94.674	31.0234
29.500000	94.609	29.4069
30.000000	94.521	28.1154
30.400000	94.464	27.3007
30.700001	94.434	26.7571
31.100000	94.407	26.0543
31.500000	94.380	25.3755
32.000000	94.331	24.7317
32.500000	94.290	24.5763
33.000000	94.326	24.8961
33.500000	94.482	25.1748
34.000000	94.701	24.8139
34.500000	94.864	23.7684
35.000000	94.903	22.5979
35.500000	94.862	21.8507
36.000000	94.824	21.4604
36.500000	94.792	20.9101
37.000000	94.668	20.1574
37.500000	94.405	20.0448
38.200001	94.137	22.1238
38.700001	94.301	23.4319
39.500000	94.663	20.7288
40.000000	94.444	17.4177
40.599998	93.725	15.8929
41.200001	93.254	18.7975
41.799999	93.615	21.4745
42.500000	94.261	19.0513
43.099998	94.357	14.9486
43.700001	94.162	12.2513
44.400002	94.061	11.2350
45.000000	94.141	10.4303
45.500000	94.188	9.4972
46.200001	94.181	8.5858
46.799999	94.192	8.2715
47.500000	94.220	7.8664
48.200001	94.193	7.4297
48.700001	94.153	7.2465
49.400002	94.102	7.0171
50.000000	94.049	6.6813
50.799999	93.952	6.1443
51.500000	93.871	5.6832
52.200001	93.814	5.1243
53.000000	93.765	4.2924
53.799999	93.708	3.4213
54.500000	93.650	2.8780
55.200001	93.612	2.6185
56.000000	93.609	2.4206
57.000000	93.608	1.9461
58.000000	93.540	1.4160
59.000000	93.432	1.0386
60.000000	93.309	0.6679
60.799999	93.208	0.4078
61.500000	93.137	0.2236
62.200001	93.092	0.0099
63.000000	93.061	-0.3434
64.000000	93.011	-0.8067
65.000000	92.955	-0.8907
66.000000	92.948	-0.6960
67.000000	92.983	-0.7014
68.000000	93.006	-1.2123
69.000000	92.949	-1.9753
70.000000	92.867	-2.4719
71.000000	92.814	-3.0190
72.000000	92.743	-3.5890
73.000000	92.674	-3.8956
74.000000	92.609	-4.0955
75.000000	92.531	-4.1410
76.199997	92.440	-4.1705
77.500000	92.335	-4.3683
78.800003	92.244	-4.8611
80.000000	92.175	-5.3941
81.199997	92.140	-5.8050
82.500000	92.104	-5.9258
83.800003	92.040	-5.6661
85.000000	91.914	-5.2817
86.199997	91.706	-5.1410
87.500000	91.393	-5.6951
88.500000	91.001	-6.7932
90.000000	90.407	-4.0826
91.199997	90.783	-2.4713
92.500000	91.119	-5.2466
93.800003	91.187	-7.0337
95.000000	91.202	-7.3088
96.199997	91.197	-6.9853
97.500000	91.128	-6.5122
98.800003	91.021	-6.1289
100.000000	90.916	-6.1136
101.500000	90.786	-6.3686
103.000000	90.690	-6.4168
104.400002	90.654	-6.3003
106.000000	90.582	-6.2750
107.500000	90.455	-6.0448
109.000000	90.326	-5.6570
110.599998	90.243	-5.2400
112.000000	90.218	-5.0627
113.800003	90.179	-5.0007
115.000000	90.120	-4.8730
117.199997	89.938	-4.2540
118.000000	89.868	-3.7831
120.599998	89.772	-2.0793
122.000000	89.765	-1.4236
124.099998	89.725	-0.5066
125.000000	89.711	-0.0511
126.500000	89.725	0.4168
128.000000	89.734	0.1802
131.500000	89.691	-0.1559
132.000000	89.705	-0.1050
134.000000	89.761	-0.0132
136.000000	89.762	0.1709
138.000000	89.719	0.2184
140.000000	89.638	0.0954
143.000000	89.524	0.2253
145.000000	89.481	0.4089
147.500000	89.392	0.6391
150.000000	89.287	1.0270
152.500000	89.200	1.4234
155.000000	89.128	1.8647
157.500000	89.073	2.3457
160.000000	89.024	2.8206
162.500000	88.970	3.2978
165.000000	88.911	3.8132
167.500000	88.852	4.3255
170.000000	88.785	4.8024
172.500000	88.702	5.3269
175.000000	88.624	5.8487
177.500000	88.551	6.3386
180.000000	88.492	6.8991
182.500000	88.456	7.4388
185.000000	88.437	7.9517
187.500000	88.423	8.4534
190.000000	88.404	8.9987
192.500000	88.382	9.5622
195.000000	88.358	10.0868
197.500000	88.328	10.5828
200.000000	88.296	11.1094
203.000000	88.263	11.7740
206.000000	88.232	12.4043
209.000000	88.200	13.0008
212.000000	88.171	13.6526
214.000000	88.151	14.0865
218.000000	88.098	14.9664
220.000000	88.071	15.4227
224.000000	88.030	16.2982
227.000000	88.000	16.9224
230.000000	87.966	17.6189
233.000000	87.935	18.4231
236.000000	87.907	19.2936
240.000000	87.894	20.5607
243.000000	87.915	21.5531
247.000000	87.992	22.8259
250.000000	88.073	23.5406
254.000000	88.173	24.1201
258.000000	88.236	24.4173
262.000000	88.264	24.6651
265.000000	88.277	24.9333
269.000000	88.282	25.3489
272.000000	88.276	25.6884
276.000000	88.269	26.1937
280.000000	88.266	26.7244
285.000000	88.256	27.4032
290.000000	88.249	28.1149
295.000000	88.252	28.8416
300.000000	88.258	29.5452
304.000000	88.255	30.1356
307.000000	88.254	30.5772
311.000000	88.258	31.1575
315.000000	88.264	31.7548
320.000000	88.271	32.4812
325.000000	88.278	33.1530
330.000000	88.280	33.8357
335.000000	88.291	34.5538
340.000000	88.304	35.2795
345.000000	88.317	35.9729
350.000000	88.329	36.6619
355.000000	88.337	37.3198
360.000000	88.346	37.9532
365.000000	88.358	38.6222
370.000000	88.366	39.2853
375.000000	88.368	39.9216
382.000000	88.382	40.8016
387.000000	88.394	41.4392
395.000000	88.412	42.4432
400.000000	88.424	43.0673
406.000000	88.436	43.8218
412.000000	88.448	44.5431
418.000000	88.459	45.2663
425.000000	88.473	46.1594
431.000000	88.491	46.9027
437.000000	88.507	47.6308
444.000000	88.520	48.4527
450.000000	88.530	49.1550
455.000000	88.541	49.7480
462.000000	88.554	50.5733
468.000000	88.561	51.2716
475.000000	88.570	52.1152
482.000000	88.584	52.9453
487.000000	88.594	53.5309
494.000000	88.607	54.3481
500.000000	88.616	55.0519
508.000000	88.626	55.9729
515.000000	88.637	56.8040
522.000000	88.650	57.6632
530.000000	88.667	58.6323
538.000000	88.682	59.5628
545.000000	88.692	60.3650
552.000000	88.703	61.1682
560.000000	88.716	62.0788
570.000000	88.736	63.2694
580.000000	88.753	64.4738
590.000000	88.770	65.6475
600.000000	88.785	66.7890
608.000000	88.798	67.7179
615.000000	88.808	68.5427
622.000000	88.817	69.3611
630.000000	88.831	70.3166
640.000000	88.845	71.4968
650.000000	88.861	72.6635
660.000000	88.880	73.8445
670.000000	88.902	75.0622
680.000000	88.922	76.2862
690.000000	88.944	77.4929
700.000000	88.966	78.6951
710.000000	88.987	79.9010
720.000000	89.011	81.1316
730.000000	89.034	82.3764
740.000000	89.057	83.5998
750.000000	89.078	84.8359
762.000000	89.105	86.3064
775.000000	89.145	87.8945
788.000000	89.190	89.5154
800.000000	89.229	91.0259
812.000000	89.264	92.5188
825.000000	89.309	94.1467
838.000000	89.362	95.8081
850.000000	89.413	97.3069
862.000000	89.464	98.7888
875.000000	89.521	100.4143
885.000000	89.568	101.6531
900.000000	89.639	103.4733
912.000000	89.698	104.9214
925.000000	89.771	106.4921
938.000000	89.844	108.0282
950.000000	89.900	109.4289
962.000000	89.938	110.8224
975.000000	89.987	112.3106
988.000000	90.068	113.7726
1000.000000	90.162	115.0916
1015.000000	90.285	116.7044
1030.000000	90.401	118.2944
1044.000000	90.499	119.7261
1060.000000	90.607	121.3349
1075.000000	90.707	122.8098
1090.000000	90.803	124.2384
1106.000000	90.901	125.7141
1120.000000	90.986	126.9839
1138.000000	91.092	128.5750
1150.000000	91.161	129.5989
1172.000000	91.282	131.4157
1180.000000	91.323	132.0686
1206.000000	91.448	134.1568
1220.000000	91.513	135.2627
1241.000000	91.608	136.8940
1250.000000	91.648	137.5892
1265.000000	91.715	138.7402
1280.000000	91.783	139.8787
1315.000000	91.933	142.5567
1320.000000	91.954	142.9391
1340.000000	92.033	144.4636
1360.000000	92.109	145.9953
1380.000000	92.185	147.5602
1400.000000	92.257	149.1333
1430.000000	92.358	151.4939
1450.000000	92.419	153.0930
1475.000000	92.494	155.1732
1500.000000	92.575	157.3437
1525.000000	92.672	159.5912
1550.000000	92.792	161.8408
1575.000000	92.932	163.9718
1600.000000	93.074	165.8934
1625.000000	93.198	167.6857
1650.000000	93.300	169.4666
1675.000000	93.388	171.2958
1700.000000	93.468	173.1694
1725.000000	93.547	175.0968
1750.000000	93.626	177.0794
1775.000000	93.704	179.1051
1800.000000	93.784	-178.8191
1825.000000	93.869	-176.7089
1850.000000	93.961	-174.5797
1875.000000	94.054	-172.4363
1900.000000	94.146	-170.2620
1925.000000	94.238	-168.0225
1950.000000	94.334	-165.7098
1975.000000	94.441	-163.2920
2000.000000	94.567	-160.7505
2030.000000	94.762	-157.6032
2060.000000	95.011	-154.5190
2090.000000	95.306	-151.7013
2120.000000	95.622	-149.2392
2140.000000	95.835	-147.7759
2180.000000	96.255	-145.1900
2200.000000	96.460	-144.0633
2240.000000	96.846	-142.1173
2270.000000	97.105	-140.8335
2300.000000	97.336	-139.6117
2330.000000	97.544	-138.3896
2360.000000	97.738	-137.1435
2400.000000	97.982	-135.4174
2430.000000	98.161	-134.0816
2470.000000	98.403	-132.3003
2500.000000	98.585	-131.0051
2540.000000	98.826	-129.3593
2580.000000	99.062	-127.7996
2620.000000	99.294	-126.3085
2650.000000	99.469	-125.2397
2690.000000	99.702	-123.9381
2720.000000	99.872	-123.0945
2760.000000	100.081	-122.1456
2800.000000	100.259	-121.3426
2850.000000	100.434	-120.4276
2900.000000	100.561	-119.5103
2950.000000	100.647	-118.5330
3000.000000	100.701	-117.4319
3040.000000	100.731	-116.4363
3070.000000	100.752	-115.6322
3110.000000	100.786	-114.5389
3150.000000	100.828	-113.4908
3200.000000	100.878	-112.2899
3250.000000	100.907	-111.1702
3300.000000	100.906	-110.0181
3350.000000	100.870	-108.7542
3400.000000	100.796	-107.3419
3450.000000	100.692	-105.7588
3500.000000	100.568	-103.9978
3550.000000	100.435	-102.0884
3600.000000	100.305	-100.0615
3650.000000	100.182	-97.9345
3700.000000	100.073	-95.7180
3750.000000	99.981	-93.4141
3820.000000	99.883	-90.0491
3870.000000	99.826	-87.5620
3950.000000	99.744	-83.4522
4000.000000	99.688	-80.8204
4060.000000	99.603	-77.6334
4120.000000	99.510	-74.4549
4180.000000	99.411	-71.2976
4250.000000	99.301	-67.6597
4310.000000	99.221	-64.5930
4370.000000	99.155	-61.5781
4440.000000	99.095	-58.1345
4500.000000	99.051	-55.2529
4550.000000	99.018	-52.9118
4620.000000	98.971	-49.7269
4680.000000	98.924	-47.0713
4750.000000	98.853	-44.0259
4820.000000	98.760	-40.9765
4870.000000	98.680	-38.7505
4940.000000	98.554	-35.4828
5000.000000	98.438	-32.4728
5080.000000	98.286	-28.1505
5150.000000	98.169	-24.1143
5220.000000	98.072	-19.8892
5300.000000	97.996	-14.9181
5380.000000	97.966	-9.9135
5450.000000	97.988	-5.5853
5520.000000	98.062	-1.3580
5600.000000	98.222	3.2122
5700.000000	98.528	8.2002
5800.000000	98.889	11.9524
5900.000000	99.185	14.2321
6000.000000	99.267	15.4257
6080.000000	99.121	16.2680
6150.000000	98.854	17.4262
6220.000000	98.493	19.2692
6300.000000	98.031	22.3815
6400.000000	97.479	27.7657
6500.000000	97.061	34.5018
6600.000000	96.855	41.9936
6700.000000	96.893	49.5454
6800.000000	97.150	56.5199
6900.000000	97.586	62.4959
7000.000000	98.152	67.1252
7100.000000	98.793	70.0609
7200.000000	99.425	71.0117
7300.000000	99.935	69.8912
7400.000000	100.204	66.9210
7500.000000	100.096	62.6597
7620.000000	99.359	57.7366
7750.000000	97.976	54.8539
7880.000000	96.298	55.4581
8000.000000	94.722	58.8292
8120.000000	93.256	64.2425
8250.000000	91.844	71.7242
8380.000000	90.622	80.3354
8500.000000	89.649	88.9211
8620.000000	88.807	97.9072
8750.000000	88.033	107.9403
8850.000000	87.531	115.8113
9000.000000	86.914	127.6893
9120.000000	86.517	137.1787
9250.000000	86.177	147.3706
9380.000000	85.918	157.4402
9500.000000	85.751	166.5779
9620.000000	85.656	175.5040
9750.000000	85.629	-175.1061
9880.000000	85.683	-166.0469
10000.000000	85.810	-158.0355
10150.000000	86.062	-148.6532
10300.000000	86.399	-140.1266
10440.000000	86.771	-133.0936
10600.000000	87.227	-126.3127
10750.000000	87.626	-121.2903
10900.000000	87.929	-117.5014
11060.000000	88.084	-114.4583
11200.000000	88.043	-112.2087
11380.000000	87.753	-109.2348
11500.000000	87.436	-106.9047
11720.000000	86.678	-101.4848
11800.000000	86.363	-99.0828
12060.000000	85.331	-89.5928
12200.000000	84.812	-83.6155
12410.000000	84.121	-73.7778
12500.000000	83.866	-69.2929
12650.000000	83.504	-61.5612
12800.000000	83.229	-53.5515
13150.000000	82.965	-33.9442
13200.000000	82.976	-31.0945
13400.000000	83.152	-19.5682
13600.000000	83.645	-7.7205
13800.000000	84.700	3.6835
14000.000000	86.481	12.5984
14300.000000	89.998	17.0282
14500.000000	92.121	12.7577
14750.000000	93.689	0.9252
15000.000000	93.728	-12.6091
15250.000000	92.649	-22.0010
15500.000000	91.265	-25.8260
15750.000000	90.088	-26.1923
16000.000000	89.305	-25.8422
16250.000000	88.888	-27.1312
16500.000000	88.896	-31.6978
16750.000000	89.236	-40.1318
17000.000000	89.357	-51.4871
17250.000000	88.964	-63.8567
17500.000000	88.146	-75.6663
17750.000000	87.118	-86.3826
18000.000000	86.070	-96.5319
18250.000000	85.076	-106.8481
18500.000000	84.099	-117.7405
18750.000000	83.092	-129.1638
19000.000000	82.203	-141.0488
19250.000000	81.713	-154.8187
19500.000000	81.466	-172.7339
19750.000000	81.038	165.5254
20000.000000	80.568	148.3073
