* Measurement data measured by REW V5.31
* Source: Input device not selected, no input selected, L, volume: 0.000. Timing signal peak level -41.7 dBFS, measurement signal peak level -40.7 dBFS
* Format: 1M Log Swept Sine, 1 sweep at -12.0 dBFS using an acoustic timing reference
* Dated: 09-Apr-2024 23:50:28
* REW Settings:
*  C-weighting compensation: Off
*  Target level: 75.0 dB
* Note: ; Delay -0.0124 ms (-4.3 mm, -0.17 in) using estimated IR delay relative to Acoustic reference played from  L with no timing offset Clock adjustment: -22.7 ppm
* Measurement: L6 B3S
* Smoothing: 1/24 octave
* Frequency Step: 1/48 octave
* Start Frequency: 20.000 Hz
*
* Freq(Hz)	SPL(dB)	Phase(degrees)
20.000000	94.054	56.4447
20.299999	94.119	55.4446
20.600000	94.178	54.5016
20.900000	94.236	53.6070
21.200001	94.296	52.7389
21.400000	94.336	52.1630
21.799999	94.415	50.9970
22.000000	94.452	50.4023
22.400000	94.519	49.1894
22.700001	94.560	48.2672
23.000000	94.592	47.3500
23.299999	94.612	46.4628
23.600000	94.622	45.6390
24.000000	94.630	44.6898
24.299999	94.643	44.0948
24.700001	94.685	43.3817
25.000000	94.738	42.8126
25.400000	94.822	41.8849
25.799999	94.893	40.7538
26.200001	94.924	39.5726
26.500000	94.924	38.7883
26.900000	94.918	37.9790
27.200001	94.929	37.5137
27.600000	94.975	36.9046
28.000000	95.037	36.1302
28.500000	95.074	34.9599
29.000000	95.042	33.9802
29.500000	95.001	33.5307
30.000000	95.030	33.3737
30.400000	95.106	33.0907
30.700001	95.168	32.6837
31.100000	95.233	31.9351
31.500000	95.270	31.0895
32.000000	95.298	30.0124
32.500000	95.322	28.8317
33.000000	95.318	27.4930
33.500000	95.265	26.1960
34.000000	95.194	25.1856
34.500000	95.153	24.4395
35.000000	95.158	23.7233
35.500000	95.187	22.9079
36.000000	95.227	22.0161
36.500000	95.275	21.0333
37.000000	95.309	19.9248
37.500000	95.293	18.8658
38.200001	95.215	18.1056
38.700001	95.216	18.0658
39.500000	95.338	17.5316
40.000000	95.363	16.6254
40.599998	95.265	15.6293
41.200001	95.112	15.2722
41.799999	94.991	15.3671
42.500000	94.896	15.6772
43.099998	94.880	16.0783
43.700001	94.975	16.1591
44.400002	95.139	15.0665
45.000000	95.182	13.3601
45.500000	95.125	11.9908
46.200001	94.997	10.7235
46.799999	94.914	10.1624
47.500000	94.873	9.8613
48.200001	94.911	9.6938
48.700001	94.981	9.3319
49.400002	95.044	8.2512
50.000000	94.986	7.2570
50.799999	94.836	6.8802
51.500000	94.812	6.9784
52.200001	94.841	6.3338
53.000000	94.744	5.1118
53.799999	94.594	4.5812
54.500000	94.557	4.3366
55.200001	94.558	3.6614
56.000000	94.516	2.6746
57.000000	94.432	1.7814
58.000000	94.350	1.3483
59.000000	94.309	1.3690
60.000000	94.321	1.3542
60.799999	94.339	1.1724
61.500000	94.357	0.8389
62.200001	94.360	0.3014
63.000000	94.332	-0.3916
64.000000	94.292	-1.2557
65.000000	94.225	-2.3550
66.000000	94.089	-3.1271
67.000000	93.983	-3.3485
68.000000	93.916	-3.5176
69.000000	93.860	-3.6862
70.000000	93.815	-3.8825
71.000000	93.780	-4.1895
72.000000	93.738	-4.6760
73.000000	93.671	-5.1408
74.000000	93.606	-5.4574
75.000000	93.553	-5.7368
76.199997	93.493	-6.1085
77.500000	93.413	-6.5601
78.800003	93.328	-6.8921
80.000000	93.268	-7.2044
81.199997	93.212	-7.4732
82.500000	93.164	-7.6977
83.800003	93.094	-7.9120
85.000000	93.003	-8.0522
86.199997	92.885	-8.2599
87.500000	92.738	-8.6900
88.500000	92.587	-9.1655
90.000000	92.399	-8.7727
91.199997	92.468	-8.6615
92.500000	92.531	-9.4719
93.800003	92.525	-10.1938
95.000000	92.465	-10.5396
96.199997	92.401	-10.6392
97.500000	92.324	-10.7281
98.800003	92.263	-10.7038
100.000000	92.233	-10.7814
101.500000	92.180	-10.8466
103.000000	92.136	-10.7202
104.400002	92.094	-10.8533
106.000000	91.980	-11.3154
107.500000	91.837	-11.4556
109.000000	91.744	-11.3553
110.599998	91.663	-11.3882
112.000000	91.551	-11.3814
113.800003	91.412	-11.2664
115.000000	91.351	-11.5291
117.199997	91.281	-12.3085
118.000000	91.281	-12.4640
120.599998	91.287	-12.2623
122.000000	91.250	-11.5487
124.099998	91.154	-11.0114
125.000000	91.071	-11.1339
126.500000	90.903	-11.4035
128.000000	90.783	-11.3784
131.500000	90.864	-10.6425
132.000000	90.885	-10.5973
134.000000	90.869	-10.6240
136.000000	90.695	-10.3319
138.000000	90.502	-9.8035
140.000000	90.328	-9.5721
143.000000	90.098	-9.7003
145.000000	89.991	-9.4734
147.500000	89.983	-8.7400
150.000000	90.118	-7.3136
152.500000	90.292	-5.5959
155.000000	90.397	-4.6174
157.500000	90.382	-4.4447
160.000000	90.389	-4.9822
162.500000	90.400	-5.6551
165.000000	90.386	-5.5673
167.500000	90.343	-5.5416
170.000000	90.255	-5.6991
172.500000	90.177	-5.7381
175.000000	90.111	-5.5643
177.500000	90.048	-5.4375
180.000000	89.983	-5.3044
182.500000	89.949	-5.0037
185.000000	89.937	-4.7076
187.500000	89.919	-4.4372
190.000000	89.898	-4.1257
192.500000	89.880	-3.8199
195.000000	89.853	-3.5163
197.500000	89.828	-3.2144
200.000000	89.802	-3.0175
203.000000	89.762	-2.6936
206.000000	89.734	-2.2979
209.000000	89.713	-2.0118
212.000000	89.692	-1.7623
214.000000	89.679	-1.5653
218.000000	89.654	-1.1386
220.000000	89.638	-0.9455
224.000000	89.605	-0.5614
227.000000	89.586	-0.2284
230.000000	89.577	0.0822
233.000000	89.575	0.3917
236.000000	89.569	0.6978
240.000000	89.544	1.0957
243.000000	89.530	1.3516
247.000000	89.523	1.6785
250.000000	89.519	1.9655
254.000000	89.511	2.3660
258.000000	89.505	2.7164
262.000000	89.503	3.0058
265.000000	89.507	3.2467
269.000000	89.512	3.5957
272.000000	89.510	3.8380
276.000000	89.502	4.1315
280.000000	89.501	4.4534
285.000000	89.503	4.8293
290.000000	89.504	5.1729
295.000000	89.503	5.5761
300.000000	89.500	5.9177
304.000000	89.496	6.2328
307.000000	89.494	6.4892
311.000000	89.490	6.8438
315.000000	89.481	7.2335
320.000000	89.476	7.8172
325.000000	89.499	8.5025
330.000000	89.554	9.1414
335.000000	89.622	9.6603
340.000000	89.697	9.9928
345.000000	89.768	10.1390
350.000000	89.828	10.1602
355.000000	89.872	10.1415
360.000000	89.897	10.1638
365.000000	89.907	10.1732
370.000000	89.912	10.2071
375.000000	89.917	10.2974
382.000000	89.925	10.4932
387.000000	89.932	10.6456
395.000000	89.944	10.8874
400.000000	89.950	11.0665
406.000000	89.956	11.3102
412.000000	89.963	11.5325
418.000000	89.972	11.7400
425.000000	89.985	11.9661
431.000000	89.995	12.1836
437.000000	90.002	12.4022
444.000000	90.014	12.6332
450.000000	90.023	12.8294
455.000000	90.031	12.9926
462.000000	90.045	13.2269
468.000000	90.056	13.4684
475.000000	90.063	13.7340
482.000000	90.070	13.9679
487.000000	90.079	14.1376
494.000000	90.091	14.3738
500.000000	90.097	14.5689
508.000000	90.107	14.8613
515.000000	90.118	15.1351
522.000000	90.129	15.3818
530.000000	90.141	15.6295
538.000000	90.152	15.8635
545.000000	90.161	16.0938
552.000000	90.172	16.3646
560.000000	90.182	16.6915
570.000000	90.193	17.0533
580.000000	90.205	17.4082
590.000000	90.217	17.7636
600.000000	90.231	18.1273
608.000000	90.243	18.4446
615.000000	90.255	18.7131
622.000000	90.266	18.9645
630.000000	90.278	19.2825
640.000000	90.293	19.6784
650.000000	90.308	20.0842
660.000000	90.323	20.4970
670.000000	90.338	20.8998
680.000000	90.355	21.3179
690.000000	90.374	21.7644
700.000000	90.392	22.2174
710.000000	90.410	22.6478
720.000000	90.431	23.0767
730.000000	90.453	23.5349
740.000000	90.478	24.0171
750.000000	90.504	24.4856
762.000000	90.533	25.0551
775.000000	90.568	25.6995
788.000000	90.605	26.3241
800.000000	90.643	26.9404
812.000000	90.684	27.5387
825.000000	90.732	28.2028
838.000000	90.784	28.8687
850.000000	90.834	29.4805
862.000000	90.886	30.0858
875.000000	90.946	30.7581
885.000000	90.995	31.2882
900.000000	91.071	32.0621
912.000000	91.137	32.6504
925.000000	91.215	33.2800
938.000000	91.292	33.9172
950.000000	91.353	34.4723
962.000000	91.398	35.0038
975.000000	91.457	35.5732
988.000000	91.549	36.1337
1000.000000	91.655	36.6226
1015.000000	91.792	37.1677
1030.000000	91.925	37.6597
1044.000000	92.042	38.1034
1060.000000	92.170	38.5616
1075.000000	92.286	38.9635
1090.000000	92.401	39.3108
1106.000000	92.522	39.6113
1120.000000	92.628	39.8327
1138.000000	92.761	40.0802
1150.000000	92.846	40.2171
1172.000000	92.996	40.3937
1180.000000	93.048	40.4421
1206.000000	93.215	40.5676
1220.000000	93.302	40.6022
1241.000000	93.428	40.6168
1250.000000	93.481	40.6086
1265.000000	93.569	40.5856
1280.000000	93.655	40.5627
1315.000000	93.852	40.4918
1320.000000	93.879	40.4791
1340.000000	93.983	40.4207
1360.000000	94.083	40.3620
1380.000000	94.181	40.3085
1400.000000	94.275	40.2622
1430.000000	94.408	40.2126
1450.000000	94.495	40.1873
1475.000000	94.599	40.1751
1500.000000	94.699	40.1846
1525.000000	94.798	40.2162
1550.000000	94.898	40.2567
1575.000000	94.997	40.3117
1600.000000	95.094	40.3854
1625.000000	95.192	40.4862
1650.000000	95.289	40.5945
1675.000000	95.388	40.7028
1700.000000	95.488	40.8153
1725.000000	95.589	40.9422
1750.000000	95.692	41.0743
1775.000000	95.798	41.2062
1800.000000	95.906	41.3359
1825.000000	96.016	41.4711
1850.000000	96.130	41.5962
1875.000000	96.248	41.7075
1900.000000	96.368	41.8172
1925.000000	96.489	41.9233
1950.000000	96.612	42.0152
1975.000000	96.737	42.0926
2000.000000	96.865	42.1635
2030.000000	97.020	42.2338
2060.000000	97.178	42.2864
2090.000000	97.340	42.3080
2120.000000	97.506	42.2949
2140.000000	97.619	42.2717
2180.000000	97.847	42.1745
2200.000000	97.963	42.1004
2240.000000	98.200	41.8977
2270.000000	98.380	41.6952
2300.000000	98.561	41.4469
2330.000000	98.745	41.1442
2360.000000	98.931	40.7997
2400.000000	99.179	40.2600
2430.000000	99.364	39.7800
2470.000000	99.610	39.0468
2500.000000	99.792	38.4320
2540.000000	100.032	37.5192
2580.000000	100.266	36.5016
2620.000000	100.492	35.3727
2650.000000	100.656	34.4492
2690.000000	100.865	33.1225
2720.000000	101.013	32.0562
2760.000000	101.197	30.5512
2800.000000	101.363	28.9522
2850.000000	101.543	26.8454
2900.000000	101.690	24.6408
2950.000000	101.802	22.3741
3000.000000	101.876	20.0787
3040.000000	101.908	18.2499
3070.000000	101.919	16.8972
3110.000000	101.917	15.1408
3150.000000	101.902	13.4632
3200.000000	101.876	11.5046
3250.000000	101.849	9.6796
3300.000000	101.827	7.9225
3350.000000	101.793	6.1722
3400.000000	101.725	4.4347
3450.000000	101.620	2.7744
3500.000000	101.482	1.2444
3550.000000	101.324	-0.1412
3600.000000	101.159	-1.3828
3650.000000	100.996	-2.4902
3700.000000	100.844	-3.4781
3750.000000	100.708	-4.3514
3820.000000	100.543	-5.4034
3870.000000	100.436	-6.0452
3950.000000	100.267	-6.9301
4000.000000	100.152	-7.4055
4060.000000	99.990	-7.9122
4120.000000	99.807	-8.3435
4180.000000	99.614	-8.6952
4250.000000	99.397	-9.0191
4310.000000	99.231	-9.2566
4370.000000	99.087	-9.4977
4440.000000	98.944	-9.8176
4500.000000	98.835	-10.1557
4550.000000	98.750	-10.4811
4620.000000	98.634	-11.0017
4680.000000	98.535	-11.5021
4750.000000	98.415	-12.1470
4820.000000	98.285	-12.8327
4870.000000	98.186	-13.3215
4940.000000	98.035	-13.9648
5000.000000	97.892	-14.4316
5080.000000	97.683	-14.8679
5150.000000	97.491	-15.0163
5220.000000	97.295	-14.9415
5300.000000	97.086	-14.6063
5380.000000	96.904	-14.0719
5450.000000	96.783	-13.5262
5520.000000	96.710	-12.9909
5600.000000	96.695	-12.5126
5700.000000	96.783	-12.4468
5800.000000	96.940	-13.4969
5900.000000	97.046	-16.0135
6000.000000	96.941	-19.7143
6080.000000	96.630	-22.8616
6150.000000	96.195	-25.2088
6220.000000	95.640	-26.8415
6300.000000	94.920	-27.6246
6400.000000	93.995	-26.9567
6500.000000	93.143	-24.6857
6600.000000	92.440	-21.2419
6700.000000	91.910	-17.1686
6800.000000	91.540	-12.9347
6900.000000	91.300	-8.8005
7000.000000	91.154	-4.8521
7100.000000	91.081	-1.1000
7200.000000	91.060	2.4565
7300.000000	91.088	5.9543
7400.000000	91.191	9.3816
7500.000000	91.350	12.3994
7620.000000	91.560	15.7944
7750.000000	91.850	19.5301
7880.000000	92.264	23.1877
8000.000000	92.797	26.2666
8120.000000	93.500	28.8322
8250.000000	94.456	30.6878
8380.000000	95.612	31.1370
8500.000000	96.831	29.7530
8620.000000	98.119	25.9826
8750.000000	99.421	18.6011
8850.000000	100.187	10.5929
9000.000000	100.660	-3.8129
9120.000000	100.364	-15.3442
9250.000000	99.500	-25.7140
9380.000000	98.330	-32.9781
9500.000000	97.199	-37.0836
9620.000000	96.146	-39.2658
9750.000000	95.156	-40.1586
9880.000000	94.339	-40.1069
10000.000000	93.733	-39.6013
10150.000000	93.160	-38.7217
10300.000000	92.765	-37.9304
10440.000000	92.537	-37.5345
10600.000000	92.405	-37.7547
10750.000000	92.361	-38.8499
10900.000000	92.339	-40.9573
11060.000000	92.276	-44.3568
11200.000000	92.131	-48.1512
11380.000000	91.752	-53.7282
11500.000000	91.364	-57.5781
11720.000000	90.384	-64.1829
11800.000000	89.954	-66.2409
12060.000000	88.397	-71.1851
12200.000000	87.521	-72.7907
12410.000000	86.229	-73.9612
12500.000000	85.695	-74.0607
12650.000000	84.838	-73.7672
12800.000000	84.025	-72.9464
13150.000000	82.360	-69.1993
13200.000000	82.151	-68.4761
13400.000000	81.380	-65.0434
13600.000000	80.776	-60.3961
13800.000000	80.537	-54.7569
14000.000000	80.850	-49.5874
14300.000000	82.189	-45.0006
14500.000000	83.234	-44.3209
14750.000000	84.497	-45.4272
15000.000000	85.825	-48.4875
15250.000000	87.234	-54.1385
15500.000000	88.637	-63.2517
15750.000000	89.784	-76.3599
16000.000000	90.425	-93.0075
16250.000000	90.378	-111.4284
16500.000000	89.916	-129.4871
16750.000000	89.570	-146.0863
17000.000000	89.464	-161.4387
17250.000000	89.576	-176.5530
17500.000000	89.889	167.3760
17750.000000	90.314	149.4385
18000.000000	90.742	129.1782
18250.000000	91.070	106.5815
18500.000000	91.222	81.8535
18750.000000	91.186	55.3354
19000.000000	91.044	27.1314
19250.000000	90.902	-3.4122
19500.000000	90.677	-37.3204
19750.000000	90.213	-74.4440
20000.000000	89.729	-106.3375
