* Measurement data measured by REW V5.31
* Source: Input device not selected, no input selected, L, volume: 0.000. Timing signal peak level -43.3 dBFS, measurement signal peak level -42.7 dBFS
* Format: 1M Log Swept Sine, 1 sweep at -12.0 dBFS using an acoustic timing reference
* Dated: 09-Apr-2024 23:57:47
* REW Settings:
*  C-weighting compensation: Off
*  Target level: 75.0 dB
* Note: ; Delay -0.8785 ms (-301 mm, -11.86 in) using estimated IR delay relative to Acoustic reference played from  R with no timing offset Clock adjustment: 63.7 ppm
* Measurement: R4B3S
* Smoothing: 1/24 octave
* Frequency Step: 1/48 octave
* Start Frequency: 20.000 Hz
*
* Freq(Hz)	SPL(dB)	Phase(degrees)
20.000000	94.889	50.0698
20.299999	94.950	49.0333
20.600000	95.009	48.1581
20.900000	95.083	47.4541
21.200001	95.182	46.8542
21.400000	95.264	46.4507
21.799999	95.448	45.4796
22.000000	95.537	44.8759
22.400000	95.672	43.4845
22.700001	95.717	42.4298
23.000000	95.715	41.5364
23.299999	95.685	40.9142
23.600000	95.655	40.5720
24.000000	95.651	40.3462
24.299999	95.681	40.1132
24.700001	95.729	39.4545
25.000000	95.740	38.6876
25.400000	95.689	37.5115
25.799999	95.580	36.4724
26.200001	95.473	35.7147
26.500000	95.435	35.2033
26.900000	95.452	34.2382
27.200001	95.489	33.1151
27.600000	95.501	31.1350
28.000000	95.419	29.0955
28.500000	95.224	27.6328
29.000000	95.181	28.1022
29.500000	95.558	29.2509
30.000000	96.239	28.8885
30.400000	96.748	27.2326
30.700001	97.019	25.6920
31.100000	97.238	24.0604
31.500000	97.403	23.4937
32.000000	97.759	23.8314
32.500000	98.298	23.5064
33.000000	98.728	21.5681
33.500000	98.807	19.1803
34.000000	98.607	18.1582
34.500000	98.449	18.8603
35.000000	98.520	19.3283
35.500000	98.579	17.8240
36.000000	98.281	15.0846
36.500000	97.571	13.4322
37.000000	96.770	14.5194
37.500000	96.334	17.1453
38.200001	96.273	18.1201
38.700001	96.156	16.6172
39.500000	95.780	14.2534
40.000000	95.689	12.9474
40.599998	95.658	10.4125
41.200001	95.461	7.7149
41.799999	95.181	6.7276
42.500000	95.153	7.3676
43.099998	95.334	7.2702
43.700001	95.404	6.4411
44.400002	95.305	6.2933
45.000000	95.274	7.0952
45.500000	95.336	7.5559
46.200001	95.396	7.0879
46.799999	95.309	6.2158
47.500000	95.114	5.5995
48.200001	94.966	5.2768
48.700001	94.891	4.9002
49.400002	94.783	4.2652
50.000000	94.707	3.9001
50.799999	94.682	3.5177
51.500000	94.687	3.0070
52.200001	94.667	2.5166
53.000000	94.636	2.0913
53.799999	94.575	1.5908
54.500000	94.457	1.2823
55.200001	94.325	1.4816
56.000000	94.285	2.0306
57.000000	94.391	1.5078
58.000000	94.354	-0.2174
59.000000	94.206	-0.9633
60.000000	94.188	-1.1031
60.799999	94.201	-1.5276
61.500000	94.172	-1.9530
62.200001	94.116	-2.2506
63.000000	94.038	-2.4447
64.000000	93.938	-2.6493
65.000000	93.841	-2.9504
66.000000	93.752	-3.4009
67.000000	93.663	-3.9619
68.000000	93.574	-4.4355
69.000000	93.501	-4.7957
70.000000	93.430	-5.0837
71.000000	93.361	-5.2187
72.000000	93.306	-5.3278
73.000000	93.242	-5.5394
74.000000	93.156	-5.6488
75.000000	93.083	-5.5953
76.199997	93.015	-5.5883
77.500000	92.931	-5.7113
78.800003	92.829	-5.9207
80.000000	92.731	-6.1546
81.199997	92.653	-6.3744
82.500000	92.608	-6.5605
83.800003	92.571	-6.6200
85.000000	92.514	-6.3718
86.199997	92.394	-5.9148
87.500000	92.158	-5.1523
88.500000	91.895	-3.9045
90.000000	91.872	-0.8544
91.199997	92.063	-2.1705
92.500000	91.922	-4.7103
93.800003	91.779	-5.9450
95.000000	91.723	-6.4764
96.199997	91.699	-6.5857
97.500000	91.652	-6.3306
98.800003	91.581	-5.8590
100.000000	91.497	-5.4867
101.500000	91.385	-5.2901
103.000000	91.277	-5.2589
104.400002	91.199	-5.2301
106.000000	91.116	-5.0671
107.500000	91.033	-4.7402
109.000000	90.949	-4.3941
110.599998	90.850	-4.1016
112.000000	90.771	-3.8699
113.800003	90.670	-3.5376
115.000000	90.611	-3.2253
117.199997	90.489	-2.6796
118.000000	90.437	-2.4702
120.599998	90.256	-1.7048
122.000000	90.190	-1.3257
124.099998	90.099	-1.0608
125.000000	90.056	-0.9724
126.500000	89.959	-0.7967
128.000000	89.854	-0.1949
131.500000	89.756	0.8602
132.000000	89.722	0.9128
134.000000	89.554	1.8274
136.000000	89.493	3.4604
138.000000	89.485	4.7369
140.000000	89.485	6.1318
143.000000	89.665	7.0465
145.000000	89.675	6.1103
147.500000	89.454	6.3913
150.000000	89.382	8.0871
152.500000	89.390	8.9602
155.000000	89.442	9.4825
157.500000	89.444	9.7168
160.000000	89.347	10.4970
162.500000	89.254	11.3742
165.000000	89.207	11.8967
167.500000	89.168	12.4596
170.000000	89.101	13.3381
172.500000	88.995	14.1474
175.000000	88.896	14.7229
177.500000	88.852	15.3509
180.000000	88.823	16.0596
182.500000	88.774	17.0423
185.000000	88.730	17.9953
187.500000	88.707	18.8410
190.000000	88.694	19.4943
192.500000	88.675	20.1709
195.000000	88.661	20.9119
197.500000	88.645	21.7007
200.000000	88.623	22.5008
203.000000	88.586	23.3698
206.000000	88.549	24.3110
209.000000	88.527	25.3624
212.000000	88.507	26.3821
214.000000	88.490	26.9993
218.000000	88.458	28.2103
220.000000	88.447	28.8222
224.000000	88.428	30.0232
227.000000	88.414	30.9371
230.000000	88.398	31.8888
233.000000	88.379	32.8086
236.000000	88.364	33.7199
240.000000	88.352	34.9670
243.000000	88.347	35.8940
247.000000	88.341	37.0735
250.000000	88.338	37.9542
254.000000	88.337	39.1238
258.000000	88.337	40.2902
262.000000	88.336	41.4771
265.000000	88.335	42.3494
269.000000	88.333	43.4996
272.000000	88.331	44.3291
276.000000	88.328	45.4355
280.000000	88.328	46.5625
285.000000	88.323	48.0226
290.000000	88.321	49.5155
295.000000	88.313	50.9957
300.000000	88.301	52.5234
304.000000	88.298	53.8162
307.000000	88.302	54.8571
311.000000	88.324	56.2946
315.000000	88.360	57.7234
320.000000	88.426	59.4317
325.000000	88.525	61.0073
330.000000	88.644	62.3287
335.000000	88.748	63.3610
340.000000	88.815	64.2796
345.000000	88.850	65.1427
350.000000	88.869	66.0294
355.000000	88.878	67.0254
360.000000	88.881	68.1123
365.000000	88.886	69.2298
370.000000	88.894	70.3870
375.000000	88.900	71.5767
382.000000	88.910	73.2166
387.000000	88.922	74.4146
395.000000	88.941	76.3405
400.000000	88.955	77.5300
406.000000	88.972	78.9816
412.000000	88.984	80.4262
418.000000	88.994	81.8735
425.000000	89.005	83.5752
431.000000	89.018	85.0007
437.000000	89.032	86.4399
444.000000	89.046	88.1490
450.000000	89.056	89.6052
455.000000	89.066	90.7956
462.000000	89.083	92.4568
468.000000	89.102	93.9146
475.000000	89.116	95.6380
482.000000	89.124	97.3688
487.000000	89.132	98.5807
494.000000	89.148	100.2634
500.000000	89.162	101.7259
508.000000	89.178	103.6875
515.000000	89.190	105.4229
522.000000	89.204	107.1423
530.000000	89.216	109.1142
538.000000	89.230	111.0975
545.000000	89.245	112.8334
552.000000	89.256	114.5617
560.000000	89.266	116.5426
570.000000	89.283	119.0536
580.000000	89.301	121.5508
590.000000	89.319	124.0242
600.000000	89.331	126.5157
608.000000	89.343	128.5976
615.000000	89.358	130.3885
622.000000	89.372	132.1702
630.000000	89.384	134.2214
640.000000	89.400	136.7710
650.000000	89.417	139.3230
660.000000	89.437	141.8775
670.000000	89.460	144.4648
680.000000	89.480	147.0920
690.000000	89.497	149.7116
700.000000	89.512	152.3557
710.000000	89.530	155.0073
720.000000	89.553	157.6762
730.000000	89.579	160.3385
740.000000	89.602	162.9950
750.000000	89.626	165.6698
762.000000	89.655	168.9205
775.000000	89.689	172.4532
788.000000	89.725	176.0022
800.000000	89.763	179.2955
812.000000	89.803	-177.4263
825.000000	89.848	-173.8354
838.000000	89.899	-170.2291
850.000000	89.946	-166.9003
862.000000	89.995	-163.5529
875.000000	90.052	-159.9328
885.000000	90.098	-157.1463
900.000000	90.171	-152.9671
912.000000	90.232	-149.6418
925.000000	90.304	-146.0379
938.000000	90.377	-142.4118
950.000000	90.437	-139.0851
962.000000	90.483	-135.7678
975.000000	90.538	-132.2014
988.000000	90.626	-128.6799
1000.000000	90.726	-125.4446
1015.000000	90.856	-121.3971
1030.000000	90.980	-117.3819
1044.000000	91.088	-113.6756
1060.000000	91.205	-109.4786
1075.000000	91.311	-105.5898
1090.000000	91.417	-101.7285
1106.000000	91.528	-97.6418
1120.000000	91.626	-94.0930
1138.000000	91.745	-89.5871
1150.000000	91.821	-86.6079
1172.000000	91.957	-81.1579
1180.000000	92.005	-79.1896
1206.000000	92.154	-72.8589
1220.000000	92.229	-69.4791
1241.000000	92.339	-64.4102
1250.000000	92.385	-62.2429
1265.000000	92.461	-58.6297
1280.000000	92.536	-55.0162
1315.000000	92.704	-46.5914
1320.000000	92.727	-45.3853
1340.000000	92.818	-40.5568
1360.000000	92.904	-35.7310
1380.000000	92.986	-30.8855
1400.000000	93.064	-26.0226
1430.000000	93.172	-18.7028
1450.000000	93.242	-13.7823
1475.000000	93.327	-7.5878
1500.000000	93.408	-1.3643
1525.000000	93.488	4.8994
1550.000000	93.569	11.1771
1575.000000	93.646	17.4987
1600.000000	93.723	23.8635
1625.000000	93.800	30.2473
1650.000000	93.878	36.6454
1675.000000	93.956	43.0726
1700.000000	94.036	49.5233
1725.000000	94.116	56.0084
1750.000000	94.196	62.5048
1775.000000	94.277	69.0161
1800.000000	94.361	75.5428
1825.000000	94.449	82.0776
1850.000000	94.538	88.6337
1875.000000	94.629	95.1913
1900.000000	94.721	101.7592
1925.000000	94.816	108.3447
1950.000000	94.911	114.9449
1975.000000	95.009	121.5454
2000.000000	95.108	128.1506
2030.000000	95.228	136.0769
2060.000000	95.352	143.9986
2090.000000	95.480	151.9292
2120.000000	95.612	159.8521
2140.000000	95.702	165.1271
2180.000000	95.886	175.6444
2200.000000	95.979	-179.1061
2240.000000	96.165	-168.6316
2270.000000	96.305	-160.7893
2300.000000	96.448	-152.9568
2330.000000	96.593	-145.1436
2360.000000	96.739	-137.3572
2400.000000	96.935	-127.0046
2430.000000	97.083	-119.2585
2470.000000	97.278	-108.9662
2500.000000	97.424	-101.2874
2540.000000	97.619	-91.0839
2580.000000	97.813	-80.9364
2620.000000	98.004	-70.8624
2650.000000	98.145	-63.3363
2690.000000	98.329	-53.3444
2720.000000	98.464	-45.8871
2760.000000	98.635	-36.0035
2800.000000	98.798	-26.1863
2850.000000	98.987	-13.9886
2900.000000	99.159	-1.8613
2950.000000	99.314	10.2055
3000.000000	99.447	22.2022
3040.000000	99.536	31.7641
3070.000000	99.593	38.9297
3110.000000	99.657	48.4758
3150.000000	99.711	58.0180
3200.000000	99.765	69.9621
3250.000000	99.803	81.9503
3300.000000	99.823	94.0103
3350.000000	99.817	106.1642
3400.000000	99.775	118.4295
3450.000000	99.700	130.8142
3500.000000	99.599	143.3306
3550.000000	99.480	155.9902
3600.000000	99.357	168.7976
3650.000000	99.240	-178.2759
3700.000000	99.134	-165.2754
3750.000000	99.040	-152.2217
3820.000000	98.920	-133.8549
3870.000000	98.829	-120.6528
3950.000000	98.656	-99.3162
4000.000000	98.525	-85.8413
4060.000000	98.333	-69.5215
4120.000000	98.116	-53.0317
4180.000000	97.885	-36.3931
4250.000000	97.614	-16.8512
4310.000000	97.395	-0.0017
4370.000000	97.188	16.9318
4440.000000	96.960	36.7782
4500.000000	96.775	53.8713
4550.000000	96.626	68.1895
4620.000000	96.427	88.3474
4680.000000	96.265	105.7161
4750.000000	96.084	126.0833
4820.000000	95.912	146.5692
4870.000000	95.795	161.2690
4940.000000	95.642	-178.0280
5000.000000	95.518	-160.1577
5080.000000	95.364	-136.1495
5150.000000	95.240	-114.9623
5220.000000	95.123	-93.6376
5300.000000	95.006	-69.0862
5380.000000	94.917	-44.3718
5450.000000	94.875	-22.6511
5520.000000	94.880	-0.8882
5600.000000	94.959	23.9187
5700.000000	95.178	54.5468
5800.000000	95.506	84.3357
5900.000000	95.870	112.7977
6000.000000	96.139	139.7192
6080.000000	96.175	160.3798
6150.000000	96.027	178.2618
6220.000000	95.707	-163.5643
6300.000000	95.169	-141.8876
6400.000000	94.356	-112.8940
6500.000000	93.553	-81.7982
6600.000000	92.875	-49.1201
6700.000000	92.373	-15.5247
6800.000000	92.047	18.5106
6900.000000	91.867	52.6681
7000.000000	91.809	86.7825
7100.000000	91.854	120.7996
7200.000000	91.996	154.6885
7300.000000	92.243	-171.6174
7400.000000	92.582	-138.3608
7500.000000	92.985	-105.5134
7620.000000	93.559	-66.5710
7750.000000	94.313	-25.1770
7880.000000	95.210	14.9858
8000.000000	96.159	50.4478
8120.000000	97.176	83.7854
8250.000000	98.198	117.0154
8380.000000	98.896	147.3760
8500.000000	99.044	173.8904
8620.000000	98.650	-159.3733
8750.000000	97.723	-128.4014
8850.000000	96.802	-102.5510
9000.000000	95.336	-60.5146
9120.000000	94.220	-24.6057
9250.000000	93.137	15.9045
9380.000000	92.198	57.5376
9500.000000	91.462	96.6140
9620.000000	90.843	136.0813
9750.000000	90.300	179.0557
9880.000000	89.877	-137.9065
10000.000000	89.581	-98.2080
10150.000000	89.320	-48.7688
10300.000000	89.168	0.3323
10440.000000	89.108	45.7163
10600.000000	89.096	96.8962
10750.000000	89.100	144.2036
10900.000000	89.083	-169.1011
11060.000000	89.014	-119.8599
11200.000000	88.890	-77.1702
11380.000000	88.604	-22.5493
11500.000000	88.328	13.9910
11720.000000	87.706	81.7812
11800.000000	87.463	106.6880
12060.000000	86.645	-171.4763
12200.000000	86.218	-126.7451
12410.000000	85.663	-59.1377
12500.000000	85.457	-30.1370
12650.000000	85.130	18.1592
12800.000000	84.798	66.4983
13150.000000	84.046	-179.7942
13200.000000	83.949	-163.4087
13400.000000	83.608	-97.4541
13600.000000	83.384	-30.8794
13800.000000	83.328	35.9570
14000.000000	83.538	102.8120
14300.000000	84.519	-156.9873
14500.000000	85.470	-90.6553
14750.000000	86.887	-9.2305
15000.000000	88.560	69.2529
15250.000000	90.325	143.4204
15500.000000	91.867	-147.4399
15750.000000	92.800	-82.5273
16000.000000	92.934	-19.4541
16250.000000	92.362	44.3916
16500.000000	91.634	110.2305
16750.000000	91.367	177.4937
17000.000000	91.552	-115.3809
17250.000000	91.939	-49.9346
17500.000000	92.280	12.9995
17750.000000	92.338	73.6504
18000.000000	92.011	133.0835
18250.000000	91.356	-167.6675
18500.000000	90.518	-108.1992
18750.000000	89.658	-48.7856
19000.000000	88.899	9.6416
19250.000000	88.225	65.7012
19500.000000	87.431	118.5435
19750.000000	86.353	168.9604
20000.000000	85.433	-134.0049
