* Measurement data measured by REW V5.31
* Source: Input device not selected, no input selected, L, volume: 0.000. Timing signal peak level -43.6 dBFS, measurement signal peak level -43.4 dBFS
* Format: 1M Log Swept Sine, 1 sweep at -12.0 dBFS using an acoustic timing reference
* Dated: 09-Apr-2024 23:56:17
* REW Settings:
*  C-weighting compensation: Off
*  Target level: 75.0 dB
* Note: ; Delay -0.0648 ms (-22 mm, -0.88 in) using estimated IR delay relative to Acoustic reference played from  R with no timing offset Clock adjustment: -46.1 ppm
* Measurement: R1 B3S
* Smoothing: 1/24 octave
* Frequency Step: 1/48 octave
* Start Frequency: 20.000 Hz
*
* Freq(Hz)	SPL(dB)	Phase(degrees)
20.000000	94.824	47.2827
20.299999	94.865	46.0351
20.600000	94.885	44.8688
20.900000	94.895	43.8432
21.200001	94.906	42.9742
21.400000	94.921	42.4645
21.799999	94.977	41.5139
22.000000	95.017	41.0214
22.400000	95.111	39.9069
22.700001	95.177	38.9399
23.000000	95.226	37.8966
23.299999	95.254	36.8418
23.600000	95.262	35.8434
24.000000	95.254	34.6802
24.299999	95.246	33.9463
24.700001	95.247	33.1070
25.000000	95.261	32.5289
25.400000	95.295	31.7512
25.799999	95.341	30.9048
26.200001	95.392	29.9485
26.500000	95.427	29.1489
26.900000	95.460	27.9880
27.200001	95.468	27.0818
27.600000	95.452	25.9137
28.000000	95.413	24.8997
28.500000	95.360	23.9449
29.000000	95.342	23.2391
29.500000	95.368	22.5000
30.000000	95.403	21.5351
30.400000	95.406	20.6656
30.700001	95.388	20.0611
31.100000	95.350	19.4343
31.500000	95.322	19.0323
32.000000	95.339	18.6221
32.500000	95.397	17.9481
33.000000	95.433	16.9077
33.500000	95.408	15.7906
34.000000	95.352	14.8888
34.500000	95.316	14.1329
35.000000	95.300	13.2336
35.500000	95.263	12.1519
36.000000	95.192	11.1460
36.500000	95.138	10.2965
37.000000	95.131	9.2430
37.500000	95.102	7.6739
38.200001	94.845	5.4854
38.700001	94.565	5.1923
39.500000	94.447	6.8568
40.000000	94.652	7.2782
40.599998	94.896	6.1382
41.200001	94.952	4.3468
41.799999	94.888	3.1050
42.500000	94.831	2.3912
43.099998	94.815	1.8921
43.700001	94.800	1.3592
44.400002	94.781	0.6385
45.000000	94.735	-0.1103
45.500000	94.660	-0.6693
46.200001	94.543	-1.0989
46.799999	94.484	-1.3205
47.500000	94.446	-1.8078
48.200001	94.394	-2.4773
48.700001	94.353	-2.9455
49.400002	94.301	-3.6199
50.000000	94.250	-4.2442
50.799999	94.162	-4.9585
51.500000	94.092	-5.3939
52.200001	94.044	-5.7984
53.000000	93.999	-6.3620
53.799999	93.946	-7.0218
54.500000	93.882	-7.6229
55.200001	93.800	-8.1317
56.000000	93.711	-8.5184
57.000000	93.632	-9.0062
58.000000	93.524	-9.5097
59.000000	93.427	-9.5171
60.000000	93.399	-9.6172
60.799999	93.361	-9.9493
61.500000	93.313	-10.2645
62.200001	93.257	-10.6758
63.000000	93.156	-11.2086
64.000000	93.010	-11.5310
65.000000	92.937	-11.7654
66.000000	92.891	-12.4112
67.000000	92.814	-13.1067
68.000000	92.731	-13.5769
69.000000	92.650	-13.8642
70.000000	92.584	-14.0111
71.000000	92.522	-14.3114
72.000000	92.426	-14.6406
73.000000	92.335	-14.8502
74.000000	92.259	-15.0678
75.000000	92.206	-15.2104
76.199997	92.169	-15.4356
77.500000	92.108	-15.6198
78.800003	92.006	-15.8196
80.000000	91.865	-15.9210
81.199997	91.747	-16.1971
82.500000	91.651	-16.9821
83.800003	91.590	-17.7883
85.000000	91.595	-18.0912
86.199997	91.619	-17.6164
87.500000	91.657	-15.7938
88.500000	91.808	-12.9388
90.000000	92.422	-12.3289
91.199997	92.194	-16.0999
92.500000	91.446	-17.2333
93.800003	90.958	-17.4620
95.000000	90.706	-18.1454
96.199997	90.578	-18.9351
97.500000	90.519	-19.3455
98.800003	90.485	-19.2088
100.000000	90.435	-18.7479
101.500000	90.328	-18.1435
103.000000	90.186	-17.8824
104.400002	90.044	-17.9547
106.000000	89.911	-18.0519
107.500000	89.832	-18.0433
109.000000	89.748	-17.9537
110.599998	89.633	-17.5529
112.000000	89.520	-17.0854
113.800003	89.360	-16.3427
115.000000	89.254	-15.7641
117.199997	89.139	-14.4497
118.000000	89.143	-14.1302
120.599998	89.257	-13.3316
122.000000	89.407	-13.0652
124.099998	89.562	-13.1076
125.000000	89.574	-13.1398
126.500000	89.505	-13.3464
128.000000	89.335	-13.5257
131.500000	89.097	-13.5632
132.000000	89.093	-13.7354
134.000000	89.062	-14.3314
136.000000	89.006	-14.4072
138.000000	88.920	-14.2018
140.000000	88.826	-13.9523
143.000000	88.700	-13.7217
145.000000	88.623	-13.5052
147.500000	88.528	-13.1684
150.000000	88.414	-12.7906
152.500000	88.311	-12.2753
155.000000	88.244	-11.8435
157.500000	88.193	-11.5026
160.000000	88.131	-11.0516
162.500000	88.075	-10.4153
165.000000	88.012	-9.9837
167.500000	87.937	-9.5981
170.000000	87.872	-9.1845
172.500000	87.803	-8.7059
175.000000	87.732	-8.1678
177.500000	87.658	-7.7608
180.000000	87.596	-7.3553
182.500000	87.555	-6.9288
185.000000	87.524	-6.4060
187.500000	87.500	-5.9298
190.000000	87.477	-5.5187
192.500000	87.462	-5.0805
195.000000	87.443	-4.6038
197.500000	87.409	-4.1020
200.000000	87.372	-3.5956
203.000000	87.334	-3.0409
206.000000	87.292	-2.5298
209.000000	87.252	-2.0096
212.000000	87.224	-1.4934
214.000000	87.206	-1.1532
218.000000	87.158	-0.4179
220.000000	87.135	-0.0349
224.000000	87.089	0.7231
227.000000	87.044	1.3496
230.000000	87.000	2.0463
233.000000	86.972	2.8391
236.000000	86.967	3.7220
240.000000	86.991	5.0085
243.000000	87.051	5.9300
247.000000	87.183	6.7620
250.000000	87.282	7.0360
254.000000	87.373	7.1202
258.000000	87.413	7.1329
262.000000	87.418	7.2135
265.000000	87.414	7.3701
269.000000	87.413	7.6098
272.000000	87.416	7.8187
276.000000	87.420	8.1628
280.000000	87.417	8.5300
285.000000	87.412	8.9756
290.000000	87.413	9.4740
295.000000	87.413	9.9315
300.000000	87.423	10.3848
304.000000	87.433	10.7919
307.000000	87.440	11.0909
311.000000	87.448	11.4505
315.000000	87.452	11.8072
320.000000	87.463	12.2750
325.000000	87.475	12.6966
330.000000	87.485	13.1700
335.000000	87.494	13.5738
340.000000	87.503	13.9344
345.000000	87.518	14.3502
350.000000	87.537	14.7391
355.000000	87.555	15.1261
360.000000	87.573	15.5315
365.000000	87.585	15.9370
370.000000	87.595	16.2967
375.000000	87.611	16.6554
382.000000	87.632	17.1971
387.000000	87.647	17.5500
395.000000	87.669	18.1014
400.000000	87.684	18.4762
406.000000	87.700	18.8557
412.000000	87.715	19.2248
418.000000	87.734	19.6078
425.000000	87.754	20.0452
431.000000	87.768	20.4374
437.000000	87.783	20.8189
444.000000	87.799	21.2153
450.000000	87.811	21.5861
455.000000	87.826	21.9059
462.000000	87.848	22.3088
468.000000	87.865	22.6141
475.000000	87.884	23.0053
482.000000	87.900	23.4525
487.000000	87.909	23.7622
494.000000	87.920	24.1521
500.000000	87.931	24.5032
508.000000	87.953	24.9847
515.000000	87.970	25.3915
522.000000	87.983	25.7819
530.000000	87.996	26.2456
538.000000	88.012	26.7069
545.000000	88.023	27.0934
552.000000	88.030	27.4829
560.000000	88.041	27.9465
570.000000	88.062	28.5296
580.000000	88.085	29.0994
590.000000	88.108	29.6486
600.000000	88.123	30.2084
608.000000	88.134	30.6530
615.000000	88.143	31.0246
622.000000	88.155	31.4228
630.000000	88.172	31.9155
640.000000	88.196	32.5123
650.000000	88.216	33.1209
660.000000	88.234	33.6940
670.000000	88.252	34.2789
680.000000	88.273	34.8869
690.000000	88.296	35.4900
700.000000	88.317	36.0672
710.000000	88.341	36.6637
720.000000	88.363	37.2784
730.000000	88.383	37.8937
740.000000	88.407	38.5110
750.000000	88.431	39.1412
762.000000	88.457	39.8972
775.000000	88.494	40.7318
788.000000	88.532	41.5818
800.000000	88.569	42.3792
812.000000	88.607	43.1473
825.000000	88.649	43.9774
838.000000	88.694	44.8133
850.000000	88.738	45.5969
862.000000	88.789	46.4119
875.000000	88.846	47.2527
885.000000	88.889	47.8881
900.000000	88.953	48.8431
912.000000	89.009	49.5932
925.000000	89.076	50.4122
938.000000	89.147	51.2151
950.000000	89.198	51.9163
962.000000	89.232	52.5985
975.000000	89.277	53.3347
988.000000	89.353	54.0417
1000.000000	89.443	54.6732
1015.000000	89.561	55.4305
1030.000000	89.673	56.1670
1044.000000	89.769	56.7924
1060.000000	89.871	57.4314
1075.000000	89.963	58.0331
1090.000000	90.050	58.6114
1106.000000	90.141	59.1590
1120.000000	90.220	59.6189
1138.000000	90.315	60.1796
1150.000000	90.375	60.5153
1172.000000	90.482	61.0924
1180.000000	90.519	61.2948
1206.000000	90.637	61.8926
1220.000000	90.697	62.1763
1241.000000	90.783	62.5907
1250.000000	90.819	62.7724
1265.000000	90.879	63.0921
1280.000000	90.938	63.3957
1315.000000	91.069	64.0202
1320.000000	91.087	64.1141
1340.000000	91.154	64.5012
1360.000000	91.217	64.9021
1380.000000	91.280	65.2978
1400.000000	91.338	65.6827
1430.000000	91.418	66.3212
1450.000000	91.468	66.7746
1475.000000	91.528	67.3495
1500.000000	91.585	67.9528
1525.000000	91.635	68.5911
1550.000000	91.682	69.2614
1575.000000	91.729	69.9732
1600.000000	91.777	70.7540
1625.000000	91.832	71.5879
1650.000000	91.897	72.4568
1675.000000	91.967	73.2645
1700.000000	92.034	73.9921
1725.000000	92.091	74.7274
1750.000000	92.135	75.5215
1775.000000	92.171	76.4106
1800.000000	92.210	77.3920
1825.000000	92.250	78.5143
1850.000000	92.297	79.8035
1875.000000	92.363	81.2714
1900.000000	92.468	82.8964
1925.000000	92.621	84.5811
1950.000000	92.822	86.1968
1975.000000	93.067	87.6007
2000.000000	93.342	88.7009
2030.000000	93.682	89.5513
2060.000000	94.006	89.9315
2090.000000	94.289	89.9819
2120.000000	94.521	89.8723
2140.000000	94.652	89.7964
2180.000000	94.873	89.7491
2200.000000	94.969	89.7898
2240.000000	95.149	90.0023
2270.000000	95.288	90.2643
2300.000000	95.435	90.5663
2330.000000	95.589	90.8494
2360.000000	95.747	91.0812
2400.000000	95.950	91.2846
2430.000000	96.092	91.3979
2470.000000	96.271	91.5594
2500.000000	96.399	91.7230
2540.000000	96.570	91.9841
2580.000000	96.750	92.3008
2620.000000	96.949	92.6273
2650.000000	97.116	92.8227
2690.000000	97.360	92.9258
2720.000000	97.552	92.8172
2760.000000	97.800	92.3911
2800.000000	98.020	91.7158
2850.000000	98.246	90.6998
2900.000000	98.425	89.6355
2950.000000	98.570	88.5693
3000.000000	98.683	87.5109
3040.000000	98.754	86.6867
3070.000000	98.798	86.0890
3110.000000	98.846	85.3243
3150.000000	98.886	84.6096
3200.000000	98.932	83.7858
3250.000000	98.976	83.0266
3300.000000	99.017	82.3448
3350.000000	99.050	81.7463
3400.000000	99.069	81.1864
3450.000000	99.071	80.6245
3500.000000	99.055	80.0350
3550.000000	99.023	79.4195
3600.000000	98.977	78.7870
3650.000000	98.918	78.1687
3700.000000	98.853	77.5991
3750.000000	98.785	77.1024
3820.000000	98.689	76.5427
3870.000000	98.616	76.2729
3950.000000	98.482	76.0619
4000.000000	98.379	76.0536
4060.000000	98.224	76.1506
4120.000000	98.045	76.3619
4180.000000	97.852	76.6781
4250.000000	97.625	77.1634
4310.000000	97.441	77.6601
4370.000000	97.270	78.2311
4440.000000	97.087	78.9719
4500.000000	96.946	79.6552
4550.000000	96.837	80.2504
4620.000000	96.697	81.1367
4680.000000	96.584	81.9382
4750.000000	96.459	82.9287
4820.000000	96.341	83.9894
4870.000000	96.262	84.8064
4940.000000	96.162	86.0653
5000.000000	96.090	87.2667
5080.000000	96.014	89.0179
5150.000000	95.966	90.6645
5220.000000	95.934	92.3947
5300.000000	95.922	94.4793
5380.000000	95.945	96.6688
5450.000000	96.010	98.6328
5520.000000	96.131	100.5885
5600.000000	96.352	102.6924
5700.000000	96.766	104.7893
5800.000000	97.300	105.8119
5900.000000	97.871	105.3114
6000.000000	98.339	103.1398
6080.000000	98.539	100.4821
6150.000000	98.547	97.9576
6220.000000	98.401	95.7144
6300.000000	98.092	93.9856
6400.000000	97.627	93.4586
6500.000000	97.238	94.5613
6600.000000	97.041	96.6398
6700.000000	97.076	98.8406
6800.000000	97.323	100.4811
6900.000000	97.737	101.0220
7000.000000	98.248	100.0154
7100.000000	98.760	97.1651
7200.000000	99.153	92.4513
7300.000000	99.318	86.1567
7400.000000	99.147	78.8455
7500.000000	98.574	71.6117
7620.000000	97.435	64.5572
7750.000000	95.885	59.8485
7880.000000	94.251	58.1267
8000.000000	92.811	58.6025
8120.000000	91.503	60.4650
8250.000000	90.246	63.5845
8380.000000	89.154	67.5193
8500.000000	88.277	71.6367
8620.000000	87.511	76.1205
8750.000000	86.802	81.2399
8850.000000	86.334	85.2971
9000.000000	85.746	91.5253
9120.000000	85.367	96.5342
9250.000000	85.036	101.9143
9380.000000	84.783	107.1940
9500.000000	84.620	111.9029
9620.000000	84.524	116.4388
9750.000000	84.490	121.1378
9880.000000	84.533	125.5159
10000.000000	84.634	129.2209
10150.000000	84.837	133.2756
10300.000000	85.108	136.6103
10440.000000	85.405	138.9738
10600.000000	85.764	140.6823
10750.000000	86.066	141.3375
10900.000000	86.299	141.2805
11060.000000	86.445	140.6088
11200.000000	86.469	139.7191
11380.000000	86.346	138.5008
11500.000000	86.178	137.9232
11720.000000	85.778	137.8657
11800.000000	85.627	138.1349
12060.000000	85.179	139.8578
12200.000000	85.000	141.2644
12410.000000	84.868	143.6765
12500.000000	84.855	144.6579
12650.000000	84.875	146.1055
12800.000000	84.933	147.4312
13150.000000	85.223	150.6873
13200.000000	85.298	151.1684
13400.000000	85.714	153.0215
13600.000000	86.366	154.5127
13800.000000	87.343	155.0106
14000.000000	88.771	153.6100
14300.000000	91.615	145.4255
14500.000000	93.389	134.3086
14750.000000	94.626	114.6848
15000.000000	94.427	93.8648
15250.000000	93.250	77.1370
15500.000000	91.850	65.1689
15750.000000	90.607	55.9770
16000.000000	89.632	47.4414
16250.000000	88.917	37.7470
16500.000000	88.572	25.5291
16750.000000	88.594	10.3550
17000.000000	88.536	-7.0710
17250.000000	88.139	-25.4465
17500.000000	87.455	-43.7026
17750.000000	86.635	-61.6986
18000.000000	85.786	-79.8990
18250.000000	84.878	-98.7516
18500.000000	83.826	-118.0163
18750.000000	82.725	-136.9993
19000.000000	81.895	-156.4198
19250.000000	81.430	-178.3096
19500.000000	81.011	156.0785
19750.000000	80.381	127.7403
20000.000000	79.832	104.7116
