* Measurement data measured by REW V5.31
* Source: Headset (USB-C to 3.5mm Headphone Jack Adapter), MICROPHONE, L, volume: 0.250. Timing signal peak level -30.4 dBFS, measurement signal peak level -29.4 dBFS
* Format: 1M Log Swept Sine, 1 sweep at 0.0 dBFS using an acoustic timing reference
* Dated: 11-Apr-2024 14:54:00
* REW Settings:
*  C-weighting compensation: Off
*  Target level: 75.0 dB
* Note: ; Delay 0.0052 ms (1.8 mm, 0.07 in) using estimated IR delay relative to Acoustic reference played from SPEAKER R with no timing offset Clock adjustment: -19.3 ppm
* Measurement: B3Spring R1
* Smoothing: 1/24 octave
* Frequency Step: 1/48 octave
* Start Frequency: 20.000 Hz
*
* Freq(Hz)	SPL(dB)	Phase(degrees)
20.000000	107.543	39.7375
20.299999	107.615	39.1318
20.600000	107.674	38.6177
20.900000	107.730	38.1266
21.200001	107.781	37.5671
21.400000	107.807	37.1227
21.799999	107.826	36.0596
22.000000	107.813	35.4754
22.400000	107.744	34.3434
22.700001	107.672	33.6116
23.000000	107.607	33.0028
23.299999	107.571	32.4461
23.600000	107.572	31.8058
24.000000	107.618	30.6006
24.299999	107.658	29.3758
24.700001	107.680	27.4515
25.000000	107.662	25.9863
25.400000	107.611	24.2930
25.799999	107.576	23.0211
26.200001	107.605	22.0045
26.500000	107.665	21.2157
26.900000	107.757	19.9851
27.200001	107.803	18.9901
27.600000	107.817	17.8303
28.000000	107.805	17.1163
28.500000	107.842	16.7719
29.000000	107.968	16.3472
29.500000	108.084	15.3407
30.000000	108.088	14.1101
30.400000	108.026	13.4132
30.700001	107.981	13.1359
31.100000	107.961	12.9014
31.500000	107.991	12.4825
32.000000	108.035	11.3969
32.500000	108.019	9.8547
33.000000	107.933	8.2380
33.500000	107.806	6.7936
34.000000	107.662	5.6784
34.500000	107.551	4.9752
35.000000	107.532	4.4028
35.500000	107.591	3.3785
36.000000	107.612	1.7591
36.500000	107.507	0.2463
37.000000	107.356	-0.3280
37.500000	107.338	-0.1461
38.200001	107.565	-0.8662
38.700001	107.646	-2.5513
39.500000	107.437	-4.5231
40.000000	107.336	-4.4096
40.599998	107.434	-4.3428
41.200001	107.558	-5.6189
41.799999	107.491	-7.4238
42.500000	107.264	-8.5442
43.099998	107.122	-8.7141
43.700001	107.046	-8.7876
44.400002	107.008	-8.9238
45.000000	107.044	-9.3157
45.500000	107.089	-10.1620
46.200001	107.047	-11.9458
46.799999	106.889	-13.1848
47.500000	106.715	-13.7125
48.200001	106.664	-13.9341
48.700001	106.670	-14.2704
49.400002	106.692	-14.8879
50.000000	106.737	-15.5510
50.799999	106.779	-16.9883
51.500000	106.686	-18.3369
52.200001	106.519	-18.8932
53.000000	106.421	-18.8812
53.799999	106.387	-19.3545
54.500000	106.291	-20.0408
55.200001	106.158	-20.4376
56.000000	106.049	-20.6308
57.000000	105.990	-21.1613
58.000000	105.945	-22.1609
59.000000	105.885	-23.2736
60.000000	105.818	-24.3610
60.799999	105.748	-25.0878
61.500000	105.693	-25.5632
62.200001	105.648	-26.0216
63.000000	105.581	-26.5510
64.000000	105.484	-26.9916
65.000000	105.412	-27.3906
66.000000	105.332	-28.0347
67.000000	105.205	-28.7278
68.000000	105.062	-29.1383
69.000000	104.955	-29.5752
70.000000	104.819	-30.2056
71.000000	104.673	-30.5171
72.000000	104.578	-30.7993
73.000000	104.495	-31.1856
74.000000	104.432	-31.6405
75.000000	104.339	-32.1734
76.199997	104.232	-32.2435
77.500000	104.181	-32.8422
78.800003	103.918	-33.5721
80.000000	103.656	-32.6072
81.199997	103.598	-31.4503
82.500000	103.614	-30.8629
83.800003	103.717	-30.3605
85.000000	103.897	-30.4102
86.199997	104.062	-31.1606
87.500000	104.126	-32.1942
88.500000	104.116	-32.8235
90.000000	104.040	-33.4387
91.199997	103.998	-33.8971
92.500000	103.926	-34.7628
93.800003	103.844	-35.5688
95.000000	103.770	-36.3937
96.199997	103.676	-37.0365
97.500000	103.584	-37.4635
98.800003	103.491	-37.8815
100.000000	103.388	-38.1722
101.500000	103.275	-38.5275
103.000000	103.159	-39.0509
104.400002	103.041	-39.4353
106.000000	102.929	-39.6040
107.500000	102.850	-39.7567
109.000000	102.752	-40.0904
110.599998	102.613	-40.3742
112.000000	102.503	-40.5210
113.800003	102.393	-40.7437
115.000000	102.329	-40.8893
117.199997	102.214	-41.1298
118.000000	102.168	-41.2072
120.599998	102.007	-41.4662
122.000000	101.922	-41.5991
124.099998	101.801	-41.7233
125.000000	101.750	-41.7527
126.500000	101.662	-41.7549
128.000000	101.575	-41.7214
131.500000	101.377	-41.7412
132.000000	101.348	-41.7488
134.000000	101.229	-41.7377
136.000000	101.102	-41.5367
138.000000	100.982	-41.1855
140.000000	100.871	-40.7461
143.000000	100.752	-39.8242
145.000000	100.725	-39.2213
147.500000	100.726	-38.5452
150.000000	100.736	-38.1433
152.500000	100.773	-38.1735
155.000000	100.777	-38.6572
157.500000	100.767	-39.0598
160.000000	100.708	-39.2422
162.500000	100.643	-38.9242
165.000000	100.617	-38.7607
167.500000	100.574	-38.8429
170.000000	100.524	-38.7628
172.500000	100.486	-38.6122
175.000000	100.459	-38.6551
177.500000	100.435	-38.8938
180.000000	100.411	-39.1335
182.500000	100.387	-39.2770
185.000000	100.357	-39.3652
187.500000	100.320	-39.4520
190.000000	100.279	-39.5531
192.500000	100.242	-39.6123
195.000000	100.213	-39.6136
197.500000	100.183	-39.6243
200.000000	100.137	-39.6257
203.000000	100.075	-39.5728
206.000000	100.027	-39.4712
209.000000	99.998	-39.3458
212.000000	99.973	-39.2335
214.000000	99.956	-39.1888
218.000000	99.920	-39.1370
220.000000	99.904	-39.1115
224.000000	99.878	-39.0543
227.000000	99.860	-39.0107
230.000000	99.837	-38.9690
233.000000	99.813	-38.9247
236.000000	99.793	-38.9031
240.000000	99.775	-38.8802
243.000000	99.764	-38.8732
247.000000	99.747	-38.8562
250.000000	99.734	-38.8297
254.000000	99.726	-38.7860
258.000000	99.720	-38.7384
262.000000	99.712	-38.7198
265.000000	99.708	-38.7402
269.000000	99.706	-38.7625
272.000000	99.706	-38.7621
276.000000	99.704	-38.7652
280.000000	99.702	-38.7717
285.000000	99.703	-38.8221
290.000000	99.708	-38.8676
295.000000	99.715	-38.9082
300.000000	99.720	-38.9803
304.000000	99.725	-39.0537
307.000000	99.730	-39.1169
311.000000	99.735	-39.2012
315.000000	99.741	-39.2856
320.000000	99.751	-39.3729
325.000000	99.762	-39.4620
330.000000	99.773	-39.5927
335.000000	99.785	-39.7594
340.000000	99.797	-39.9162
345.000000	99.809	-40.0506
350.000000	99.820	-40.1798
355.000000	99.827	-40.3257
360.000000	99.837	-40.4832
365.000000	99.849	-40.6415
370.000000	99.862	-40.8099
375.000000	99.876	-41.0087
382.000000	99.893	-41.2928
387.000000	99.902	-41.4799
395.000000	99.917	-41.7503
400.000000	99.927	-41.9370
406.000000	99.941	-42.1880
412.000000	99.956	-42.4622
418.000000	99.971	-42.7213
425.000000	99.984	-42.9767
431.000000	99.993	-43.1937
437.000000	100.003	-43.4354
444.000000	100.018	-43.7405
450.000000	100.036	-44.0298
455.000000	100.050	-44.2547
462.000000	100.066	-44.5142
468.000000	100.076	-44.7347
475.000000	100.083	-45.0401
482.000000	100.094	-45.3653
487.000000	100.103	-45.5777
494.000000	100.116	-45.8619
500.000000	100.126	-46.1135
508.000000	100.140	-46.4568
515.000000	100.151	-46.7428
522.000000	100.160	-47.0259
530.000000	100.170	-47.3464
538.000000	100.184	-47.6854
545.000000	100.196	-48.0039
552.000000	100.207	-48.3037
560.000000	100.219	-48.5994
570.000000	100.232	-48.9546
580.000000	100.249	-49.3800
590.000000	100.262	-49.7868
600.000000	100.272	-50.1130
608.000000	100.284	-50.3754
615.000000	100.298	-50.6515
622.000000	100.313	-50.9538
630.000000	100.325	-51.2657
640.000000	100.333	-51.5536
650.000000	100.340	-51.8141
660.000000	100.359	-52.1523
670.000000	100.388	-52.5424
680.000000	100.413	-52.8680
690.000000	100.425	-53.1333
700.000000	100.435	-53.4071
710.000000	100.450	-53.6992
720.000000	100.470	-53.9764
730.000000	100.494	-54.2346
740.000000	100.519	-54.4949
750.000000	100.545	-54.7601
762.000000	100.574	-55.0559
775.000000	100.605	-55.3468
788.000000	100.638	-55.6393
800.000000	100.672	-55.9170
812.000000	100.705	-56.1581
825.000000	100.743	-56.4006
838.000000	100.787	-56.6639
850.000000	100.837	-56.9178
862.000000	100.889	-57.1557
875.000000	100.943	-57.3978
885.000000	100.981	-57.5900
900.000000	101.040	-57.8851
912.000000	101.093	-58.1321
925.000000	101.157	-58.3953
938.000000	101.225	-58.6661
950.000000	101.279	-58.9531
962.000000	101.317	-59.2733
975.000000	101.356	-59.5873
988.000000	101.419	-59.8710
1000.000000	101.501	-60.1836
1015.000000	101.624	-60.6609
1030.000000	101.746	-61.1824
1044.000000	101.839	-61.6889
1060.000000	101.917	-62.2415
1075.000000	101.986	-62.7673
1090.000000	102.068	-63.3911
1106.000000	102.171	-64.1046
1120.000000	102.256	-64.7234
1138.000000	102.348	-65.5218
1150.000000	102.398	-66.0515
1172.000000	102.481	-67.0238
1180.000000	102.513	-67.3764
1206.000000	102.636	-68.5649
1220.000000	102.709	-69.2074
1241.000000	102.813	-70.1714
1250.000000	102.858	-70.6087
1265.000000	102.933	-71.3985
1280.000000	103.009	-72.2491
1315.000000	103.168	-74.3402
1320.000000	103.187	-74.6379
1340.000000	103.260	-75.7993
1360.000000	103.330	-76.9384
1380.000000	103.397	-78.0632
1400.000000	103.450	-79.1306
1430.000000	103.505	-80.6232
1450.000000	103.545	-81.6008
1475.000000	103.608	-82.8079
1500.000000	103.673	-83.9585
1525.000000	103.732	-85.0623
1550.000000	103.785	-86.1414
1575.000000	103.834	-87.1828
1600.000000	103.887	-88.1998
1625.000000	103.946	-89.2092
1650.000000	104.003	-90.2056
1675.000000	104.056	-91.1733
1700.000000	104.107	-92.1182
1725.000000	104.158	-93.0329
1750.000000	104.209	-93.8948
1775.000000	104.259	-94.7142
1800.000000	104.306	-95.4860
1825.000000	104.356	-96.2027
1850.000000	104.411	-96.8641
1875.000000	104.470	-97.4456
1900.000000	104.537	-97.9333
1925.000000	104.620	-98.3436
1950.000000	104.728	-98.7220
1975.000000	104.864	-99.1323
2000.000000	105.022	-99.6493
2030.000000	105.230	-100.4771
2060.000000	105.443	-101.5555
2090.000000	105.641	-102.8708
2120.000000	105.808	-104.3639
2140.000000	105.900	-105.3939
2180.000000	106.043	-107.3796
2200.000000	106.099	-108.2828
2240.000000	106.200	-109.8818
2270.000000	106.281	-110.9165
2300.000000	106.372	-111.8073
2330.000000	106.474	-112.5844
2360.000000	106.595	-113.3058
2400.000000	106.788	-114.2769
2430.000000	106.957	-115.0739
2470.000000	107.205	-116.2933
2500.000000	107.396	-117.3171
2540.000000	107.635	-118.7377
2580.000000	107.872	-120.1495
2620.000000	108.135	-121.5780
2650.000000	108.357	-122.7107
2690.000000	108.676	-124.4059
2720.000000	108.920	-125.8841
2760.000000	109.233	-128.1420
2800.000000	109.520	-130.6479
2850.000000	109.835	-133.9308
2900.000000	110.116	-137.3207
2950.000000	110.376	-140.8453
3000.000000	110.605	-144.5059
3040.000000	110.760	-147.4925
3070.000000	110.861	-149.7585
3110.000000	110.975	-152.7913
3150.000000	111.072	-155.8063
3200.000000	111.175	-159.5210
3250.000000	111.264	-163.1682
3300.000000	111.341	-166.7682
3350.000000	111.392	-170.3188
3400.000000	111.402	-173.7960
3450.000000	111.378	-177.1776
3500.000000	111.331	179.5394
3550.000000	111.269	176.3431
3600.000000	111.187	173.2353
3650.000000	111.089	170.2120
3700.000000	110.987	167.2764
3750.000000	110.890	164.4609
3820.000000	110.770	160.7246
3870.000000	110.679	158.2144
3950.000000	110.504	154.4739
4000.000000	110.377	152.2857
4060.000000	110.201	149.8253
4120.000000	110.006	147.5145
4180.000000	109.790	145.3445
4250.000000	109.531	142.9879
4310.000000	109.325	141.0963
4370.000000	109.142	139.2975
4440.000000	108.947	137.3217
4500.000000	108.791	135.7117
4550.000000	108.671	134.4183
4620.000000	108.516	132.6807
4680.000000	108.397	131.2642
4750.000000	108.275	129.7020
4820.000000	108.168	128.2291
4870.000000	108.099	127.2400
4940.000000	108.018	125.9419
5000.000000	107.961	124.9189
5080.000000	107.902	123.6965
5150.000000	107.868	122.7607
5220.000000	107.851	121.9423
5300.000000	107.848	121.1204
5380.000000	107.868	120.4028
5450.000000	107.923	119.8468
5520.000000	108.031	119.3185
5600.000000	108.235	118.6578
5700.000000	108.619	117.4946
5800.000000	109.130	115.5287
5900.000000	109.720	112.2742
6000.000000	110.276	107.3995
6080.000000	110.589	102.4406
6150.000000	110.715	97.6599
6220.000000	110.690	92.8859
6300.000000	110.498	87.9758
6400.000000	110.120	83.2548
6500.000000	109.744	80.2168
6600.000000	109.494	78.4036
6700.000000	109.428	77.1296
6800.000000	109.555	75.7366
6900.000000	109.853	73.6755
7000.000000	110.279	70.4996
7100.000000	110.769	65.8699
7200.000000	111.243	59.5626
7300.000000	111.611	51.4408
7400.000000	111.733	41.5932
7500.000000	111.477	30.9008
7620.000000	110.652	18.6611
7750.000000	109.275	7.7850
7880.000000	107.647	0.1074
8000.000000	106.121	-4.4048
8120.000000	104.687	-7.0137
8250.000000	103.288	-8.3143
8380.000000	102.058	-8.5128
8500.000000	101.062	-8.0158
8620.000000	100.181	-7.0592
8750.000000	99.340	-5.6428
8850.000000	98.770	-4.3566
9000.000000	98.030	-2.2102
9120.000000	97.529	-0.3635
9250.000000	97.067	1.6918
9380.000000	96.677	3.7622
9500.000000	96.380	5.6628
9620.000000	96.144	7.4957
9750.000000	95.955	9.3743
9880.000000	95.835	11.0891
10000.000000	95.788	12.4716
10150.000000	95.811	13.8853
10300.000000	95.905	14.8715
10440.000000	96.037	15.3394
10600.000000	96.227	15.2855
10750.000000	96.428	14.6409
10900.000000	96.632	13.4572
11060.000000	96.826	11.6899
11200.000000	96.962	9.7883
11380.000000	97.087	6.9659
11500.000000	97.139	4.9333
11720.000000	97.179	1.3443
11800.000000	97.189	0.1129
12060.000000	97.212	-3.9553
12200.000000	97.222	-6.1248
12410.000000	97.278	-9.3369
12500.000000	97.322	-10.7943
12650.000000	97.400	-13.3818
12800.000000	97.474	-15.9952
13150.000000	97.743	-21.6904
13200.000000	97.800	-22.4517
13400.000000	98.103	-25.3568
13600.000000	98.595	-28.2449
13800.000000	99.394	-31.6172
14000.000000	100.661	-36.4324
14300.000000	103.359	-49.7271
14500.000000	105.068	-65.1849
14750.000000	106.086	-91.6671
15000.000000	105.346	-119.0215
15250.000000	103.386	-139.5613
15500.000000	101.228	-152.4918
15750.000000	99.388	-161.3457
16000.000000	97.904	-168.8807
16250.000000	96.694	-176.3228
16500.000000	95.979	175.4615
16750.000000	96.016	165.5670
17000.000000	96.494	153.2509
17250.000000	97.065	138.1255
17500.000000	97.527	120.2660
17750.000000	97.752	100.2496
18000.000000	97.720	78.9382
18250.000000	97.497	57.0605
18500.000000	97.205	34.7776
18750.000000	96.973	11.7634
19000.000000	96.904	-12.8204
19250.000000	96.994	-40.3470
19500.000000	97.052	-71.8879
19750.000000	96.863	-106.9702
20000.000000	96.570	-139.9955
