* Measurement data measured by REW V5.31
* Source: Headset (USB-C to 3.5mm Headphone Jack Adapter), MICROPHONE, L, volume: 0.250. Timing signal peak level -34.4 dBFS, measurement signal peak level -34.6 dBFS
* Format: 1M Log Swept Sine, 1 sweep at 0.0 dBFS using an acoustic timing reference
* Dated: 11-Apr-2024 14:52:29
* REW Settings:
*  C-weighting compensation: Off
*  Target level: 75.0 dB
* Note: ; Delay -0.4553 ms (-156 mm, -6.15 in) using estimated IR delay relative to Acoustic reference played from SPEAKER R with no timing offset Clock adjustment: -22.3 ppm
* Measurement: B3Spring R2
* Smoothing: 1/24 octave
* Frequency Step: 1/48 octave
* Start Frequency: 20.000 Hz
*
* Freq(Hz)	SPL(dB)	Phase(degrees)
20.000000	107.177	50.4771
20.299999	107.210	49.6240
20.600000	107.265	48.8924
20.900000	107.347	48.1555
21.200001	107.445	47.2941
21.400000	107.509	46.6254
21.799999	107.607	45.1223
22.000000	107.635	44.3534
22.400000	107.650	42.9676
22.700001	107.647	42.1555
23.000000	107.653	41.5350
23.299999	107.684	41.0189
23.600000	107.739	40.4878
24.000000	107.833	39.6026
24.299999	107.898	38.7840
24.700001	107.955	37.5801
25.000000	107.974	36.6884
25.400000	107.980	35.6160
25.799999	107.982	34.6956
26.200001	107.992	33.8675
26.500000	108.006	33.2585
26.900000	108.030	32.4185
27.200001	108.048	31.7559
27.600000	108.068	30.8303
28.000000	108.079	29.8733
28.500000	108.074	28.6875
29.000000	108.053	27.5967
29.500000	108.030	26.6469
30.000000	108.021	25.7856
30.400000	108.024	25.0893
30.700001	108.029	24.5384
31.100000	108.030	23.7708
31.500000	108.021	23.0004
32.000000	107.999	22.1039
32.500000	107.973	21.3284
33.000000	107.957	20.6586
33.500000	107.957	20.0201
34.000000	107.970	19.3225
34.500000	107.981	18.5216
35.000000	107.977	17.6591
35.500000	107.955	16.8279
36.000000	107.926	16.0843
36.500000	107.901	15.3985
37.000000	107.878	14.7080
37.500000	107.851	14.0038
38.200001	107.799	13.0999
38.700001	107.767	12.5458
39.500000	107.738	11.6589
40.000000	107.719	11.0376
40.599998	107.682	10.2942
41.200001	107.641	9.6391
41.799999	107.611	9.0326
42.500000	107.584	8.2579
43.099998	107.549	7.5501
43.700001	107.501	6.9024
44.400002	107.447	6.2649
45.000000	107.409	5.7555
45.500000	107.380	5.3210
46.200001	107.336	4.7029
46.799999	107.295	4.1805
47.500000	107.245	3.5870
48.200001	107.192	3.0258
48.700001	107.155	2.6482
49.400002	107.105	2.1370
50.000000	107.062	1.7104
50.799999	107.005	1.1793
51.500000	106.958	0.7360
52.200001	106.914	0.2646
53.000000	106.857	-0.3035
53.799999	106.791	-0.8130
54.500000	106.736	-1.1760
55.200001	106.690	-1.5282
56.000000	106.638	-1.9935
57.000000	106.556	-2.5713
58.000000	106.474	-3.0406
59.000000	106.400	-3.5003
60.000000	106.325	-3.9541
60.799999	106.267	-4.3181
61.500000	106.215	-4.6464
62.200001	106.161	-4.9678
63.000000	106.098	-5.3192
64.000000	106.014	-5.7203
65.000000	105.929	-6.0109
66.000000	105.860	-6.2493
67.000000	105.795	-6.5872
68.000000	105.712	-6.9379
69.000000	105.624	-7.2002
70.000000	105.542	-7.4368
71.000000	105.464	-7.6874
72.000000	105.384	-7.9508
73.000000	105.303	-8.1751
74.000000	105.228	-8.3501
75.000000	105.159	-8.5091
76.199997	105.083	-8.7184
77.500000	104.990	-8.9380
78.800003	104.895	-9.0781
80.000000	104.805	-9.1994
81.199997	104.716	-9.3013
82.500000	104.621	-9.4296
83.800003	104.527	-9.5726
85.000000	104.438	-9.6928
86.199997	104.352	-9.7675
87.500000	104.264	-9.8194
88.500000	104.198	-9.8538
90.000000	104.093	-9.9010
91.199997	104.007	-9.8767
92.500000	103.917	-9.8533
93.800003	103.827	-9.8193
95.000000	103.745	-9.7818
96.199997	103.662	-9.7350
97.500000	103.573	-9.6642
98.800003	103.486	-9.5639
100.000000	103.409	-9.5000
101.500000	103.305	-9.4302
103.000000	103.199	-9.2896
104.400002	103.106	-9.1477
106.000000	102.998	-8.9875
107.500000	102.896	-8.8119
109.000000	102.796	-8.5982
110.599998	102.689	-8.3727
112.000000	102.591	-8.1663
113.800003	102.459	-7.8124
115.000000	102.377	-7.5404
117.199997	102.232	-7.0608
118.000000	102.177	-6.8756
120.599998	102.000	-6.1909
122.000000	101.894	-5.7200
124.099998	101.742	-4.7782
125.000000	101.678	-4.3280
126.500000	101.579	-3.4017
128.000000	101.505	-2.3127
131.500000	101.488	0.6453
132.000000	101.511	1.0247
134.000000	101.635	2.0683
136.000000	101.746	2.5493
138.000000	101.857	2.6249
140.000000	101.919	2.1752
143.000000	101.844	1.5883
145.000000	101.766	1.6188
147.500000	101.664	1.8313
150.000000	101.564	2.0659
152.500000	101.471	2.3645
155.000000	101.378	2.8214
157.500000	101.317	3.4079
160.000000	101.246	3.8752
162.500000	101.167	4.5049
165.000000	101.097	5.1606
167.500000	101.017	5.7889
170.000000	100.918	6.4245
172.500000	100.813	7.1632
175.000000	100.729	7.9099
177.500000	100.668	8.5850
180.000000	100.615	9.2284
182.500000	100.569	9.9006
185.000000	100.534	10.6095
187.500000	100.512	11.3069
190.000000	100.490	11.9988
192.500000	100.462	12.7043
195.000000	100.432	13.4069
197.500000	100.404	14.1013
200.000000	100.378	14.7878
203.000000	100.348	15.6169
206.000000	100.312	16.4141
209.000000	100.277	17.2643
212.000000	100.244	18.0824
214.000000	100.221	18.6289
218.000000	100.185	19.6877
220.000000	100.169	20.1816
224.000000	100.135	21.1692
227.000000	100.105	21.9861
230.000000	100.077	22.8371
233.000000	100.054	23.6901
236.000000	100.034	24.5228
240.000000	100.007	25.5813
243.000000	99.989	26.3295
247.000000	99.970	27.3581
250.000000	99.957	28.1551
254.000000	99.944	29.2679
258.000000	99.931	30.3627
262.000000	99.923	31.4779
265.000000	99.916	32.2916
269.000000	99.905	33.4934
272.000000	99.913	34.4677
276.000000	99.945	35.6730
280.000000	99.982	36.7826
285.000000	100.048	38.0170
290.000000	100.114	38.9816
295.000000	100.162	39.9441
300.000000	100.185	40.8801
304.000000	100.184	41.6074
307.000000	100.181	42.0924
311.000000	100.186	42.8119
315.000000	100.197	43.6437
320.000000	100.202	44.6285
325.000000	100.205	45.6572
330.000000	100.214	46.6043
335.000000	100.213	47.5519
340.000000	100.212	48.6231
345.000000	100.222	49.7447
350.000000	100.234	50.8243
355.000000	100.242	51.8390
360.000000	100.247	52.8052
365.000000	100.258	53.6910
370.000000	100.285	54.6222
375.000000	100.303	55.6691
382.000000	100.313	57.0147
387.000000	100.326	57.9773
395.000000	100.340	59.5214
400.000000	100.349	60.4935
406.000000	100.361	61.6459
412.000000	100.373	62.7961
418.000000	100.385	63.9309
425.000000	100.401	65.2716
431.000000	100.416	66.4076
437.000000	100.430	67.5200
444.000000	100.442	68.8434
450.000000	100.451	69.9932
455.000000	100.459	70.9478
462.000000	100.472	72.2715
468.000000	100.485	73.3763
475.000000	100.500	74.6683
482.000000	100.511	75.9872
487.000000	100.517	76.9306
494.000000	100.526	78.2470
500.000000	100.534	79.3596
508.000000	100.547	80.8318
515.000000	100.558	82.1364
522.000000	100.569	83.4476
530.000000	100.581	84.9524
538.000000	100.593	86.4502
545.000000	100.604	87.7649
552.000000	100.614	89.0830
560.000000	100.625	90.5891
570.000000	100.640	92.4579
580.000000	100.654	94.3386
590.000000	100.670	96.2328
600.000000	100.686	98.1160
608.000000	100.696	99.6299
615.000000	100.705	100.9755
622.000000	100.714	102.3231
630.000000	100.725	103.8526
640.000000	100.741	105.7451
650.000000	100.758	107.6504
660.000000	100.773	109.5777
670.000000	100.789	111.5239
680.000000	100.805	113.4780
690.000000	100.821	115.4286
700.000000	100.840	117.3849
710.000000	100.859	119.3368
720.000000	100.878	121.3005
730.000000	100.898	123.2799
740.000000	100.920	125.2633
750.000000	100.942	127.2575
762.000000	100.971	129.6594
775.000000	101.003	132.2693
788.000000	101.038	134.8833
800.000000	101.074	137.2885
812.000000	101.112	139.7034
825.000000	101.156	142.3260
838.000000	101.200	144.9690
850.000000	101.243	147.4164
862.000000	101.291	149.8530
875.000000	101.348	152.4810
885.000000	101.393	154.4978
900.000000	101.463	157.5140
912.000000	101.520	159.9265
925.000000	101.586	162.5358
938.000000	101.653	165.1215
950.000000	101.707	167.4772
962.000000	101.747	169.8171
975.000000	101.795	172.3439
988.000000	101.872	174.8534
1000.000000	101.963	177.1346
1015.000000	102.082	179.9566
1030.000000	102.198	-177.2444
1044.000000	102.296	-174.6745
1060.000000	102.401	-171.7910
1075.000000	102.497	-169.1288
1090.000000	102.589	-166.4906
1106.000000	102.682	-163.7077
1120.000000	102.762	-161.3093
1138.000000	102.863	-158.2759
1150.000000	102.927	-156.2753
1172.000000	103.036	-152.6380
1180.000000	103.073	-151.3275
1206.000000	103.191	-147.0970
1220.000000	103.252	-144.8314
1241.000000	103.343	-141.4454
1250.000000	103.382	-139.9998
1265.000000	103.445	-137.6030
1280.000000	103.508	-135.2159
1315.000000	103.646	-129.6664
1320.000000	103.664	-128.8751
1340.000000	103.734	-125.7023
1360.000000	103.799	-122.5179
1380.000000	103.859	-119.3091
1400.000000	103.915	-116.0730
1430.000000	103.995	-111.1484
1450.000000	104.048	-107.8020
1475.000000	104.118	-103.5521
1500.000000	104.200	-99.2705
1525.000000	104.294	-95.0314
1550.000000	104.391	-90.8878
1575.000000	104.480	-86.8227
1600.000000	104.557	-82.7738
1625.000000	104.625	-78.6872
1650.000000	104.686	-74.5550
1675.000000	104.740	-70.3728
1700.000000	104.795	-66.1547
1725.000000	104.854	-61.9069
1750.000000	104.916	-57.6328
1775.000000	104.974	-53.3254
1800.000000	105.030	-48.9774
1825.000000	105.088	-44.6046
1850.000000	105.151	-40.2052
1875.000000	105.217	-35.7604
1900.000000	105.285	-31.2525
1925.000000	105.358	-26.6664
1950.000000	105.444	-22.0031
1975.000000	105.556	-17.3001
2000.000000	105.700	-12.6512
2030.000000	105.906	-7.2922
2060.000000	106.119	-2.2612
2090.000000	106.314	2.5095
2120.000000	106.481	7.1655
2140.000000	106.578	10.2614
2180.000000	106.751	16.5055
2200.000000	106.830	19.6743
2240.000000	106.986	26.0883
2270.000000	107.106	30.9357
2300.000000	107.228	35.7986
2330.000000	107.355	40.6531
2360.000000	107.488	45.4736
2400.000000	107.666	51.8571
2430.000000	107.796	56.6361
2470.000000	107.966	62.9911
2500.000000	108.094	67.7523
2540.000000	108.264	74.1133
2580.000000	108.433	80.5099
2620.000000	108.609	86.9275
2650.000000	108.751	91.7540
2690.000000	108.961	98.2068
2720.000000	109.138	103.0043
2760.000000	109.397	109.1957
2800.000000	109.667	115.0349
2850.000000	109.974	121.8635
2900.000000	110.224	128.3939
2950.000000	110.422	134.8130
3000.000000	110.584	141.1882
3040.000000	110.692	146.2781
3070.000000	110.764	150.0812
3110.000000	110.847	155.1339
3150.000000	110.921	160.1710
3200.000000	111.005	166.4524
3250.000000	111.079	172.7212
3300.000000	111.143	178.9727
3350.000000	111.184	-174.7914
3400.000000	111.189	-168.5612
3450.000000	111.157	-162.2957
3500.000000	111.092	-155.9700
3550.000000	111.006	-149.5743
3600.000000	110.912	-143.1053
3650.000000	110.818	-136.5728
3700.000000	110.728	-129.9904
3750.000000	110.642	-123.3532
3820.000000	110.537	-114.0020
3870.000000	110.465	-107.2877
3950.000000	110.340	-96.5042
4000.000000	110.237	-89.7377
4060.000000	110.067	-81.5541
4120.000000	109.861	-73.2858
4180.000000	109.636	-64.9171
4250.000000	109.375	-55.0436
4310.000000	109.167	-46.5178
4370.000000	108.972	-37.9573
4440.000000	108.756	-27.9323
4500.000000	108.584	-19.3179
4550.000000	108.454	-12.1305
4620.000000	108.288	-2.0606
4680.000000	108.155	6.5757
4750.000000	108.007	16.6685
4820.000000	107.869	26.7911
4870.000000	107.777	34.0497
4940.000000	107.666	44.2419
5000.000000	107.583	53.0042
5080.000000	107.487	64.7262
5150.000000	107.414	75.0233
5220.000000	107.349	85.3453
5300.000000	107.288	97.1782
5380.000000	107.245	109.0807
5450.000000	107.241	119.5482
5520.000000	107.286	130.0225
5600.000000	107.416	141.9080
5700.000000	107.712	156.3932
5800.000000	108.150	170.0337
5900.000000	108.680	-177.7091
6000.000000	109.185	-167.2064
6080.000000	109.463	-159.9866
6150.000000	109.560	-154.2257
6220.000000	109.503	-148.5730
6300.000000	109.267	-141.7026
6400.000000	108.806	-131.8590
6500.000000	108.305	-120.3972
6600.000000	107.897	-107.6416
6700.000000	107.650	-94.1543
6800.000000	107.584	-80.4756
6900.000000	107.689	-67.0229
7000.000000	107.946	-54.0914
7100.000000	108.339	-41.9105
7200.000000	108.855	-30.6798
7300.000000	109.494	-20.7642
7400.000000	110.195	-12.7640
7500.000000	110.841	-6.9226
7620.000000	111.368	-2.6818
7750.000000	111.389	-0.5532
7880.000000	110.691	1.2543
8000.000000	109.512	4.6882
8120.000000	108.056	10.7584
8250.000000	106.416	20.2141
8380.000000	104.873	31.9922
8500.000000	103.590	44.2747
8620.000000	102.447	57.4476
8750.000000	101.360	72.3467
8850.000000	100.624	84.0615
9000.000000	99.667	101.8362
9120.000000	99.012	116.1315
9250.000000	98.398	131.5991
9380.000000	97.867	146.9653
9500.000000	97.451	161.0094
9620.000000	97.104	174.8674
9750.000000	96.802	-170.3722
9880.000000	96.582	-155.9291
10000.000000	96.445	-142.9246
10150.000000	96.349	-127.1748
10300.000000	96.323	-112.0767
10440.000000	96.355	-98.6488
10600.000000	96.439	-84.1033
10750.000000	96.535	-71.2098
10900.000000	96.626	-59.0337
11060.000000	96.703	-46.7708
11200.000000	96.751	-36.5747
11380.000000	96.789	-24.1228
11500.000000	96.788	-16.2024
11720.000000	96.708	-2.2349
11800.000000	96.660	2.6942
12060.000000	96.442	18.1025
12200.000000	96.279	26.1451
12410.000000	95.986	38.1716
12500.000000	95.852	43.3071
12650.000000	95.618	51.7856
12800.000000	95.370	60.2506
13150.000000	94.870	80.2030
13200.000000	94.809	83.0642
13400.000000	94.602	94.5317
13600.000000	94.492	106.0156
13800.000000	94.555	117.4674
14000.000000	94.919	128.6381
14300.000000	96.203	144.5229
14500.000000	97.449	153.9891
14750.000000	99.396	163.1115
15000.000000	101.772	166.9863
15250.000000	104.067	163.0940
15500.000000	105.301	151.8839
15750.000000	104.867	138.5360
16000.000000	103.169	128.5048
16250.000000	100.983	123.0978
16500.000000	99.036	120.7667
16750.000000	97.860	119.6194
17000.000000	97.329	118.1808
17250.000000	97.110	115.4387
17500.000000	96.963	110.7860
17750.000000	96.690	104.2299
18000.000000	96.203	96.3983
18250.000000	95.525	88.0100
18500.000000	94.756	79.4191
18750.000000	94.053	70.4285
19000.000000	93.591	60.3438
19250.000000	93.452	48.1083
19500.000000	93.498	32.5852
19750.000000	93.507	13.9061
20000.000000	93.443	5.3154
