* Measurement data measured by REW V5.31
* Source: Headset (USB-C to 3.5mm Headphone Jack Adapter), MICROPHONE, L, volume: 0.250. Timing signal peak level -34.6 dBFS, measurement signal peak level -32.2 dBFS
* Format: 1M Log Swept Sine, 1 sweep at 0.0 dBFS using an acoustic timing reference
* Dated: 11-Apr-2024 14:58:03
* REW Settings:
*  C-weighting compensation: Off
*  Target level: 75.0 dB
* Note: ; Delay 0.0216 ms (7.4 mm, 0.29 in) using estimated IR delay relative to Acoustic reference played from SPEAKER L with no timing offset Clock adjustment: 12.7 ppm
* Measurement: B3Spring L4
* Smoothing: 1/24 octave
* Frequency Step: 1/48 octave
* Start Frequency: 20.000 Hz
*
* Freq(Hz)	SPL(dB)	Phase(degrees)
20.000000	104.806	57.9359
20.299999	104.936	57.9895
20.600000	105.166	57.1819
20.900000	105.368	55.4326
21.200001	105.439	53.2517
21.400000	105.401	51.9756
21.799999	105.228	50.8577
22.000000	105.196	51.1962
22.400000	105.488	52.7244
22.700001	106.035	52.9922
23.000000	106.677	51.4583
23.299999	107.200	48.2106
23.600000	107.457	44.0267
24.000000	107.297	38.9150
24.299999	106.878	36.9796
24.700001	106.329	38.5862
25.000000	106.338	42.2016
25.400000	107.102	45.8411
25.799999	108.147	44.7631
26.200001	108.824	39.7446
26.500000	108.922	34.9286
26.900000	108.488	29.1709
27.200001	107.820	26.6926
27.600000	106.788	27.4799
28.000000	106.171	32.6873
28.500000	106.463	39.4801
29.000000	107.246	41.1924
29.500000	107.800	39.1577
30.000000	108.054	36.0870
30.400000	108.159	33.6311
30.700001	108.223	31.7457
31.100000	108.282	28.9973
31.500000	108.271	25.9723
32.000000	108.094	22.2864
32.500000	107.751	19.6410
33.000000	107.383	18.8140
33.500000	107.199	19.5701
34.000000	107.282	20.6071
34.500000	107.502	20.8140
35.000000	107.675	20.2727
35.500000	107.748	19.7518
36.000000	107.801	19.6575
36.500000	107.902	19.5911
37.000000	108.003	18.9739
37.500000	107.992	17.8773
38.200001	107.753	16.8397
38.700001	107.570	16.9747
39.500000	107.494	17.2020
40.000000	107.490	16.4451
40.599998	107.392	15.0270
41.200001	107.242	13.9236
41.799999	107.180	13.1477
42.500000	107.229	11.7314
43.099998	107.237	10.0023
43.700001	107.150	8.6657
44.400002	107.075	8.5702
45.000000	107.215	9.1539
45.500000	107.462	9.0505
46.200001	107.743	7.3677
46.799999	107.745	5.4833
47.500000	107.543	4.4316
48.200001	107.370	4.6333
48.700001	107.299	4.8756
49.400002	107.197	5.1274
50.000000	107.126	5.5131
50.799999	107.157	5.7888
51.500000	107.242	5.1033
52.200001	107.281	3.6832
53.000000	107.242	1.7784
53.799999	107.134	0.2786
54.500000	107.072	-0.4240
55.200001	107.092	-0.9723
56.000000	107.150	-1.8807
57.000000	107.147	-3.3547
58.000000	106.972	-4.2516
59.000000	106.789	-3.7880
60.000000	106.691	-3.0394
60.799999	106.643	-2.2773
61.500000	106.674	-1.7423
62.200001	106.728	-1.6919
63.000000	106.768	-2.0073
64.000000	106.807	-2.9165
65.000000	106.731	-4.1842
66.000000	106.609	-4.8328
67.000000	106.557	-5.6231
68.000000	106.423	-6.8555
69.000000	106.236	-7.3648
70.000000	106.158	-7.8706
71.000000	106.031	-8.5225
72.000000	106.006	-8.4256
73.000000	106.084	-9.4950
74.000000	105.952	-10.5205
75.000000	105.902	-10.4177
76.199997	105.848	-11.0980
77.500000	105.815	-10.7234
78.800003	105.818	-12.0278
80.000000	105.777	-12.0118
81.199997	105.860	-14.1686
82.500000	105.435	-14.2625
83.800003	105.635	-12.6389
85.000000	105.520	-14.6660
86.199997	105.179	-13.1844
87.500000	105.162	-12.3798
88.500000	105.082	-12.1292
90.000000	105.115	-13.2598
91.199997	104.824	-13.6205
92.500000	104.943	-11.3712
93.800003	105.317	-12.5950
95.000000	105.358	-15.0938
96.199997	105.121	-16.2322
97.500000	105.142	-14.6721
98.800003	105.431	-16.8500
100.000000	105.154	-19.5730
101.500000	104.846	-19.9411
103.000000	104.408	-18.8862
104.400002	104.258	-15.2385
106.000000	104.338	-13.5958
107.500000	104.660	-15.4930
109.000000	104.606	-22.5720
110.599998	104.025	-25.6898
112.000000	104.203	-23.9299
113.800003	104.496	-25.2751
115.000000	104.220	-25.1123
117.199997	103.521	-18.8959
118.000000	103.529	-15.8256
120.599998	103.948	-14.1082
122.000000	103.890	-15.3627
124.099998	103.112	-15.5947
125.000000	102.803	-14.2888
126.500000	102.713	-14.7173
128.000000	102.889	-18.8459
131.500000	103.950	-24.3163
132.000000	104.095	-24.5138
134.000000	104.297	-25.3840
136.000000	103.856	-26.0455
138.000000	103.274	-24.3856
140.000000	103.099	-17.1880
143.000000	103.477	-7.2623
145.000000	103.046	-9.0264
147.500000	102.186	-17.9266
150.000000	102.121	-24.5861
152.500000	102.419	-21.0679
155.000000	102.112	-16.4568
157.500000	102.292	-16.1201
160.000000	102.933	-18.8419
162.500000	103.213	-15.7295
165.000000	103.031	-12.2928
167.500000	102.636	-13.6249
170.000000	102.391	-15.8330
172.500000	102.476	-16.0613
175.000000	102.447	-15.1599
177.500000	102.397	-15.4904
180.000000	102.233	-16.5731
182.500000	102.231	-16.0668
185.000000	102.281	-16.5663
187.500000	102.144	-16.4534
190.000000	102.095	-14.4447
192.500000	102.231	-13.3611
195.000000	102.313	-13.7892
197.500000	102.314	-14.7648
200.000000	102.209	-15.7031
203.000000	102.026	-15.4821
206.000000	101.973	-15.0438
209.000000	101.950	-15.2859
212.000000	101.889	-14.9141
214.000000	101.880	-14.2116
218.000000	101.854	-13.1540
220.000000	101.795	-13.0030
224.000000	101.668	-13.1314
227.000000	101.649	-12.7545
230.000000	101.662	-12.4719
233.000000	101.668	-12.4714
236.000000	101.692	-12.7252
240.000000	101.720	-12.4603
243.000000	101.710	-12.2709
247.000000	101.668	-12.0997
250.000000	101.676	-12.1107
254.000000	101.675	-12.1404
258.000000	101.650	-12.0058
262.000000	101.648	-11.8059
265.000000	101.643	-11.6710
269.000000	101.620	-11.5591
272.000000	101.616	-11.3900
276.000000	101.638	-11.2313
280.000000	101.649	-11.0397
285.000000	101.638	-10.8461
290.000000	101.586	-10.6956
295.000000	101.595	-10.3844
300.000000	101.616	-10.4182
304.000000	101.622	-10.3499
307.000000	101.631	-10.2928
311.000000	101.635	-10.3010
315.000000	101.625	-10.2772
320.000000	101.618	-10.0737
325.000000	101.607	-9.7638
330.000000	101.611	-9.5870
335.000000	101.607	-9.8617
340.000000	101.625	-9.9047
345.000000	101.665	-9.6678
350.000000	101.679	-9.4715
355.000000	101.708	-9.4706
360.000000	101.729	-9.6945
365.000000	101.743	-9.5471
370.000000	101.761	-9.3595
375.000000	101.758	-9.4552
382.000000	101.772	-9.4734
387.000000	101.775	-9.4089
395.000000	101.780	-9.5592
400.000000	101.795	-9.5722
406.000000	101.810	-9.5304
412.000000	101.815	-9.5096
418.000000	101.821	-9.5126
425.000000	101.822	-9.5574
431.000000	101.823	-9.5780
437.000000	101.828	-9.5768
444.000000	101.843	-9.5536
450.000000	101.857	-9.5686
455.000000	101.866	-9.5952
462.000000	101.877	-9.6730
468.000000	101.883	-9.6915
475.000000	101.898	-9.6644
482.000000	101.919	-9.7009
487.000000	101.926	-9.7614
494.000000	101.922	-9.7707
500.000000	101.924	-9.8574
508.000000	101.942	-9.8934
515.000000	101.953	-9.8621
522.000000	101.956	-9.9209
530.000000	101.972	-9.9521
538.000000	101.984	-9.9441
545.000000	101.994	-9.9783
552.000000	102.003	-10.0231
560.000000	102.008	-10.0540
570.000000	102.009	-10.0816
580.000000	102.017	-10.1128
590.000000	102.028	-10.0842
600.000000	102.040	-10.0674
608.000000	102.049	-10.0853
615.000000	102.060	-10.1085
622.000000	102.071	-10.1144
630.000000	102.079	-10.0927
640.000000	102.084	-10.0496
650.000000	102.093	-10.0135
660.000000	102.108	-9.9874
670.000000	102.126	-9.9559
680.000000	102.143	-9.8949
690.000000	102.157	-9.8327
700.000000	102.172	-9.7729
710.000000	102.189	-9.7064
720.000000	102.207	-9.6274
730.000000	102.224	-9.5288
740.000000	102.243	-9.4193
750.000000	102.267	-9.3137
762.000000	102.299	-9.1900
775.000000	102.333	-9.0499
788.000000	102.361	-8.8711
800.000000	102.388	-8.6989
812.000000	102.422	-8.5376
825.000000	102.467	-8.3687
838.000000	102.520	-8.2076
850.000000	102.572	-8.0319
862.000000	102.626	-7.8435
875.000000	102.685	-7.6578
885.000000	102.728	-7.5131
900.000000	102.796	-7.2924
912.000000	102.856	-7.1304
925.000000	102.928	-6.9636
938.000000	103.001	-6.8214
950.000000	103.059	-6.7169
962.000000	103.104	-6.6149
975.000000	103.158	-6.5237
988.000000	103.242	-6.4594
1000.000000	103.338	-6.4172
1015.000000	103.464	-6.4030
1030.000000	103.589	-6.4349
1044.000000	103.698	-6.5005
1060.000000	103.815	-6.6249
1075.000000	103.921	-6.7780
1090.000000	104.026	-6.9767
1106.000000	104.135	-7.2416
1120.000000	104.229	-7.5071
1138.000000	104.349	-7.8862
1150.000000	104.426	-8.1626
1172.000000	104.556	-8.7141
1180.000000	104.600	-8.9270
1206.000000	104.737	-9.6554
1220.000000	104.811	-10.0688
1241.000000	104.924	-10.7343
1250.000000	104.972	-11.0286
1265.000000	105.047	-11.5182
1280.000000	105.118	-12.0029
1315.000000	105.279	-13.1458
1320.000000	105.301	-13.3110
1340.000000	105.392	-13.9747
1360.000000	105.479	-14.6353
1380.000000	105.561	-15.2797
1400.000000	105.636	-15.9077
1430.000000	105.740	-16.8271
1450.000000	105.809	-17.4239
1475.000000	105.894	-18.1524
1500.000000	105.976	-18.8573
1525.000000	106.054	-19.5351
1550.000000	106.129	-20.1786
1575.000000	106.204	-20.7896
1600.000000	106.278	-21.3577
1625.000000	106.353	-21.8662
1650.000000	106.427	-22.3085
1675.000000	106.509	-22.6678
1700.000000	106.606	-22.9895
1725.000000	106.721	-23.2712
1750.000000	106.854	-23.6249
1775.000000	107.002	-24.1304
1800.000000	107.149	-24.7878
1825.000000	107.282	-25.5339
1850.000000	107.401	-26.2939
1875.000000	107.508	-27.0219
1900.000000	107.611	-27.7146
1925.000000	107.710	-28.3736
1950.000000	107.808	-29.0035
1975.000000	107.907	-29.6110
2000.000000	108.009	-30.2078
2030.000000	108.135	-30.9081
2060.000000	108.265	-31.5972
2090.000000	108.397	-32.2811
2120.000000	108.530	-32.9551
2140.000000	108.622	-33.3913
2180.000000	108.814	-34.2273
2200.000000	108.917	-34.6268
2240.000000	109.141	-35.4338
2270.000000	109.324	-36.0886
2300.000000	109.516	-36.7885
2330.000000	109.719	-37.5309
2360.000000	109.936	-38.3461
2400.000000	110.244	-39.6415
2430.000000	110.478	-40.8104
2470.000000	110.771	-42.6091
2500.000000	110.972	-44.0709
2540.000000	111.216	-46.0673
2580.000000	111.443	-48.0580
2620.000000	111.668	-50.0657
2650.000000	111.838	-51.6102
2690.000000	112.060	-53.7487
2720.000000	112.221	-55.4286
2760.000000	112.425	-57.7705
2800.000000	112.617	-60.2092
2850.000000	112.831	-63.3915
2900.000000	113.015	-66.7180
2950.000000	113.164	-70.1379
3000.000000	113.280	-73.5901
3040.000000	113.350	-76.3434
3070.000000	113.391	-78.4097
3110.000000	113.433	-81.1672
3150.000000	113.461	-83.9211
3200.000000	113.476	-87.3352
3250.000000	113.470	-90.6819
3300.000000	113.446	-93.9424
3350.000000	113.396	-97.0909
3400.000000	113.313	-100.1080
3450.000000	113.194	-102.9709
3500.000000	113.042	-105.6694
3550.000000	112.870	-108.2068
3600.000000	112.694	-110.5883
3650.000000	112.526	-112.8240
3700.000000	112.371	-114.9209
3750.000000	112.227	-116.8722
3820.000000	112.049	-119.4136
3870.000000	111.931	-121.1075
3950.000000	111.748	-123.6313
4000.000000	111.627	-125.1052
4060.000000	111.458	-126.7640
4120.000000	111.274	-128.3334
4180.000000	111.085	-129.8347
4250.000000	110.875	-131.5392
4310.000000	110.713	-132.9808
4370.000000	110.568	-134.4131
4440.000000	110.411	-136.0671
4500.000000	110.290	-137.4845
4550.000000	110.199	-138.6648
4620.000000	110.084	-140.3102
4680.000000	109.993	-141.7188
4750.000000	109.893	-143.3664
4820.000000	109.797	-145.0158
4870.000000	109.728	-146.1915
4940.000000	109.634	-147.8293
5000.000000	109.556	-149.2014
5080.000000	109.444	-150.9486
5150.000000	109.335	-152.3658
5220.000000	109.219	-153.6441
5300.000000	109.089	-154.9120
5380.000000	108.973	-155.9895
5450.000000	108.900	-156.8177
5520.000000	108.868	-157.5991
5600.000000	108.897	-158.5457
5700.000000	109.046	-160.1055
5800.000000	109.289	-162.5524
5900.000000	109.533	-166.3351
6000.000000	109.635	-171.4670
6080.000000	109.521	-176.0809
6150.000000	109.264	179.9854
6220.000000	108.877	176.5223
6300.000000	108.325	173.4582
6400.000000	107.561	171.1617
6500.000000	106.824	170.4569
6600.000000	106.198	170.9715
6700.000000	105.724	172.2209
6800.000000	105.402	173.7761
6900.000000	105.206	175.3946
7000.000000	105.114	176.9559
7100.000000	105.112	178.3905
7200.000000	105.191	179.6668
7300.000000	105.350	-179.1714
7400.000000	105.611	-178.1156
7500.000000	105.987	-177.5276
7620.000000	106.532	-177.6758
7750.000000	107.241	-178.8326
7880.000000	108.093	178.5085
8000.000000	108.978	174.0962
8120.000000	109.863	167.2643
8250.000000	110.614	156.9523
8380.000000	110.906	144.3923
8500.000000	110.639	132.3839
8620.000000	109.898	121.6200
8750.000000	108.756	112.5017
8850.000000	107.785	107.4309
9000.000000	106.364	102.4459
9120.000000	105.332	100.0994
9250.000000	104.340	98.6109
9380.000000	103.471	97.8403
9500.000000	102.770	97.5208
9620.000000	102.158	97.4219
9750.000000	101.589	97.4556
9880.000000	101.114	97.5479
10000.000000	100.751	97.6308
10150.000000	100.391	97.6474
10300.000000	100.131	97.4503
10440.000000	99.968	96.9670
10600.000000	99.862	95.9056
10750.000000	99.820	94.2839
10900.000000	99.807	91.9612
11060.000000	99.790	88.6431
11200.000000	99.737	85.0494
11380.000000	99.571	79.6619
11500.000000	99.379	75.7383
11720.000000	98.820	68.3065
11800.000000	98.551	65.6814
12060.000000	97.486	58.0436
12200.000000	96.834	54.5964
12410.000000	95.804	50.3974
12500.000000	95.356	48.9553
12650.000000	94.616	47.0029
12800.000000	93.897	45.5596
13150.000000	92.353	43.8464
13200.000000	92.151	43.7658
13400.000000	91.390	43.7687
13600.000000	90.693	44.2981
13800.000000	90.063	45.8155
14000.000000	89.705	49.0572
14300.000000	90.315	55.8501
14500.000000	91.302	58.5184
14750.000000	92.588	58.0923
15000.000000	93.786	55.5968
15250.000000	95.041	52.0803
15500.000000	96.491	47.1002
15750.000000	98.221	39.5444
16000.000000	100.251	27.2901
16250.000000	102.335	7.9341
16500.000000	104.025	-19.2229
16750.000000	104.724	-50.9301
17000.000000	104.250	-81.4630
17250.000000	103.164	-107.7430
17500.000000	102.055	-130.6538
17750.000000	101.099	-152.3101
18000.000000	100.218	-174.0382
18250.000000	99.310	163.8806
18500.000000	98.379	141.5234
18750.000000	97.490	118.5796
19000.000000	96.618	94.5637
19250.000000	95.751	69.4252
19500.000000	94.968	42.7192
19750.000000	94.307	13.9880
20000.000000	93.871	-12.0204
