* Measurement data measured by REW V5.31
* Source: Headset (USB-C to 3.5mm Headphone Jack Adapter), MICROPHONE, L, volume: 0.250. Timing signal peak level -27.1 dBFS, measurement signal peak level -32.0 dBFS
* Format: 1M Log Swept Sine, 1 sweep at 0.0 dBFS using an acoustic timing reference
* Dated: 11-Apr-2024 14:45:07
* REW Settings:
*  C-weighting compensation: Off
*  Target level: 75.0 dB
* Note: ; Delay -0.0031 ms (-1.1 mm, -0.04 in) using estimated IR delay relative to Acoustic reference played from SPEAKER R with no timing offset Clock adjustment: -10.2 ppm
* Measurement: B3TypeE R2
* Smoothing: 1/24 octave
* Frequency Step: 1/48 octave
* Start Frequency: 20.000 Hz
*
* Freq(Hz)	SPL(dB)	Phase(degrees)
20.000000	107.566	48.9950
20.299999	107.608	48.1805
20.600000	107.635	47.3641
20.900000	107.651	46.5709
21.200001	107.665	45.8073
21.400000	107.676	45.2994
21.799999	107.710	44.2117
22.000000	107.730	43.6010
22.400000	107.762	42.2281
22.700001	107.769	41.1188
23.000000	107.761	40.0255
23.299999	107.746	39.0156
23.600000	107.736	38.1124
24.000000	107.750	37.0110
24.299999	107.783	36.1755
24.700001	107.842	34.9581
25.000000	107.882	33.9767
25.400000	107.917	32.6809
25.799999	107.934	31.5305
26.200001	107.953	30.5809
26.500000	107.978	29.9633
26.900000	108.026	29.1702
27.200001	108.067	28.5470
27.600000	108.115	27.6596
28.000000	108.145	26.7429
28.500000	108.157	25.6347
29.000000	108.149	24.6116
29.500000	108.132	23.6582
30.000000	108.111	22.7395
30.400000	108.095	22.0090
30.700001	108.084	21.4545
31.100000	108.070	20.6954
31.500000	108.058	19.9061
32.000000	108.043	18.8807
32.500000	108.026	17.8401
33.000000	108.008	16.8286
33.500000	107.992	15.8778
34.000000	107.982	14.9898
34.500000	107.978	14.1494
35.000000	107.976	13.3498
35.500000	107.974	12.5945
36.000000	107.973	11.8771
36.500000	107.969	11.1760
37.000000	107.959	10.4784
37.500000	107.940	9.7950
38.200001	107.903	8.8862
38.700001	107.874	8.2599
39.500000	107.824	7.2646
40.000000	107.794	6.6375
40.599998	107.761	5.8492
41.200001	107.726	5.0056
41.799999	107.685	4.1649
42.500000	107.636	3.2650
43.099998	107.602	2.5143
43.700001	107.562	1.7498
44.400002	107.498	0.9764
45.000000	107.448	0.4969
45.500000	107.425	0.1335
46.200001	107.406	-0.5278
46.799999	107.373	-1.2272
47.500000	107.310	-2.0038
48.200001	107.244	-2.6666
48.700001	107.205	-3.1126
49.400002	107.159	-3.7427
50.000000	107.127	-4.3108
50.799999	107.083	-5.1327
51.500000	107.029	-5.8329
52.200001	106.966	-6.4239
53.000000	106.888	-6.9743
53.799999	106.803	-7.2816
54.500000	106.758	-7.3129
55.200001	106.765	-7.5058
56.000000	106.759	-8.3085
57.000000	106.612	-9.4851
58.000000	106.417	-9.8210
59.000000	106.342	-9.7963
60.000000	106.354	-10.4635
60.799999	106.315	-11.4906
61.500000	106.220	-12.2692
62.200001	106.111	-12.6678
63.000000	106.025	-12.7425
64.000000	106.001	-12.7894
65.000000	106.011	-13.3163
66.000000	105.959	-14.0579
67.000000	105.887	-14.5387
68.000000	105.837	-15.1274
69.000000	105.745	-15.8609
70.000000	105.632	-16.2771
71.000000	105.557	-16.5553
72.000000	105.492	-16.9733
73.000000	105.413	-17.4064
74.000000	105.323	-17.7720
75.000000	105.230	-18.0548
76.199997	105.134	-18.3449
77.500000	105.035	-18.8124
78.800003	104.936	-19.1595
80.000000	104.859	-19.6095
81.199997	104.763	-19.9947
82.500000	104.654	-20.3537
83.800003	104.556	-20.7335
85.000000	104.437	-21.0979
86.199997	104.354	-21.2993
87.500000	104.280	-21.4938
88.500000	104.254	-21.7367
90.000000	104.138	-21.5646
91.199997	104.140	-21.5389
92.500000	103.984	-21.6203
93.800003	103.944	-21.7698
95.000000	103.719	-22.5642
96.199997	103.640	-22.0792
97.500000	103.616	-23.2817
98.800003	103.514	-22.7760
100.000000	103.699	-22.8650
101.500000	103.478	-23.6393
103.000000	103.485	-21.3315
104.400002	103.410	-23.2701
106.000000	102.936	-21.9498
107.500000	103.206	-20.6861
109.000000	103.239	-23.9264
110.599998	102.807	-23.6170
112.000000	102.849	-20.5563
113.800003	103.185	-20.9582
115.000000	103.051	-22.9704
117.199997	102.408	-22.5960
118.000000	102.335	-21.5281
120.599998	102.498	-20.6259
122.000000	102.532	-20.9918
124.099998	102.509	-21.0770
125.000000	102.506	-21.2112
126.500000	102.463	-21.6096
128.000000	102.383	-21.9506
131.500000	102.049	-22.0914
132.000000	102.002	-22.0983
134.000000	101.844	-22.3579
136.000000	101.758	-22.7773
138.000000	101.744	-22.8438
140.000000	101.722	-22.5196
143.000000	101.559	-21.5840
145.000000	101.436	-21.2878
147.500000	101.326	-21.2606
150.000000	101.254	-21.0578
152.500000	101.161	-20.6710
155.000000	101.062	-20.3110
157.500000	100.996	-19.9545
160.000000	100.952	-19.4687
162.500000	100.906	-18.9506
165.000000	100.857	-18.5306
167.500000	100.808	-18.1383
170.000000	100.758	-17.7064
172.500000	100.701	-17.3189
175.000000	100.643	-17.0600
177.500000	100.590	-16.8219
180.000000	100.551	-16.5708
182.500000	100.524	-16.3343
185.000000	100.498	-16.1678
187.500000	100.468	-15.9700
190.000000	100.444	-15.7336
192.500000	100.416	-15.4884
195.000000	100.381	-15.1984
197.500000	100.343	-14.9301
200.000000	100.302	-14.6926
203.000000	100.245	-14.3498
206.000000	100.190	-13.8696
209.000000	100.154	-13.4256
212.000000	100.123	-12.9711
214.000000	100.106	-12.6037
218.000000	100.083	-11.9257
220.000000	100.076	-11.6637
224.000000	100.065	-11.1972
227.000000	100.060	-10.8020
230.000000	100.057	-10.4078
233.000000	100.058	-10.0272
236.000000	100.066	-9.7121
240.000000	100.089	-9.3417
243.000000	100.112	-9.0987
247.000000	100.138	-8.8500
250.000000	100.150	-8.7007
254.000000	100.155	-8.5246
258.000000	100.155	-8.3666
262.000000	100.154	-8.1834
265.000000	100.149	-8.0187
269.000000	100.140	-7.8143
272.000000	100.134	-7.6789
276.000000	100.130	-7.4819
280.000000	100.125	-7.2621
285.000000	100.119	-6.9607
290.000000	100.117	-6.6565
295.000000	100.122	-6.4005
300.000000	100.128	-6.1480
304.000000	100.132	-5.9320
307.000000	100.133	-5.7662
311.000000	100.135	-5.5441
315.000000	100.139	-5.3385
320.000000	100.147	-5.1097
325.000000	100.156	-4.9038
330.000000	100.163	-4.7098
335.000000	100.171	-4.5035
340.000000	100.182	-4.2829
345.000000	100.192	-4.0947
350.000000	100.202	-3.9349
355.000000	100.212	-3.7818
360.000000	100.224	-3.6169
365.000000	100.234	-3.4486
370.000000	100.245	-3.2760
375.000000	100.254	-3.1210
382.000000	100.270	-2.9370
387.000000	100.283	-2.8080
395.000000	100.302	-2.6136
400.000000	100.313	-2.5023
406.000000	100.326	-2.3390
412.000000	100.339	-2.1767
418.000000	100.353	-2.0405
425.000000	100.367	-1.9199
431.000000	100.378	-1.7966
437.000000	100.390	-1.6452
444.000000	100.403	-1.4797
450.000000	100.415	-1.3749
455.000000	100.428	-1.2966
462.000000	100.446	-1.1645
468.000000	100.458	-1.0433
475.000000	100.468	-0.9195
482.000000	100.478	-0.8087
487.000000	100.487	-0.7291
494.000000	100.500	-0.6186
500.000000	100.510	-0.5216
508.000000	100.523	-0.3894
515.000000	100.534	-0.2545
522.000000	100.546	-0.1353
530.000000	100.559	-0.0131
538.000000	100.571	0.1063
545.000000	100.580	0.2210
552.000000	100.590	0.3387
560.000000	100.601	0.4723
570.000000	100.617	0.6402
580.000000	100.633	0.8109
590.000000	100.646	0.9753
600.000000	100.659	1.1464
608.000000	100.670	1.2858
615.000000	100.680	1.4113
622.000000	100.692	1.5436
630.000000	100.705	1.6966
640.000000	100.719	1.8896
650.000000	100.735	2.0851
660.000000	100.752	2.2784
670.000000	100.770	2.4734
680.000000	100.788	2.6931
690.000000	100.806	2.9185
700.000000	100.825	3.1383
710.000000	100.845	3.3632
720.000000	100.864	3.6035
730.000000	100.886	3.8536
740.000000	100.910	4.1036
750.000000	100.935	4.3516
762.000000	100.965	4.6444
775.000000	100.996	4.9882
788.000000	101.029	5.3460
800.000000	101.064	5.6790
812.000000	101.106	6.0063
825.000000	101.154	6.3465
838.000000	101.201	6.7172
850.000000	101.242	7.0822
862.000000	101.288	7.4268
875.000000	101.346	7.7679
885.000000	101.392	8.0215
900.000000	101.462	8.4267
912.000000	101.519	8.7564
925.000000	101.586	9.0956
938.000000	101.657	9.3996
950.000000	101.711	9.6623
962.000000	101.750	9.9166
975.000000	101.799	10.1724
988.000000	101.879	10.4034
1000.000000	101.971	10.5914
1015.000000	102.093	10.7866
1030.000000	102.212	10.9447
1044.000000	102.311	11.0610
1060.000000	102.415	11.1555
1075.000000	102.510	11.2090
1090.000000	102.603	11.2147
1106.000000	102.701	11.1704
1120.000000	102.783	11.0981
1138.000000	102.885	10.9653
1150.000000	102.951	10.8493
1172.000000	103.063	10.6002
1180.000000	103.102	10.4987
1206.000000	103.224	10.1216
1220.000000	103.286	9.9005
1241.000000	103.376	9.5570
1250.000000	103.414	9.4024
1265.000000	103.476	9.1405
1280.000000	103.536	8.8766
1315.000000	103.669	8.2625
1320.000000	103.687	8.1759
1340.000000	103.756	7.8375
1360.000000	103.823	7.5172
1380.000000	103.886	7.2172
1400.000000	103.943	6.9450
1430.000000	104.025	6.5728
1450.000000	104.077	6.3534
1475.000000	104.140	6.1289
1500.000000	104.200	5.9757
1525.000000	104.262	5.9108
1550.000000	104.337	5.9137
1575.000000	104.431	5.9536
1600.000000	104.542	5.9724
1625.000000	104.664	5.8763
1650.000000	104.790	5.6082
1675.000000	104.906	5.2329
1700.000000	105.004	4.8391
1725.000000	105.088	4.4697
1750.000000	105.165	4.1377
1775.000000	105.241	3.8429
1800.000000	105.315	3.5876
1825.000000	105.390	3.3624
1850.000000	105.467	3.1546
1875.000000	105.546	2.9622
1900.000000	105.626	2.7843
1925.000000	105.707	2.6171
1950.000000	105.792	2.4538
1975.000000	105.879	2.2851
2000.000000	105.965	2.1202
2030.000000	106.066	1.9274
2060.000000	106.168	1.7322
2090.000000	106.273	1.5422
2120.000000	106.378	1.3734
2140.000000	106.447	1.2811
2180.000000	106.587	1.1384
2200.000000	106.660	1.0968
2240.000000	106.817	1.0839
2270.000000	106.947	1.1347
2300.000000	107.090	1.2329
2330.000000	107.252	1.3494
2360.000000	107.443	1.4435
2400.000000	107.741	1.4368
2430.000000	107.993	1.2358
2470.000000	108.348	0.5705
2500.000000	108.608	-0.2363
2540.000000	108.920	-1.6115
2580.000000	109.186	-3.1602
2620.000000	109.418	-4.7584
2650.000000	109.578	-5.9553
2690.000000	109.771	-7.5228
2720.000000	109.906	-8.6836
2760.000000	110.079	-10.2412
2800.000000	110.246	-11.8294
2850.000000	110.441	-13.8632
2900.000000	110.618	-15.9573
2950.000000	110.777	-18.0966
3000.000000	110.926	-20.2807
3040.000000	111.037	-22.0596
3070.000000	111.115	-23.4195
3110.000000	111.207	-25.2683
3150.000000	111.287	-27.1580
3200.000000	111.376	-29.5566
3250.000000	111.451	-31.9335
3300.000000	111.511	-34.2369
3350.000000	111.549	-36.4552
3400.000000	111.560	-38.6007
3450.000000	111.547	-40.6899
3500.000000	111.508	-42.7431
3550.000000	111.451	-44.7618
3600.000000	111.382	-46.7284
3650.000000	111.307	-48.6215
3700.000000	111.231	-50.4292
3750.000000	111.157	-52.1361
3820.000000	111.069	-54.3887
3870.000000	111.008	-55.8963
3950.000000	110.895	-58.1471
4000.000000	110.805	-59.4790
4060.000000	110.664	-60.9904
4120.000000	110.499	-62.4167
4180.000000	110.313	-63.7554
4250.000000	110.086	-65.2106
4310.000000	109.898	-66.3829
4370.000000	109.719	-67.4928
4440.000000	109.516	-68.6977
4500.000000	109.348	-69.6567
4550.000000	109.212	-70.3978
4620.000000	109.026	-71.3336
4680.000000	108.871	-72.0354
4750.000000	108.700	-72.7309
4820.000000	108.543	-73.2940
4870.000000	108.440	-73.6178
4940.000000	108.311	-73.9718
5000.000000	108.213	-74.1763
5080.000000	108.098	-74.3089
5150.000000	108.013	-74.2981
5220.000000	107.942	-74.1780
5300.000000	107.886	-73.9263
5380.000000	107.857	-73.5793
5450.000000	107.865	-73.2215
5520.000000	107.920	-72.8542
5600.000000	108.057	-72.5211
5700.000000	108.350	-72.4954
5800.000000	108.749	-73.3011
5900.000000	109.185	-75.3572
6000.000000	109.544	-78.8483
6080.000000	109.683	-82.4405
6150.000000	109.660	-85.7902
6220.000000	109.494	-88.9236
6300.000000	109.161	-91.7715
6400.000000	108.645	-93.7929
6500.000000	108.172	-94.1211
6600.000000	107.852	-93.2537
6700.000000	107.723	-91.8289
6800.000000	107.788	-90.3839
6900.000000	108.037	-89.3115
7000.000000	108.447	-88.9177
7100.000000	108.991	-89.4947
7200.000000	109.644	-91.3543
7300.000000	110.371	-94.9349
7400.000000	111.066	-100.7413
7500.000000	111.563	-108.7591
7620.000000	111.696	-120.4324
7750.000000	111.132	-133.5102
7880.000000	109.919	-144.5277
8000.000000	108.475	-151.6958
8120.000000	106.974	-156.0293
8250.000000	105.455	-158.2448
8380.000000	104.117	-158.6965
8500.000000	103.038	-158.1005
8620.000000	102.096	-156.8563
8750.000000	101.216	-154.9999
8850.000000	100.631	-153.3196
9000.000000	99.886	-150.5409
9120.000000	99.388	-148.1633
9250.000000	98.938	-145.5217
9380.000000	98.575	-142.8786
9500.000000	98.318	-140.4941
9620.000000	98.133	-138.2197
9750.000000	98.015	-135.9402
9880.000000	97.979	-133.9233
10000.000000	98.012	-132.3617
10150.000000	98.136	-130.9518
10300.000000	98.332	-130.2966
10440.000000	98.559	-130.4405
10600.000000	98.827	-131.6001
10750.000000	99.036	-133.6370
10900.000000	99.155	-136.4284
11060.000000	99.151	-139.8978
11200.000000	99.034	-143.0185
11380.000000	98.753	-146.7897
11500.000000	98.497	-149.0203
11720.000000	97.935	-152.1651
11800.000000	97.725	-152.9694
12060.000000	97.094	-154.6618
12200.000000	96.803	-155.0718
12410.000000	96.475	-155.2862
12500.000000	96.377	-155.3687
12650.000000	96.256	-155.5677
12800.000000	96.174	-155.7292
13150.000000	96.192	-155.8705
13200.000000	96.221	-155.8902
13400.000000	96.420	-155.9467
13600.000000	96.794	-156.0461
13800.000000	97.410	-156.4336
14000.000000	98.405	-157.5615
14300.000000	100.715	-161.9326
14500.000000	102.569	-167.9615
14750.000000	104.867	178.8365
15000.000000	106.586	158.6961
15250.000000	107.139	134.8005
15500.000000	106.566	112.3088
15750.000000	105.426	93.7148
16000.000000	104.270	77.9014
16250.000000	103.290	62.6026
16500.000000	102.671	45.9449
16750.000000	102.478	26.9508
17000.000000	102.261	5.8567
17250.000000	101.701	-16.0945
17500.000000	100.819	-37.7114
17750.000000	99.777	-58.6852
18000.000000	98.724	-79.5585
18250.000000	97.673	-101.1178
18500.000000	96.500	-123.5998
18750.000000	95.106	-146.2220
19000.000000	93.668	-168.1780
19250.000000	92.540	169.5162
19500.000000	91.783	144.5856
19750.000000	91.139	116.3537
20000.000000	90.640	91.0245
