* Measurement data measured by REW V5.31
* Source: Headset (USB-C to 3.5mm Headphone Jack Adapter), MICROPHONE, L, volume: 0.250. Timing signal peak level -33.3 dBFS, measurement signal peak level -32.4 dBFS
* Format: 1M Log Swept Sine, 1 sweep at 0.0 dBFS using an acoustic timing reference
* Dated: 11-Apr-2024 14:41:45
* REW Settings:
*  C-weighting compensation: Off
*  Target level: 75.0 dB
* Note: ; Delay 0.0361 ms (12 mm, 0.49 in) using estimated IR delay relative to Acoustic reference played from SPEAKER L with no timing offset Clock adjustment: 36.8 ppm
* Measurement: B3TypeE L2
* Smoothing: 1/24 octave
* Frequency Step: 1/48 octave
* Start Frequency: 20.000 Hz
*
* Freq(Hz)	SPL(dB)	Phase(degrees)
20.000000	106.363	55.2105
20.299999	106.391	54.5141
20.600000	106.438	53.9298
20.900000	106.504	53.3237
21.200001	106.576	52.6085
21.400000	106.619	52.0662
21.799999	106.674	50.8839
22.000000	106.685	50.2997
22.400000	106.685	49.2731
22.700001	106.685	48.6649
23.000000	106.704	48.1474
23.299999	106.752	47.6116
23.600000	106.822	46.9371
24.000000	106.920	45.7117
24.299999	106.970	44.5917
24.700001	106.983	43.0612
25.000000	106.961	42.0705
25.400000	106.929	41.1076
25.799999	106.946	40.4366
26.200001	107.026	39.7061
26.500000	107.105	38.9420
26.900000	107.181	37.6494
27.200001	107.193	36.6463
27.600000	107.158	35.5984
28.000000	107.120	35.0845
28.500000	107.172	34.9057
29.000000	107.346	34.3721
29.500000	107.515	32.9580
30.000000	107.556	31.0666
30.400000	107.486	29.7667
30.700001	107.403	29.1303
31.100000	107.304	28.7580
31.500000	107.266	28.7142
32.000000	107.314	28.5856
32.500000	107.413	27.9731
33.000000	107.493	26.8854
33.500000	107.523	25.5944
34.000000	107.511	24.3562
34.500000	107.480	23.2884
35.000000	107.450	22.3795
35.500000	107.430	21.5634
36.000000	107.417	20.7897
36.500000	107.405	20.0517
37.000000	107.394	19.3632
37.500000	107.386	18.7198
38.200001	107.382	17.8343
38.700001	107.378	17.1862
39.500000	107.357	16.1757
40.000000	107.341	15.5763
40.599998	107.322	14.8410
41.200001	107.296	14.0720
41.799999	107.259	13.3447
42.500000	107.222	12.6057
43.099998	107.206	11.9749
43.700001	107.192	11.2827
44.400002	107.166	10.4804
45.000000	107.143	9.8670
45.500000	107.130	9.3866
46.200001	107.116	8.6898
46.799999	107.100	8.0457
47.500000	107.063	7.2983
48.200001	107.014	6.6726
48.700001	106.985	6.2925
49.400002	106.956	5.7216
50.000000	106.925	5.1737
50.799999	106.876	4.5005
51.500000	106.846	3.8757
52.200001	106.798	3.1580
53.000000	106.725	2.5821
53.799999	106.710	2.0914
54.500000	106.696	1.3531
55.200001	106.630	0.7608
56.000000	106.597	0.4449
57.000000	106.590	-0.6037
58.000000	106.432	-1.2626
59.000000	106.426	-1.3201
60.000000	106.387	-2.6365
60.799999	106.221	-3.0409
61.500000	106.190	-2.7602
62.200001	106.264	-3.1735
63.000000	106.248	-4.6207
64.000000	106.011	-5.5234
65.000000	105.910	-4.7938
66.000000	106.038	-4.7961
67.000000	106.084	-6.3114
68.000000	105.879	-7.6168
69.000000	105.634	-7.2463
70.000000	105.605	-6.2769
71.000000	105.729	-6.2787
72.000000	105.838	-7.4512
73.000000	105.825	-9.1253
74.000000	105.704	-10.4510
75.000000	105.547	-11.2020
76.199997	105.354	-11.4750
77.500000	105.177	-11.4202
78.800003	105.013	-11.4738
80.000000	104.888	-11.7105
81.199997	104.811	-12.3120
82.500000	104.773	-13.2023
83.800003	104.789	-13.9541
85.000000	104.833	-14.3585
86.199997	104.861	-14.3825
87.500000	104.857	-13.9889
88.500000	104.820	-13.6740
90.000000	104.679	-13.3751
91.199997	104.540	-13.3323
92.500000	104.400	-13.6635
93.800003	104.297	-14.2377
95.000000	104.224	-14.8870
96.199997	104.144	-15.2617
97.500000	104.069	-15.2020
98.800003	104.013	-14.9702
100.000000	103.953	-14.9059
101.500000	103.858	-14.9792
103.000000	103.772	-15.2047
104.400002	103.705	-15.4370
106.000000	103.641	-15.4861
107.500000	103.589	-15.2907
109.000000	103.537	-14.9920
110.599998	103.480	-14.7950
112.000000	103.428	-14.8283
113.800003	103.359	-15.0811
115.000000	103.316	-15.2493
117.199997	103.257	-15.5589
118.000000	103.233	-15.6864
120.599998	103.128	-16.0197
122.000000	103.062	-16.0867
124.099998	102.973	-16.0649
125.000000	102.943	-16.0511
126.500000	102.895	-16.0688
128.000000	102.846	-16.1022
131.500000	102.731	-16.0399
132.000000	102.714	-16.0179
134.000000	102.649	-15.9069
136.000000	102.589	-15.8305
138.000000	102.530	-15.8141
140.000000	102.470	-15.8191
143.000000	102.373	-15.8230
145.000000	102.305	-15.8445
147.500000	102.219	-15.8073
150.000000	102.149	-15.7040
152.500000	102.078	-15.6267
155.000000	102.007	-15.5263
157.500000	101.955	-15.4223
160.000000	101.911	-15.3046
162.500000	101.864	-15.1575
165.000000	101.802	-14.9974
167.500000	101.733	-14.8291
170.000000	101.657	-14.6896
172.500000	101.569	-14.4918
175.000000	101.483	-14.2624
177.500000	101.408	-14.0748
180.000000	101.349	-13.8917
182.500000	101.309	-13.7062
185.000000	101.281	-13.5156
187.500000	101.256	-13.3324
190.000000	101.225	-13.1270
192.500000	101.192	-12.8487
195.000000	101.163	-12.5883
197.500000	101.129	-12.3727
200.000000	101.085	-12.1227
203.000000	101.029	-11.7524
206.000000	100.975	-11.3620
209.000000	100.934	-10.9228
212.000000	100.908	-10.4628
214.000000	100.893	-10.1780
218.000000	100.866	-9.6146
220.000000	100.859	-9.3286
224.000000	100.856	-8.7309
227.000000	100.860	-8.2640
230.000000	100.868	-7.8067
233.000000	100.889	-7.4009
236.000000	100.922	-7.1200
240.000000	100.977	-6.8306
243.000000	101.029	-6.7314
247.000000	101.084	-6.7774
250.000000	101.112	-6.8555
254.000000	101.128	-7.0046
258.000000	101.129	-7.1190
262.000000	101.127	-7.1592
265.000000	101.123	-7.1573
269.000000	101.114	-7.1506
272.000000	101.104	-7.1582
276.000000	101.090	-7.1377
280.000000	101.081	-7.0426
285.000000	101.076	-6.9125
290.000000	101.070	-6.8048
295.000000	101.065	-6.7380
300.000000	101.064	-6.6339
304.000000	101.063	-6.5037
307.000000	101.063	-6.4232
311.000000	101.063	-6.3578
315.000000	101.065	-6.3128
320.000000	101.069	-6.2323
325.000000	101.072	-6.1458
330.000000	101.074	-6.0556
335.000000	101.077	-5.9849
340.000000	101.083	-5.9372
345.000000	101.089	-5.8973
350.000000	101.094	-5.8421
355.000000	101.099	-5.7788
360.000000	101.104	-5.7184
365.000000	101.110	-5.6699
370.000000	101.115	-5.6375
375.000000	101.122	-5.6121
382.000000	101.132	-5.5692
387.000000	101.139	-5.5355
395.000000	101.150	-5.5104
400.000000	101.157	-5.5095
406.000000	101.167	-5.4884
412.000000	101.177	-5.4799
418.000000	101.185	-5.4913
425.000000	101.191	-5.4863
431.000000	101.199	-5.4585
437.000000	101.210	-5.4433
444.000000	101.222	-5.4941
450.000000	101.228	-5.5363
455.000000	101.233	-5.5243
462.000000	101.242	-5.4692
468.000000	101.249	-5.4697
475.000000	101.260	-5.5368
482.000000	101.273	-5.5818
487.000000	101.281	-5.5837
494.000000	101.286	-5.5769
500.000000	101.291	-5.5873
508.000000	101.299	-5.6255
515.000000	101.307	-5.6487
522.000000	101.316	-5.6573
530.000000	101.328	-5.6769
538.000000	101.339	-5.7226
545.000000	101.347	-5.7481
552.000000	101.355	-5.7501
560.000000	101.365	-5.7454
570.000000	101.379	-5.7731
580.000000	101.393	-5.8210
590.000000	101.403	-5.8096
600.000000	101.410	-5.7796
608.000000	101.418	-5.7935
615.000000	101.430	-5.8113
622.000000	101.442	-5.8138
630.000000	101.454	-5.7997
640.000000	101.468	-5.7738
650.000000	101.482	-5.7484
660.000000	101.495	-5.7219
670.000000	101.510	-5.6928
680.000000	101.527	-5.6704
690.000000	101.546	-5.6337
700.000000	101.564	-5.5785
710.000000	101.583	-5.5186
720.000000	101.604	-5.4586
730.000000	101.627	-5.3945
740.000000	101.648	-5.3236
750.000000	101.670	-5.2442
762.000000	101.698	-5.1472
775.000000	101.734	-5.0332
788.000000	101.774	-4.9016
800.000000	101.812	-4.7718
812.000000	101.852	-4.6486
825.000000	101.898	-4.5094
838.000000	101.947	-4.3606
850.000000	101.995	-4.2233
862.000000	102.047	-4.0937
875.000000	102.105	-3.9594
885.000000	102.153	-3.8656
900.000000	102.228	-3.7204
912.000000	102.291	-3.6057
925.000000	102.365	-3.4892
938.000000	102.438	-3.3894
950.000000	102.494	-3.3221
962.000000	102.535	-3.2762
975.000000	102.588	-3.2455
988.000000	102.674	-3.2384
1000.000000	102.772	-3.2587
1015.000000	102.901	-3.3271
1030.000000	103.026	-3.4320
1044.000000	103.132	-3.5547
1060.000000	103.245	-3.7327
1075.000000	103.349	-3.9448
1090.000000	103.450	-4.2043
1106.000000	103.555	-4.5216
1120.000000	103.644	-4.8303
1138.000000	103.755	-5.2792
1150.000000	103.828	-5.6015
1172.000000	103.956	-6.2284
1180.000000	104.000	-6.4667
1206.000000	104.137	-7.2693
1220.000000	104.205	-7.7146
1241.000000	104.307	-8.4036
1250.000000	104.351	-8.7101
1265.000000	104.425	-9.2311
1280.000000	104.498	-9.7542
1315.000000	104.655	-10.9638
1320.000000	104.677	-11.1355
1340.000000	104.763	-11.8154
1360.000000	104.850	-12.4890
1380.000000	104.935	-13.1375
1400.000000	105.014	-13.7494
1430.000000	105.131	-14.6251
1450.000000	105.214	-15.2014
1475.000000	105.322	-15.9296
1500.000000	105.430	-16.6868
1525.000000	105.534	-17.4644
1550.000000	105.634	-18.2470
1575.000000	105.732	-19.0110
1600.000000	105.828	-19.7515
1625.000000	105.923	-20.4620
1650.000000	106.015	-21.1505
1675.000000	106.108	-21.8193
1700.000000	106.203	-22.4760
1725.000000	106.301	-23.1344
1750.000000	106.403	-23.7876
1775.000000	106.507	-24.4346
1800.000000	106.614	-25.0792
1825.000000	106.724	-25.7222
1850.000000	106.836	-26.3556
1875.000000	106.950	-26.9863
1900.000000	107.067	-27.6315
1925.000000	107.186	-28.2868
1950.000000	107.306	-28.9465
1975.000000	107.426	-29.6159
2000.000000	107.547	-30.2994
2030.000000	107.697	-31.1389
2060.000000	107.850	-32.0003
2090.000000	108.005	-32.8831
2120.000000	108.162	-33.7741
2140.000000	108.268	-34.3741
2180.000000	108.482	-35.5937
2200.000000	108.589	-36.2107
2240.000000	108.805	-37.4587
2270.000000	108.970	-38.4050
2300.000000	109.136	-39.3514
2330.000000	109.305	-40.2960
2360.000000	109.483	-41.2468
2400.000000	109.736	-42.5467
2430.000000	109.937	-43.5670
2470.000000	110.223	-45.0600
2500.000000	110.446	-46.3042
2540.000000	110.742	-48.1151
2580.000000	111.030	-50.0782
2620.000000	111.312	-52.2245
2650.000000	111.519	-53.9748
2690.000000	111.778	-56.4615
2720.000000	111.954	-58.3979
2760.000000	112.161	-61.0103
2800.000000	112.345	-63.6029
2850.000000	112.562	-66.8051
2900.000000	112.789	-70.0360
2950.000000	113.024	-73.4671
3000.000000	113.237	-77.2185
3040.000000	113.369	-80.3978
3070.000000	113.443	-82.8396
3110.000000	113.508	-86.1084
3150.000000	113.541	-89.3346
3200.000000	113.550	-93.2428
3250.000000	113.528	-96.9556
3300.000000	113.485	-100.4416
3350.000000	113.425	-103.7004
3400.000000	113.351	-106.7667
3450.000000	113.265	-109.6855
3500.000000	113.162	-112.4954
3550.000000	113.045	-115.2169
3600.000000	112.924	-117.8484
3650.000000	112.806	-120.3837
3700.000000	112.697	-122.8087
3750.000000	112.594	-125.1001
3820.000000	112.473	-128.1249
3870.000000	112.398	-130.1705
3950.000000	112.280	-133.2571
4000.000000	112.196	-135.0703
4060.000000	112.075	-137.1227
4120.000000	111.950	-139.0982
4180.000000	111.829	-141.0498
4250.000000	111.700	-143.3483
4310.000000	111.607	-145.3651
4370.000000	111.527	-147.4370
4440.000000	111.443	-149.9151
4500.000000	111.377	-152.0939
4550.000000	111.326	-153.9384
4620.000000	111.252	-156.5523
4680.000000	111.186	-158.8234
4750.000000	111.100	-161.5109
4820.000000	111.000	-164.2196
4870.000000	110.917	-166.1270
4940.000000	110.788	-168.7089
5000.000000	110.663	-170.7792
5080.000000	110.481	-173.2546
5150.000000	110.321	-175.1244
5220.000000	110.172	-176.7420
5300.000000	110.030	-178.3517
5380.000000	109.924	-179.8070
5450.000000	109.869	178.9561
5520.000000	109.862	177.6552
5600.000000	109.922	175.9628
5700.000000	110.091	173.2606
5800.000000	110.291	169.5402
5900.000000	110.411	164.6503
6000.000000	110.337	158.9753
6080.000000	110.090	154.4818
6150.000000	109.746	151.0195
6220.000000	109.315	148.2603
6300.000000	108.771	146.1486
6400.000000	108.116	145.1044
6500.000000	107.597	145.5522
6600.000000	107.291	146.8907
6700.000000	107.211	148.4635
6800.000000	107.333	149.7761
6900.000000	107.620	150.5621
7000.000000	108.044	150.6769
7100.000000	108.592	149.9802
7200.000000	109.249	148.3053
7300.000000	110.000	145.4243
7400.000000	110.834	140.9507
7500.000000	111.673	134.2030
7620.000000	112.428	122.8908
7750.000000	112.643	107.9043
7880.000000	112.064	92.6199
8000.000000	110.939	80.6020
8120.000000	109.522	71.6851
8250.000000	107.939	65.3663
8380.000000	106.476	61.6895
8500.000000	105.281	59.8921
8620.000000	104.239	59.1215
8750.000000	103.282	59.0550
8850.000000	102.659	59.3691
9000.000000	101.884	60.2141
9120.000000	101.384	61.0650
9250.000000	100.954	62.0465
9380.000000	100.629	63.0088
9500.000000	100.417	63.8159
9620.000000	100.290	64.4509
9750.000000	100.240	64.8539
9880.000000	100.281	64.8767
10000.000000	100.397	64.4818
10150.000000	100.637	63.2663
10300.000000	100.954	61.0366
10440.000000	101.284	57.8602
10600.000000	101.635	52.7966
10750.000000	101.856	46.7210
10900.000000	101.901	39.6929
11060.000000	101.706	31.7487
11200.000000	101.331	24.9758
11380.000000	100.624	17.1715
11500.000000	100.059	12.7384
11720.000000	98.927	6.3105
11800.000000	98.505	4.5034
12060.000000	97.201	0.3361
12200.000000	96.575	-1.0353
12410.000000	95.759	-2.1547
12500.000000	95.460	-2.3507
12650.000000	95.041	-2.3979
12800.000000	94.727	-2.2122
13150.000000	94.421	-1.5081
13200.000000	94.426	-1.4173
13400.000000	94.567	-1.2196
13600.000000	94.890	-1.3994
13800.000000	95.430	-1.8733
14000.000000	96.385	-2.5566
14300.000000	98.930	-5.9246
14500.000000	101.022	-12.6857
14750.000000	103.333	-28.3159
15000.000000	104.796	-49.4467
15250.000000	105.286	-71.8766
15500.000000	105.098	-92.4510
15750.000000	104.691	-110.6735
16000.000000	104.421	-128.4219
16250.000000	104.318	-148.3279
16500.000000	104.312	-172.1384
16750.000000	104.135	160.7460
17000.000000	103.355	133.1257
17250.000000	102.017	107.7025
17500.000000	100.487	85.0854
17750.000000	99.036	64.1865
18000.000000	97.725	43.6351
18250.000000	96.474	22.7966
18500.000000	95.244	1.8025
18750.000000	94.158	-19.5118
19000.000000	93.268	-42.2950
19250.000000	92.465	-67.0850
19500.000000	91.741	-94.1967
19750.000000	91.105	-123.8141
20000.000000	90.662	-151.1350
