* Measurement data measured by REW V5.31
* Source: Headset (USB-C to 3.5mm Headphone Jack Adapter), MICROPHONE, L, volume: 0.250. Timing signal peak level -34.1 dBFS, measurement signal peak level -34.1 dBFS
* Format: 1M Log Swept Sine, 1 sweep at 0.0 dBFS using an acoustic timing reference
* Dated: 11-Apr-2024 14:47:09
* REW Settings:
*  C-weighting compensation: Off
*  Target level: 75.0 dB
* Note: ; Delay -0.0148 ms (-5.1 mm, -0.2 in) using estimated IR delay relative to Acoustic reference played from SPEAKER R with no timing offset Clock adjustment: 25.4 ppm
* Measurement: B3TypeE R4
* Smoothing: 1/24 octave
* Frequency Step: 1/48 octave
* Start Frequency: 20.000 Hz
*
* Freq(Hz)	SPL(dB)	Phase(degrees)
20.000000	107.461	51.8335
20.299999	107.523	50.9287
20.600000	107.569	49.9234
20.900000	107.594	48.9439
21.200001	107.610	48.0870
21.400000	107.626	47.5901
21.799999	107.687	46.6740
22.000000	107.732	46.1891
22.400000	107.833	45.0514
22.700001	107.898	44.0611
23.000000	107.939	43.0387
23.299999	107.958	42.0844
23.600000	107.967	41.2655
24.000000	107.989	40.3788
24.299999	108.022	39.7865
24.700001	108.087	38.9476
25.000000	108.138	38.2308
25.400000	108.189	37.1851
25.799999	108.215	36.1368
26.200001	108.223	35.1799
26.500000	108.224	34.5378
26.900000	108.230	33.7536
27.200001	108.238	33.1889
27.600000	108.251	32.4334
28.000000	108.264	31.6632
28.500000	108.276	30.6928
29.000000	108.283	29.7431
29.500000	108.290	28.8297
30.000000	108.302	27.9353
30.400000	108.315	27.2108
30.700001	108.324	26.6572
31.100000	108.333	25.9158
31.500000	108.337	25.1918
32.000000	108.340	24.3326
32.500000	108.345	23.5063
33.000000	108.349	22.6763
33.500000	108.344	21.8486
34.000000	108.328	21.0754
34.500000	108.308	20.3871
35.000000	108.295	19.7438
35.500000	108.288	19.0737
36.000000	108.277	18.3468
36.500000	108.256	17.5928
37.000000	108.226	16.8544
37.500000	108.192	16.1460
38.200001	108.146	15.1930
38.700001	108.114	14.5432
39.500000	108.069	13.5698
40.000000	108.047	12.9832
40.599998	108.023	12.2793
41.200001	108.000	11.5845
41.799999	107.978	10.9130
42.500000	107.950	10.1544
43.099998	107.922	9.5264
43.700001	107.888	8.9357
44.400002	107.846	8.3050
45.000000	107.811	7.7969
45.500000	107.783	7.3713
46.200001	107.740	6.7408
46.799999	107.695	6.1928
47.500000	107.635	5.6279
48.200001	107.589	5.1282
48.700001	107.566	4.7300
49.400002	107.528	4.0778
50.000000	107.478	3.5353
50.799999	107.407	2.9945
51.500000	107.362	2.6050
52.200001	107.327	2.1515
53.000000	107.278	1.5673
53.799999	107.217	1.0105
54.500000	107.159	0.5903
55.200001	107.104	0.2291
56.000000	107.048	-0.1805
57.000000	106.975	-0.7095
58.000000	106.906	-1.1155
59.000000	106.863	-1.5698
60.000000	106.800	-2.1322
60.799999	106.738	-2.4273
61.500000	106.703	-2.6096
62.200001	106.682	-2.8985
63.000000	106.644	-3.4021
64.000000	106.554	-4.0043
65.000000	106.452	-4.3748
66.000000	106.366	-4.6373
67.000000	106.295	-4.9234
68.000000	106.227	-5.2843
69.000000	106.153	-5.6515
70.000000	106.084	-5.9786
71.000000	106.019	-6.3345
72.000000	105.947	-6.6713
73.000000	105.875	-6.9363
74.000000	105.807	-7.1709
75.000000	105.740	-7.3905
76.199997	105.658	-7.6654
77.500000	105.561	-7.9388
78.800003	105.465	-8.1600
80.000000	105.384	-8.3541
81.199997	105.305	-8.5948
82.500000	105.215	-8.8567
83.800003	105.122	-9.0559
85.000000	105.039	-9.1918
86.199997	104.959	-9.3052
87.500000	104.871	-9.4161
88.500000	104.802	-9.4829
90.000000	104.702	-9.5695
91.199997	104.619	-9.6633
92.500000	104.526	-9.7416
93.800003	104.438	-9.8065
95.000000	104.360	-9.8700
96.199997	104.282	-9.9198
97.500000	104.201	-9.9255
98.800003	104.126	-9.8998
100.000000	104.061	-9.8799
101.500000	103.976	-9.8729
103.000000	103.884	-9.8519
104.400002	103.794	-9.8113
106.000000	103.688	-9.7406
107.500000	103.593	-9.6348
109.000000	103.505	-9.5370
110.599998	103.413	-9.4349
112.000000	103.337	-9.2937
113.800003	103.247	-9.1072
115.000000	103.190	-8.9822
117.199997	103.082	-8.7916
118.000000	103.041	-8.7153
120.599998	102.906	-8.4751
122.000000	102.830	-8.2919
124.099998	102.726	-7.9635
125.000000	102.682	-7.8353
126.500000	102.605	-7.6086
128.000000	102.525	-7.3384
131.500000	102.351	-6.5769
132.000000	102.325	-6.4443
134.000000	102.237	-5.8064
136.000000	102.174	-5.1581
138.000000	102.117	-4.5546
140.000000	102.082	-3.8639
143.000000	102.090	-3.0374
145.000000	102.108	-2.8257
147.500000	102.087	-2.8068
150.000000	102.031	-2.7030
152.500000	101.972	-2.5551
155.000000	101.932	-2.4591
157.500000	101.877	-2.3574
160.000000	101.824	-2.1379
162.500000	101.762	-1.8353
165.000000	101.703	-1.4651
167.500000	101.634	-1.1655
170.000000	101.539	-0.8628
172.500000	101.436	-0.4385
175.000000	101.355	-0.0017
177.500000	101.293	0.3563
180.000000	101.236	0.6978
182.500000	101.189	1.0825
185.000000	101.155	1.5008
187.500000	101.133	1.9512
190.000000	101.114	2.4105
192.500000	101.089	2.8460
195.000000	101.055	3.2643
197.500000	101.020	3.6815
200.000000	100.986	4.0824
203.000000	100.944	4.5688
206.000000	100.900	5.0764
209.000000	100.864	5.5751
212.000000	100.834	6.0557
214.000000	100.813	6.3869
218.000000	100.769	7.0601
220.000000	100.748	7.3871
224.000000	100.713	8.0562
227.000000	100.686	8.6024
230.000000	100.659	9.1658
233.000000	100.637	9.7378
236.000000	100.623	10.3447
240.000000	100.615	11.1777
243.000000	100.624	11.7886
247.000000	100.658	12.5499
250.000000	100.695	13.0337
254.000000	100.749	13.5159
258.000000	100.793	13.8369
262.000000	100.820	14.0903
265.000000	100.829	14.2762
269.000000	100.833	14.5454
272.000000	100.835	14.7733
276.000000	100.836	15.0998
280.000000	100.835	15.4271
285.000000	100.833	15.8499
290.000000	100.836	16.2859
295.000000	100.842	16.7202
300.000000	100.850	17.1519
304.000000	100.854	17.4772
307.000000	100.858	17.7266
311.000000	100.862	18.0679
315.000000	100.868	18.4053
320.000000	100.876	18.8047
325.000000	100.886	19.1755
330.000000	100.895	19.5507
335.000000	100.905	19.9216
340.000000	100.914	20.2861
345.000000	100.926	20.6320
350.000000	100.938	20.9550
355.000000	100.948	21.2755
360.000000	100.958	21.6088
365.000000	100.969	21.9401
370.000000	100.980	22.2548
375.000000	100.990	22.5554
382.000000	101.005	22.9684
387.000000	101.017	23.2855
395.000000	101.036	23.7573
400.000000	101.047	24.0161
406.000000	101.061	24.3372
412.000000	101.073	24.6753
418.000000	101.085	25.0081
425.000000	101.098	25.3628
431.000000	101.112	25.6563
437.000000	101.125	25.9579
444.000000	101.137	26.2908
450.000000	101.147	26.5714
455.000000	101.156	26.8123
462.000000	101.171	27.1440
468.000000	101.182	27.4159
475.000000	101.192	27.7336
482.000000	101.205	28.0701
487.000000	101.214	28.2986
494.000000	101.226	28.5899
500.000000	101.237	28.8474
508.000000	101.250	29.2026
515.000000	101.260	29.5212
522.000000	101.268	29.8320
530.000000	101.281	30.1615
538.000000	101.295	30.5002
545.000000	101.306	30.8086
552.000000	101.315	31.1142
560.000000	101.324	31.4590
570.000000	101.337	31.8951
580.000000	101.353	32.3176
590.000000	101.370	32.7372
600.000000	101.384	33.1873
608.000000	101.395	33.5298
615.000000	101.404	33.8274
622.000000	101.413	34.1359
630.000000	101.425	34.4912
640.000000	101.441	34.9201
650.000000	101.458	35.3677
660.000000	101.473	35.8201
670.000000	101.486	36.2621
680.000000	101.502	36.7142
690.000000	101.522	37.1664
700.000000	101.541	37.6105
710.000000	101.559	38.0680
720.000000	101.576	38.5492
730.000000	101.597	39.0303
740.000000	101.622	39.5036
750.000000	101.646	39.9840
762.000000	101.674	40.5723
775.000000	101.705	41.2053
788.000000	101.741	41.8401
800.000000	101.778	42.4381
812.000000	101.817	43.0510
825.000000	101.861	43.7064
838.000000	101.908	44.3596
850.000000	101.954	44.9634
862.000000	102.005	45.5601
875.000000	102.064	46.2000
885.000000	102.109	46.6942
900.000000	102.179	47.4447
912.000000	102.240	48.0229
925.000000	102.312	48.6155
938.000000	102.386	49.1845
950.000000	102.445	49.7034
962.000000	102.488	50.2119
975.000000	102.542	50.7403
988.000000	102.628	51.2382
1000.000000	102.725	51.6655
1015.000000	102.854	52.1558
1030.000000	102.979	52.6019
1044.000000	103.086	52.9745
1060.000000	103.202	53.3562
1075.000000	103.308	53.6662
1090.000000	103.411	53.9307
1106.000000	103.518	54.1646
1120.000000	103.611	54.3235
1138.000000	103.729	54.4749
1150.000000	103.804	54.5501
1172.000000	103.932	54.6365
1180.000000	103.976	54.6541
1206.000000	104.114	54.6606
1220.000000	104.186	54.6256
1241.000000	104.291	54.5479
1250.000000	104.334	54.5112
1265.000000	104.406	54.4471
1280.000000	104.477	54.3715
1315.000000	104.636	54.1644
1320.000000	104.657	54.1352
1340.000000	104.739	54.0203
1360.000000	104.818	53.9029
1380.000000	104.896	53.7903
1400.000000	104.971	53.6857
1430.000000	105.073	53.5613
1450.000000	105.135	53.4926
1475.000000	105.213	53.4005
1500.000000	105.290	53.3283
1525.000000	105.364	53.2974
1550.000000	105.433	53.2877
1575.000000	105.505	53.2849
1600.000000	105.574	53.2920
1625.000000	105.640	53.3260
1650.000000	105.709	53.3806
1675.000000	105.781	53.4661
1700.000000	105.854	53.5954
1725.000000	105.929	53.7582
1750.000000	106.013	53.9404
1775.000000	106.108	54.1110
1800.000000	106.213	54.2497
1825.000000	106.324	54.3281
1850.000000	106.437	54.3347
1875.000000	106.547	54.2971
1900.000000	106.651	54.2398
1925.000000	106.749	54.1800
1950.000000	106.845	54.1173
1975.000000	106.940	54.0555
2000.000000	107.036	53.9995
2030.000000	107.153	53.9393
2060.000000	107.272	53.8781
2090.000000	107.392	53.8120
2120.000000	107.515	53.7365
2140.000000	107.599	53.6770
2180.000000	107.770	53.5217
2200.000000	107.857	53.4312
2240.000000	108.036	53.2213
2270.000000	108.176	53.0292
2300.000000	108.317	52.8156
2330.000000	108.458	52.5762
2360.000000	108.600	52.2915
2400.000000	108.790	51.8425
2430.000000	108.931	51.4655
2470.000000	109.118	50.9058
2500.000000	109.259	50.4479
2540.000000	109.444	49.7983
2580.000000	109.625	49.1181
2620.000000	109.808	48.3890
2650.000000	109.946	47.8081
2690.000000	110.130	46.9878
2720.000000	110.267	46.3185
2760.000000	110.454	45.3302
2800.000000	110.640	44.2275
2850.000000	110.863	42.6985
2900.000000	111.063	41.0534
2950.000000	111.242	39.3173
3000.000000	111.411	37.4583
3040.000000	111.535	35.8658
3070.000000	111.618	34.6001
3110.000000	111.713	32.8419
3150.000000	111.790	31.0483
3200.000000	111.865	28.8153
3250.000000	111.915	26.6590
3300.000000	111.949	24.6138
3350.000000	111.966	22.6708
3400.000000	111.965	20.7877
3450.000000	111.941	18.9230
3500.000000	111.893	17.0650
3550.000000	111.826	15.2333
3600.000000	111.746	13.4658
3650.000000	111.657	11.7820
3700.000000	111.567	10.1794
3750.000000	111.480	8.6617
3820.000000	111.373	6.6355
3870.000000	111.296	5.2606
3950.000000	111.152	3.1852
4000.000000	111.040	1.9744
4060.000000	110.868	0.6311
4120.000000	110.666	-0.6109
4180.000000	110.447	-1.7578
4250.000000	110.180	-2.9905
4310.000000	109.957	-3.9668
4370.000000	109.741	-4.8657
4440.000000	109.500	-5.8057
4500.000000	109.306	-6.5223
4550.000000	109.153	-7.0639
4620.000000	108.949	-7.7498
4680.000000	108.782	-8.2787
4750.000000	108.597	-8.8365
4820.000000	108.418	-9.3301
4870.000000	108.292	-9.6315
4940.000000	108.125	-9.9743
5000.000000	107.989	-10.1731
5080.000000	107.818	-10.2896
5150.000000	107.678	-10.2482
5220.000000	107.544	-10.0767
5300.000000	107.408	-9.7318
5380.000000	107.293	-9.2461
5450.000000	107.223	-8.7322
5520.000000	107.198	-8.1844
5600.000000	107.240	-7.6188
5700.000000	107.414	-7.2677
5800.000000	107.691	-7.7251
5900.000000	108.007	-9.4252
6000.000000	108.246	-12.5577
6080.000000	108.279	-15.8687
6150.000000	108.148	-18.9854
6220.000000	107.865	-21.8871
6300.000000	107.386	-24.4456
6400.000000	106.663	-26.0223
6500.000000	105.944	-25.7708
6600.000000	105.339	-24.1375
6700.000000	104.893	-21.6937
6800.000000	104.606	-18.8860
6900.000000	104.456	-15.9743
7000.000000	104.425	-13.0999
7100.000000	104.501	-10.3499
7200.000000	104.678	-7.7611
7300.000000	104.967	-5.4322
7400.000000	105.355	-3.5905
7500.000000	105.820	-2.2239
7620.000000	106.491	-1.2470
7750.000000	107.373	-1.3663
7880.000000	108.414	-3.2932
8000.000000	109.475	-7.3719
8120.000000	110.504	-14.2708
8250.000000	111.326	-25.0038
8380.000000	111.572	-37.9036
8500.000000	111.185	-49.7316
8620.000000	110.314	-59.7206
8750.000000	109.076	-67.5477
8850.000000	108.073	-71.5277
9000.000000	106.655	-74.9514
9120.000000	105.648	-76.1306
9250.000000	104.698	-76.3807
9380.000000	103.887	-75.9317
9500.000000	103.258	-75.1276
9620.000000	102.740	-74.1189
9750.000000	102.295	-72.9479
9880.000000	101.963	-71.8411
10000.000000	101.750	-70.9843
10150.000000	101.595	-70.2833
10300.000000	101.540	-70.1689
10440.000000	101.554	-70.7208
10600.000000	101.606	-72.2395
10750.000000	101.641	-74.5748
10900.000000	101.613	-77.6748
11060.000000	101.473	-81.5266
11200.000000	101.247	-85.0625
11380.000000	100.827	-89.5226
11500.000000	100.472	-92.2971
11720.000000	99.704	-96.4944
11800.000000	99.410	-97.6868
12060.000000	98.475	-100.6234
12200.000000	98.006	-101.6616
12410.000000	97.393	-102.7239
12500.000000	97.166	-103.1310
12650.000000	96.817	-103.8391
12800.000000	96.494	-104.4669
13150.000000	95.888	-105.4564
13200.000000	95.819	-105.5541
13400.000000	95.593	-105.8282
13600.000000	95.480	-105.9371
13800.000000	95.530	-105.9948
14000.000000	95.857	-106.2272
14300.000000	96.982	-107.3126
14500.000000	97.977	-108.9313
14750.000000	99.365	-112.6648
15000.000000	100.935	-119.1476
15250.000000	102.569	-129.4644
15500.000000	103.983	-144.3160
15750.000000	104.812	-162.9089
16000.000000	104.918	176.9736
16250.000000	104.447	157.4494
16500.000000	103.981	139.1603
16750.000000	104.109	121.1022
17000.000000	104.711	101.4489
17250.000000	105.402	78.7108
17500.000000	105.807	52.5669
17750.000000	105.656	24.1157
18000.000000	104.931	-5.0297
18250.000000	103.776	-33.9313
18500.000000	102.293	-62.3939
18750.000000	100.511	-90.0506
19000.000000	98.586	-116.4439
19250.000000	96.850	-142.5125
19500.000000	95.411	-170.3000
19750.000000	94.098	159.4631
20000.000000	93.132	133.1603
