* Measurement data measured by REW V5.31
* Source: Headset (USB-C to 3.5mm Headphone Jack Adapter), MICROPHONE, L, volume: 0.250. Timing signal peak level -30.3 dBFS, measurement signal peak level -34.7 dBFS
* Format: 1M Log Swept Sine, 1 sweep at 0.0 dBFS using an acoustic timing reference
* Dated: 11-Apr-2024 15:08:45
* REW Settings:
*  C-weighting compensation: Off
*  Target level: 75.0 dB
* Note: ; Delay -0.1048 ms (-36 mm, -1.42 in) using estimated IR delay relative to Acoustic reference played from SPEAKER R with no timing offset Clock adjustment: 13.7 ppm
* Measurement: B3UC R3
* Smoothing: 1/24 octave
* Frequency Step: 1/48 octave
* Start Frequency: 20.000 Hz
*
* Freq(Hz)	SPL(dB)	Phase(degrees)
20.000000	107.303	51.3170
20.299999	107.398	50.6208
20.600000	107.501	49.7451
20.900000	107.590	48.7029
21.200001	107.648	47.5874
21.400000	107.670	46.8629
21.799999	107.686	45.5768
22.000000	107.689	45.0349
22.400000	107.709	44.1060
22.700001	107.741	43.4578
23.000000	107.783	42.7781
23.299999	107.826	42.0414
23.600000	107.864	41.2624
24.000000	107.904	40.2184
24.299999	107.929	39.4639
24.700001	107.965	38.4948
25.000000	107.995	37.7714
25.400000	108.035	36.7825
25.799999	108.067	35.7748
26.200001	108.090	34.7885
26.500000	108.104	34.0815
26.900000	108.121	33.1782
27.200001	108.135	32.5151
27.600000	108.150	31.6351
28.000000	108.159	30.7692
28.500000	108.161	29.7438
29.000000	108.163	28.7863
29.500000	108.167	27.8418
30.000000	108.169	26.8731
30.400000	108.164	26.0992
30.700001	108.158	25.5352
31.100000	108.149	24.8058
31.500000	108.142	24.0847
32.000000	108.135	23.1726
32.500000	108.123	22.2745
33.000000	108.111	21.4344
33.500000	108.111	20.6250
34.000000	108.118	19.7669
34.500000	108.117	18.8519
35.000000	108.097	17.9859
35.500000	108.071	17.2637
36.000000	108.058	16.6474
36.500000	108.058	16.0160
37.000000	108.054	15.3223
37.500000	108.036	14.6343
38.200001	108.004	13.7830
38.700001	107.987	13.1912
39.500000	107.946	12.1783
40.000000	107.905	11.6023
40.599998	107.860	11.0286
41.200001	107.839	10.4377
41.799999	107.820	9.6973
42.500000	107.770	8.7818
43.099998	107.711	8.1636
43.700001	107.670	7.6998
44.400002	107.656	7.1225
45.000000	107.647	6.4702
45.500000	107.623	5.8617
46.200001	107.561	5.0858
46.799999	107.496	4.5863
47.500000	107.433	4.1537
48.200001	107.388	3.7452
48.700001	107.362	3.4152
49.400002	107.324	2.9039
50.000000	107.287	2.4590
50.799999	107.240	1.8806
51.500000	107.201	1.3479
52.200001	107.158	0.7817
53.000000	107.102	0.1586
53.799999	107.049	-0.4138
54.500000	107.003	-0.8893
55.200001	106.955	-1.3336
56.000000	106.900	-1.8052
57.000000	106.824	-2.3460
58.000000	106.742	-2.7480
59.000000	106.673	-3.0434
60.000000	106.614	-3.3778
60.799999	106.565	-3.7046
61.500000	106.515	-4.0214
62.200001	106.457	-4.3322
63.000000	106.388	-4.6441
64.000000	106.308	-5.0069
65.000000	106.232	-5.4094
66.000000	106.150	-5.8014
67.000000	106.071	-6.1291
68.000000	106.000	-6.4275
69.000000	105.931	-6.7352
70.000000	105.859	-7.0335
71.000000	105.787	-7.3024
72.000000	105.716	-7.5613
73.000000	105.644	-7.8272
74.000000	105.569	-8.0763
75.000000	105.496	-8.2827
76.199997	105.415	-8.5308
77.500000	105.326	-8.7798
78.800003	105.236	-9.0002
80.000000	105.149	-9.1494
81.199997	105.063	-9.2876
82.500000	104.969	-9.4069
83.800003	104.881	-9.5452
85.000000	104.799	-9.6489
86.199997	104.721	-9.7609
87.500000	104.631	-9.8459
88.500000	104.566	-9.8579
90.000000	104.471	-9.9274
91.199997	104.386	-9.9827
92.500000	104.296	-9.9921
93.800003	104.210	-10.0182
95.000000	104.128	-10.0142
96.199997	104.052	-9.9584
97.500000	103.975	-9.9124
98.800003	103.895	-9.8846
100.000000	103.818	-9.8348
101.500000	103.723	-9.7386
103.000000	103.630	-9.6445
104.400002	103.541	-9.5424
106.000000	103.441	-9.3677
107.500000	103.354	-9.1862
109.000000	103.271	-9.0316
110.599998	103.179	-8.8755
112.000000	103.094	-8.7097
113.800003	102.983	-8.4263
115.000000	102.911	-8.2278
117.199997	102.780	-7.9128
118.000000	102.734	-7.8000
120.599998	102.603	-7.3337
122.000000	102.540	-7.0275
124.099998	102.435	-6.4665
125.000000	102.385	-6.2052
126.500000	102.299	-5.7899
128.000000	102.215	-5.4233
131.500000	102.061	-4.6754
132.000000	102.043	-4.5511
134.000000	101.971	-3.9769
136.000000	101.892	-3.3378
138.000000	101.806	-2.7406
140.000000	101.719	-2.1796
143.000000	101.600	-1.1960
145.000000	101.527	-0.4360
147.500000	101.441	0.5898
150.000000	101.383	1.6460
152.500000	101.367	2.6935
155.000000	101.391	3.5984
157.500000	101.432	4.2378
160.000000	101.469	4.6559
162.500000	101.481	4.9596
165.000000	101.459	5.2541
167.500000	101.404	5.5854
170.000000	101.324	5.9597
172.500000	101.230	6.4013
175.000000	101.141	6.8937
177.500000	101.065	7.4211
180.000000	101.003	8.0034
182.500000	100.957	8.6108
185.000000	100.922	9.2312
187.500000	100.894	9.8690
190.000000	100.868	10.5052
192.500000	100.838	11.1460
195.000000	100.805	11.8087
197.500000	100.768	12.4869
200.000000	100.730	13.1635
203.000000	100.686	13.9718
206.000000	100.647	14.7805
209.000000	100.612	15.5801
212.000000	100.579	16.3687
214.000000	100.557	16.8912
218.000000	100.518	17.9440
220.000000	100.498	18.4745
224.000000	100.459	19.5436
227.000000	100.435	20.3414
230.000000	100.413	21.1246
233.000000	100.390	21.8989
236.000000	100.370	22.6737
240.000000	100.349	23.7225
243.000000	100.335	24.5190
247.000000	100.318	25.5494
250.000000	100.307	26.3007
254.000000	100.297	27.2911
258.000000	100.286	28.3015
262.000000	100.276	29.3253
265.000000	100.269	30.0875
269.000000	100.260	31.0836
272.000000	100.256	31.8262
276.000000	100.251	32.8300
280.000000	100.246	33.8370
285.000000	100.239	35.1129
290.000000	100.236	36.4043
295.000000	100.236	37.7075
300.000000	100.244	39.0520
304.000000	100.257	40.1603
307.000000	100.274	40.9993
311.000000	100.306	42.1006
315.000000	100.351	43.1444
320.000000	100.419	44.3446
325.000000	100.487	45.3965
330.000000	100.548	46.2972
335.000000	100.597	47.1246
340.000000	100.633	47.9424
345.000000	100.658	48.7692
350.000000	100.678	49.6157
355.000000	100.694	50.4653
360.000000	100.707	51.3273
365.000000	100.717	52.2102
370.000000	100.727	53.1003
375.000000	100.735	53.9971
382.000000	100.748	55.2868
387.000000	100.758	56.2040
395.000000	100.773	57.6716
400.000000	100.781	58.5889
406.000000	100.793	59.6776
412.000000	100.804	60.7814
418.000000	100.814	61.9058
425.000000	100.825	63.2003
431.000000	100.835	64.3089
437.000000	100.845	65.4228
444.000000	100.855	66.7098
450.000000	100.862	67.8099
455.000000	100.869	68.7307
462.000000	100.878	70.0370
468.000000	100.886	71.1346
475.000000	100.898	72.3871
482.000000	100.910	73.6504
487.000000	100.916	74.5660
494.000000	100.925	75.8484
500.000000	100.934	76.9438
508.000000	100.945	78.3730
515.000000	100.954	79.6163
522.000000	100.963	80.8666
530.000000	100.974	82.3040
538.000000	100.983	83.7423
545.000000	100.992	84.9932
552.000000	101.001	86.2324
560.000000	101.011	87.6357
570.000000	101.024	89.4028
580.000000	101.037	91.1760
590.000000	101.051	92.9435
600.000000	101.065	94.6846
608.000000	101.075	96.0863
615.000000	101.085	97.3242
622.000000	101.095	98.5540
630.000000	101.106	99.9499
640.000000	101.120	101.6924
650.000000	101.135	103.4415
660.000000	101.151	105.1935
670.000000	101.169	106.9514
680.000000	101.185	108.7036
690.000000	101.202	110.4469
700.000000	101.219	112.1845
710.000000	101.237	113.9329
720.000000	101.256	115.6846
730.000000	101.276	117.4169
740.000000	101.297	119.1446
750.000000	101.321	120.8817
762.000000	101.350	122.9709
775.000000	101.383	125.2295
788.000000	101.419	127.4836
800.000000	101.455	129.5562
812.000000	101.492	131.6294
825.000000	101.533	133.8790
838.000000	101.578	136.1154
850.000000	101.624	138.1567
862.000000	101.673	140.1900
875.000000	101.729	142.3843
885.000000	101.773	144.0633
900.000000	101.844	146.5682
912.000000	101.907	148.5444
925.000000	101.978	150.6625
938.000000	102.048	152.7607
950.000000	102.100	154.6756
962.000000	102.138	156.5600
975.000000	102.190	158.5522
988.000000	102.275	160.5055
1000.000000	102.372	162.2912
1015.000000	102.496	164.4828
1030.000000	102.615	166.6173
1044.000000	102.719	168.5595
1060.000000	102.832	170.7036
1075.000000	102.934	172.6571
1090.000000	103.034	174.5614
1106.000000	103.139	176.5334
1120.000000	103.229	178.2122
1138.000000	103.339	-179.6817
1150.000000	103.410	-178.3139
1172.000000	103.533	-175.9033
1180.000000	103.576	-175.0520
1206.000000	103.710	-172.3371
1220.000000	103.779	-170.9067
1241.000000	103.880	-168.8138
1250.000000	103.922	-167.9336
1265.000000	103.991	-166.4829
1280.000000	104.058	-165.0535
1315.000000	104.212	-161.7659
1320.000000	104.233	-161.3018
1340.000000	104.316	-159.4561
1360.000000	104.392	-157.6304
1380.000000	104.464	-155.8210
1400.000000	104.534	-154.0255
1430.000000	104.636	-151.3416
1450.000000	104.701	-149.5587
1475.000000	104.777	-147.3454
1500.000000	104.851	-145.1578
1525.000000	104.925	-142.9857
1550.000000	104.999	-140.8184
1575.000000	105.071	-138.6566
1600.000000	105.141	-136.5245
1625.000000	105.213	-134.4188
1650.000000	105.287	-132.3203
1675.000000	105.361	-130.2338
1700.000000	105.433	-128.1773
1725.000000	105.508	-126.1485
1750.000000	105.585	-124.1328
1775.000000	105.665	-122.1314
1800.000000	105.745	-120.1571
1825.000000	105.827	-118.2268
1850.000000	105.914	-116.3306
1875.000000	106.003	-114.4524
1900.000000	106.094	-112.6068
1925.000000	106.184	-110.8040
1950.000000	106.274	-109.0307
1975.000000	106.368	-107.2819
2000.000000	106.465	-105.5651
2030.000000	106.585	-103.5592
2060.000000	106.704	-101.6148
2090.000000	106.825	-99.7043
2120.000000	106.949	-97.8166
2140.000000	107.033	-96.5848
2180.000000	107.209	-94.1940
2200.000000	107.299	-93.0163
2240.000000	107.480	-90.6988
2270.000000	107.618	-89.0180
2300.000000	107.755	-87.3868
2330.000000	107.897	-85.7939
2360.000000	108.042	-84.2417
2400.000000	108.238	-82.2540
2430.000000	108.383	-80.8254
2470.000000	108.578	-78.9867
2500.000000	108.727	-77.6533
2540.000000	108.925	-75.9583
2580.000000	109.119	-74.3613
2620.000000	109.312	-72.8533
2650.000000	109.457	-71.7784
2690.000000	109.647	-70.4297
2720.000000	109.787	-69.4942
2760.000000	109.970	-68.3460
2800.000000	110.146	-67.2810
2850.000000	110.353	-66.0733
2900.000000	110.548	-65.0373
2950.000000	110.730	-64.1405
3000.000000	110.894	-63.3539
3040.000000	111.009	-62.8074
3070.000000	111.087	-62.4549
3110.000000	111.183	-62.0380
3150.000000	111.269	-61.6554
3200.000000	111.365	-61.2282
3250.000000	111.445	-60.8544
3300.000000	111.508	-60.5087
3350.000000	111.546	-60.1452
3400.000000	111.548	-59.7484
3450.000000	111.513	-59.3184
3500.000000	111.447	-58.8414
3550.000000	111.361	-58.2881
3600.000000	111.264	-57.6522
3650.000000	111.165	-56.9584
3700.000000	111.068	-56.2249
3750.000000	110.974	-55.4303
3820.000000	110.854	-54.2114
3870.000000	110.766	-53.2601
3950.000000	110.606	-51.6267
4000.000000	110.487	-50.5282
4060.000000	110.310	-49.0946
4120.000000	110.104	-47.5650
4180.000000	109.881	-45.9607
4250.000000	109.618	-43.9973
4310.000000	109.407	-42.2261
4370.000000	109.208	-40.3824
4440.000000	108.985	-38.1668
4500.000000	108.806	-36.2384
4550.000000	108.668	-34.5990
4620.000000	108.490	-32.2437
4680.000000	108.350	-30.1838
4750.000000	108.196	-27.7526
4820.000000	108.051	-25.2903
4870.000000	107.954	-23.4926
4940.000000	107.832	-20.9155
5000.000000	107.740	-18.6451
5080.000000	107.634	-15.5403
5150.000000	107.550	-12.7506
5220.000000	107.474	-9.8802
5300.000000	107.405	-6.5031
5380.000000	107.361	-3.0453
5450.000000	107.354	0.0240
5520.000000	107.391	3.0938
5600.000000	107.503	6.5249
5700.000000	107.768	10.4643
5800.000000	108.155	13.5895
5900.000000	108.608	15.4171
6000.000000	109.013	15.6746
6080.000000	109.199	14.8801
6150.000000	109.211	13.7800
6220.000000	109.068	12.7122
6300.000000	108.734	12.0553
6400.000000	108.162	12.6828
6500.000000	107.563	15.0816
6600.000000	107.063	18.8621
6700.000000	106.722	23.4537
6800.000000	106.550	28.3789
6900.000000	106.536	33.2994
7000.000000	106.664	37.9916
7100.000000	106.920	42.2975
7200.000000	107.298	46.1112
7300.000000	107.812	49.2306
7400.000000	108.444	51.2059
7500.000000	109.139	51.7976
7620.000000	109.991	50.3680
7750.000000	110.790	45.7245
7880.000000	111.202	38.0894
8000.000000	111.047	29.6777
8120.000000	110.349	21.7942
8250.000000	109.134	15.5021
8380.000000	107.693	12.2043
8500.000000	106.346	11.5930
8620.000000	105.079	12.7847
8750.000000	103.841	15.5007
8850.000000	102.993	18.2920
9000.000000	101.886	23.2436
9120.000000	101.130	27.6390
9250.000000	100.422	32.6543
9380.000000	99.811	37.7999
9500.000000	99.329	42.5607
9620.000000	98.927	47.2792
9750.000000	98.580	52.3054
9880.000000	98.319	57.1643
10000.000000	98.145	61.4325
10150.000000	98.005	66.3991
10300.000000	97.943	70.8582
10440.000000	97.949	74.5292
10600.000000	98.006	78.0855
10750.000000	98.075	80.7437
10900.000000	98.131	82.7697
11060.000000	98.156	84.3443
11200.000000	98.139	85.3521
11380.000000	98.062	86.2714
11500.000000	97.967	86.7569
11720.000000	97.702	87.7449
11800.000000	97.592	88.1699
12060.000000	97.212	89.6506
12200.000000	97.000	90.5748
12410.000000	96.718	92.1300
12500.000000	96.611	92.7749
12650.000000	96.432	93.7497
12800.000000	96.234	94.7506
13150.000000	95.808	97.6729
13200.000000	95.756	98.1607
13400.000000	95.591	100.3375
13600.000000	95.534	102.8707
13800.000000	95.653	105.6023
14000.000000	96.074	108.2419
14300.000000	97.422	111.4709
14500.000000	98.656	112.7068
14750.000000	100.522	112.1089
15000.000000	102.810	107.1929
15250.000000	105.221	95.3213
15500.000000	106.961	75.4532
15750.000000	107.215	51.1939
16000.000000	106.001	28.8651
16250.000000	104.030	11.6697
16500.000000	102.237	-1.4566
16750.000000	101.291	-13.0595
17000.000000	101.015	-25.2703
17250.000000	100.980	-39.2646
17500.000000	100.902	-55.3398
17750.000000	100.605	-73.0318
18000.000000	100.060	-91.5426
18250.000000	99.359	-110.2671
18500.000000	98.633	-129.1190
18750.000000	98.003	-148.4729
19000.000000	97.569	-169.1090
19250.000000	97.369	167.8998
19500.000000	97.284	141.4745
19750.000000	97.133	111.7422
20000.000000	96.943	87.9908
