* Measurement data measured by REW V5.31
* Source: Headset (USB-C to 3.5mm Headphone Jack Adapter), MICROPHONE, L, volume: 0.250. Timing signal peak level -33.3 dBFS, measurement signal peak level -33.7 dBFS
* Format: 1M Log Swept Sine, 1 sweep at 0.0 dBFS using an acoustic timing reference
* Dated: 11-Apr-2024 15:09:37
* REW Settings:
*  C-weighting compensation: Off
*  Target level: 75.0 dB
* Note: ; Delay -0.0137 ms (-4.7 mm, -0.18 in) using estimated IR delay relative to Acoustic reference played from SPEAKER R with no timing offset Clock adjustment: -27.0 ppm
* Measurement: B3UC R5
* Smoothing: 1/24 octave
* Frequency Step: 1/48 octave
* Start Frequency: 20.000 Hz
*
* Freq(Hz)	SPL(dB)	Phase(degrees)
20.000000	107.534	51.3357
20.299999	107.596	50.1889
20.600000	107.639	49.0581
20.900000	107.668	48.0051
21.200001	107.694	47.0512
21.400000	107.713	46.4606
21.799999	107.761	45.3363
22.000000	107.789	44.7805
22.400000	107.848	43.6547
22.700001	107.891	42.8010
23.000000	107.932	41.9504
23.299999	107.970	41.1096
23.600000	108.007	40.2789
24.000000	108.053	39.1852
24.299999	108.083	38.3795
24.700001	108.118	37.3398
25.000000	108.141	36.5937
25.400000	108.173	35.6372
25.799999	108.205	34.6990
26.200001	108.236	33.7561
26.500000	108.256	33.0479
26.900000	108.275	32.1232
27.200001	108.286	31.4574
27.600000	108.302	30.6046
28.000000	108.321	29.7616
28.500000	108.347	28.6670
29.000000	108.361	27.5249
29.500000	108.358	26.4131
30.000000	108.347	25.4051
30.400000	108.343	24.6667
30.700001	108.346	24.1255
31.100000	108.353	23.3878
31.500000	108.358	22.6203
32.000000	108.357	21.6548
32.500000	108.347	20.7476
33.000000	108.337	19.9216
33.500000	108.336	19.1326
34.000000	108.337	18.3291
34.500000	108.333	17.5113
35.000000	108.321	16.7209
35.500000	108.306	15.9846
36.000000	108.293	15.2841
36.500000	108.283	14.5817
37.000000	108.270	13.8619
37.500000	108.252	13.1400
38.200001	108.222	12.1643
38.700001	108.199	11.4936
39.500000	108.164	10.4364
40.000000	108.139	9.7821
40.599998	108.107	9.0179
41.200001	108.073	8.2868
41.799999	108.044	7.5796
42.500000	108.012	6.7560
43.099998	107.981	6.0477
43.700001	107.943	5.3698
44.400002	107.897	4.6604
45.000000	107.864	4.1011
45.500000	107.841	3.6275
46.200001	107.807	2.9254
46.799999	107.769	2.3258
47.500000	107.722	1.6822
48.200001	107.681	1.0708
48.700001	107.654	0.6214
49.400002	107.613	-0.0193
50.000000	107.575	-0.5431
50.799999	107.525	-1.1976
51.500000	107.484	-1.7811
52.200001	107.433	-2.3699
53.000000	107.368	-2.9530
53.799999	107.316	-3.4507
54.500000	107.279	-3.9208
55.200001	107.237	-4.4361
56.000000	107.179	-5.0128
57.000000	107.103	-5.6959
58.000000	107.024	-6.2886
59.000000	106.963	-6.8051
60.000000	106.913	-7.4341
60.799999	106.860	-7.9663
61.500000	106.810	-8.3788
62.200001	106.762	-8.7580
63.000000	106.709	-9.1867
64.000000	106.637	-9.7022
65.000000	106.564	-10.1732
66.000000	106.490	-10.6261
67.000000	106.413	-11.0612
68.000000	106.337	-11.4678
69.000000	106.264	-11.8610
70.000000	106.195	-12.2488
71.000000	106.130	-12.6327
72.000000	106.066	-13.0136
73.000000	106.001	-13.3781
74.000000	105.935	-13.7198
75.000000	105.866	-14.0449
76.199997	105.781	-14.3960
77.500000	105.693	-14.7581
78.800003	105.604	-15.1370
80.000000	105.521	-15.4717
81.199997	105.442	-15.7849
82.500000	105.358	-16.1101
83.800003	105.276	-16.3926
85.000000	105.199	-16.6400
86.199997	105.119	-16.8583
87.500000	105.029	-17.0712
88.500000	104.961	-17.1886
90.000000	104.875	-17.4021
91.199997	104.799	-17.6493
92.500000	104.714	-17.8612
93.800003	104.630	-18.0580
95.000000	104.551	-18.1971
96.199997	104.476	-18.2870
97.500000	104.400	-18.3833
98.800003	104.323	-18.4992
100.000000	104.251	-18.5957
101.500000	104.162	-18.7104
103.000000	104.074	-18.8192
104.400002	103.994	-18.9112
106.000000	103.904	-19.0024
107.500000	103.821	-19.0609
109.000000	103.739	-19.0931
110.599998	103.652	-19.1125
112.000000	103.574	-19.1175
113.800003	103.473	-19.1010
115.000000	103.408	-19.0812
117.199997	103.297	-19.0380
118.000000	103.258	-19.0217
120.599998	103.139	-18.9392
122.000000	103.076	-18.8828
124.099998	102.978	-18.7779
125.000000	102.934	-18.7203
126.500000	102.864	-18.6104
128.000000	102.795	-18.5075
131.500000	102.640	-18.2377
132.000000	102.619	-18.1950
134.000000	102.537	-18.0201
136.000000	102.455	-17.8295
138.000000	102.376	-17.6435
140.000000	102.294	-17.4458
143.000000	102.171	-17.1227
145.000000	102.090	-16.9102
147.500000	101.989	-16.6198
150.000000	101.892	-16.2952
152.500000	101.797	-15.9259
155.000000	101.710	-15.5344
157.500000	101.631	-15.1337
160.000000	101.557	-14.6794
162.500000	101.486	-14.1476
165.000000	101.410	-13.5323
167.500000	101.325	-12.8167
170.000000	101.239	-11.9789
172.500000	101.169	-11.0409
175.000000	101.135	-10.0802
177.500000	101.151	-9.2395
180.000000	101.205	-8.6577
182.500000	101.280	-8.3489
185.000000	101.350	-8.2533
187.500000	101.401	-8.2708
190.000000	101.426	-8.3449
192.500000	101.426	-8.4130
195.000000	101.408	-8.4215
197.500000	101.378	-8.3598
200.000000	101.343	-8.2418
203.000000	101.301	-8.0536
206.000000	101.258	-7.8083
209.000000	101.219	-7.5327
212.000000	101.183	-7.2674
214.000000	101.159	-7.0759
218.000000	101.115	-6.6444
220.000000	101.095	-6.4153
224.000000	101.058	-5.9656
227.000000	101.032	-5.6528
230.000000	101.006	-5.3318
233.000000	100.984	-4.9934
236.000000	100.969	-4.6431
240.000000	100.957	-4.2059
243.000000	100.946	-3.8947
247.000000	100.931	-3.4870
250.000000	100.923	-3.1998
254.000000	100.915	-2.8100
258.000000	100.907	-2.4229
262.000000	100.901	-2.0683
265.000000	100.897	-1.8060
269.000000	100.894	-1.4402
272.000000	100.894	-1.1605
276.000000	100.894	-0.7897
280.000000	100.892	-0.4424
285.000000	100.893	-0.0440
290.000000	100.898	0.3586
295.000000	100.907	0.7612
300.000000	100.913	1.1605
304.000000	100.920	1.4587
307.000000	100.925	1.6634
311.000000	100.930	1.9309
315.000000	100.936	2.2130
320.000000	100.947	2.5646
325.000000	100.957	2.9020
330.000000	100.965	3.2148
335.000000	100.971	3.5226
340.000000	100.981	3.8602
345.000000	100.990	4.2015
350.000000	101.000	4.5230
355.000000	101.012	4.8401
360.000000	101.028	5.1677
365.000000	101.048	5.4864
370.000000	101.070	5.7897
375.000000	101.093	6.0817
382.000000	101.127	6.4799
387.000000	101.153	6.7243
395.000000	101.198	7.0462
400.000000	101.224	7.2198
406.000000	101.253	7.3972
412.000000	101.277	7.5337
418.000000	101.295	7.6721
425.000000	101.312	7.8412
431.000000	101.325	8.0054
437.000000	101.336	8.1858
444.000000	101.348	8.3928
450.000000	101.358	8.5743
455.000000	101.366	8.7328
462.000000	101.377	8.9562
468.000000	101.385	9.1404
475.000000	101.396	9.3499
482.000000	101.407	9.5744
487.000000	101.413	9.7416
494.000000	101.421	9.9778
500.000000	101.429	10.1743
508.000000	101.440	10.4286
515.000000	101.449	10.6584
522.000000	101.458	10.8879
530.000000	101.466	11.1650
538.000000	101.475	11.4268
545.000000	101.485	11.6467
552.000000	101.496	11.8755
560.000000	101.507	12.1409
570.000000	101.519	12.4769
580.000000	101.531	12.8195
590.000000	101.543	13.1836
600.000000	101.556	13.5377
608.000000	101.566	13.8070
615.000000	101.577	14.0476
622.000000	101.586	14.3009
630.000000	101.595	14.5940
640.000000	101.609	14.9652
650.000000	101.625	15.3449
660.000000	101.640	15.7226
670.000000	101.654	16.1029
680.000000	101.668	16.5117
690.000000	101.684	16.9248
700.000000	101.702	17.3252
710.000000	101.721	17.7291
720.000000	101.740	18.1452
730.000000	101.760	18.5768
740.000000	101.780	19.0180
750.000000	101.801	19.4567
762.000000	101.830	19.9719
775.000000	101.862	20.5498
788.000000	101.897	21.1522
800.000000	101.932	21.7023
812.000000	101.968	22.2649
825.000000	102.010	22.8908
838.000000	102.057	23.5157
850.000000	102.104	24.0863
862.000000	102.153	24.6575
875.000000	102.208	25.2818
885.000000	102.251	25.7506
900.000000	102.322	26.4490
912.000000	102.386	27.0060
925.000000	102.459	27.5953
938.000000	102.530	28.1690
950.000000	102.585	28.6877
962.000000	102.627	29.1834
975.000000	102.682	29.6858
988.000000	102.769	30.1616
1000.000000	102.868	30.5882
1015.000000	102.995	31.0815
1030.000000	103.119	31.5346
1044.000000	103.229	31.9169
1060.000000	103.347	32.2957
1075.000000	103.455	32.6016
1090.000000	103.559	32.8784
1106.000000	103.667	33.1278
1120.000000	103.761	33.2988
1138.000000	103.880	33.4643
1150.000000	103.957	33.5439
1172.000000	104.089	33.6421
1180.000000	104.135	33.6642
1206.000000	104.278	33.6741
1220.000000	104.353	33.6470
1241.000000	104.460	33.5845
1250.000000	104.505	33.5539
1265.000000	104.578	33.4987
1280.000000	104.650	33.4299
1315.000000	104.814	33.2382
1320.000000	104.836	33.2114
1340.000000	104.921	33.1046
1360.000000	105.003	32.9937
1380.000000	105.081	32.8895
1400.000000	105.154	32.7961
1430.000000	105.256	32.6809
1450.000000	105.322	32.6215
1475.000000	105.402	32.5645
1500.000000	105.481	32.5254
1525.000000	105.555	32.5067
1550.000000	105.626	32.5076
1575.000000	105.698	32.5228
1600.000000	105.770	32.5584
1625.000000	105.841	32.6103
1650.000000	105.913	32.6750
1675.000000	105.984	32.7558
1700.000000	106.056	32.8444
1725.000000	106.129	32.9487
1750.000000	106.204	33.0595
1775.000000	106.280	33.1751
1800.000000	106.359	33.2941
1825.000000	106.440	33.4105
1850.000000	106.523	33.5293
1875.000000	106.609	33.6553
1900.000000	106.697	33.7786
1925.000000	106.786	33.9032
1950.000000	106.874	34.0292
1975.000000	106.964	34.1507
2000.000000	107.056	34.2648
2030.000000	107.170	34.3953
2060.000000	107.287	34.5134
2090.000000	107.406	34.6168
2120.000000	107.528	34.7047
2140.000000	107.610	34.7540
2180.000000	107.779	34.8320
2200.000000	107.864	34.8634
2240.000000	108.039	34.8936
2270.000000	108.173	34.8804
2300.000000	108.308	34.8478
2330.000000	108.443	34.7907
2360.000000	108.582	34.6979
2400.000000	108.772	34.5235
2430.000000	108.913	34.3584
2470.000000	109.102	34.0776
2500.000000	109.245	33.8214
2540.000000	109.437	33.4236
2580.000000	109.626	32.9627
2620.000000	109.813	32.4292
2650.000000	109.954	31.9783
2690.000000	110.139	31.3161
2720.000000	110.274	30.7669
2760.000000	110.450	29.9585
2800.000000	110.620	29.0759
2850.000000	110.820	27.8746
2900.000000	111.009	26.5513
2950.000000	111.184	25.1157
3000.000000	111.341	23.5670
3040.000000	111.452	22.2652
3070.000000	111.527	21.2532
3110.000000	111.618	19.8646
3150.000000	111.699	18.4388
3200.000000	111.790	16.6116
3250.000000	111.866	14.7623
3300.000000	111.925	12.9135
3350.000000	111.956	11.0903
3400.000000	111.950	9.3107
3450.000000	111.908	7.5945
3500.000000	111.832	5.9540
3550.000000	111.734	4.3972
3600.000000	111.621	2.9367
3650.000000	111.504	1.5663
3700.000000	111.388	0.2868
3750.000000	111.276	-0.8814
3820.000000	111.129	-2.3621
3870.000000	111.025	-3.3127
3950.000000	110.848	-4.6798
4000.000000	110.719	-5.4516
4060.000000	110.524	-6.2752
4120.000000	110.300	-7.0028
4180.000000	110.058	-7.6240
4250.000000	109.767	-8.2028
4310.000000	109.526	-8.5931
4370.000000	109.296	-8.9052
4440.000000	109.041	-9.1633
4500.000000	108.833	-9.3066
4550.000000	108.667	-9.3785
4620.000000	108.441	-9.4023
4680.000000	108.255	-9.3467
4750.000000	108.049	-9.1935
4820.000000	107.851	-8.9370
4870.000000	107.715	-8.6758
4940.000000	107.542	-8.2059
5000.000000	107.409	-7.7028
5080.000000	107.248	-6.8901
5150.000000	107.118	-6.0663
5220.000000	106.995	-5.1567
5300.000000	106.873	-4.0115
5380.000000	106.777	-2.7479
5450.000000	106.724	-1.5547
5520.000000	106.713	-0.3151
5600.000000	106.768	1.0684
5700.000000	106.960	2.5083
5800.000000	107.277	3.2192
5900.000000	107.667	2.7166
6000.000000	108.013	0.6494
6080.000000	108.154	-2.0354
6150.000000	108.124	-4.8173
6220.000000	107.933	-7.5856
6300.000000	107.533	-10.1877
6400.000000	106.853	-11.9589
6500.000000	106.117	-11.8660
6600.000000	105.451	-10.2273
6700.000000	104.919	-7.5704
6800.000000	104.533	-4.3682
6900.000000	104.281	-0.9242
7000.000000	104.146	2.5827
7100.000000	104.112	6.0630
7200.000000	104.175	9.5091
7300.000000	104.347	12.8374
7400.000000	104.619	15.7686
7500.000000	104.954	18.3209
7620.000000	105.448	20.9838
7750.000000	106.132	23.1964
7880.000000	106.992	24.3485
8000.000000	107.959	23.9981
8120.000000	109.074	21.6916
8250.000000	110.341	16.1620
8380.000000	111.426	6.9092
8500.000000	111.974	-4.4872
8620.000000	111.888	-16.9602
8750.000000	111.092	-29.1963
8850.000000	110.132	-36.5098
9000.000000	108.470	-43.5615
9120.000000	107.155	-46.3509
9250.000000	105.857	-47.3701
9380.000000	104.718	-47.0108
9500.000000	103.809	-45.9123
9620.000000	103.027	-44.3726
9750.000000	102.312	-42.4194
9880.000000	101.723	-40.3362
10000.000000	101.279	-38.4072
10150.000000	100.840	-36.1270
10300.000000	100.513	-34.1120
10440.000000	100.289	-32.5700
10600.000000	100.104	-31.2868
10750.000000	99.972	-30.5889
10900.000000	99.852	-30.4178
11060.000000	99.713	-30.7475
11200.000000	99.570	-31.3648
11380.000000	99.344	-32.5160
11500.000000	99.156	-33.4370
11720.000000	98.734	-35.0413
11800.000000	98.570	-35.5623
12060.000000	98.015	-37.2405
12200.000000	97.702	-38.0418
12410.000000	97.243	-39.1129
12500.000000	97.054	-39.5991
12650.000000	96.727	-40.4886
12800.000000	96.372	-41.3143
13150.000000	95.505	-42.3931
13200.000000	95.380	-42.4262
13400.000000	94.899	-42.1934
13600.000000	94.485	-41.4053
13800.000000	94.200	-40.1618
14000.000000	94.152	-38.6870
14300.000000	94.667	-36.3199
14500.000000	95.236	-34.8770
14750.000000	96.085	-33.5122
15000.000000	97.209	-33.0560
15250.000000	98.686	-34.4494
15500.000000	100.487	-39.1787
15750.000000	102.447	-48.7890
16000.000000	104.296	-64.4815
16250.000000	105.600	-86.3560
16500.000000	106.114	-112.2133
16750.000000	105.955	-138.1850
17000.000000	105.396	-161.7959
17250.000000	104.763	176.6675
17500.000000	104.172	155.6740
17750.000000	103.510	134.2238
18000.000000	102.648	112.3369
18250.000000	101.556	90.5961
18500.000000	100.329	69.5343
18750.000000	99.162	49.1200
19000.000000	98.264	28.4093
19250.000000	97.698	5.8309
19500.000000	97.310	-19.9070
19750.000000	96.907	-48.5493
20000.000000	96.578	-73.1216
