* Measurement data measured by REW V5.31
* Source: Headset (USB-C to 3.5mm Headphone Jack Adapter), MICROPHONE, L, volume: 0.250. Timing signal peak level -33.4 dBFS, measurement signal peak level -34.1 dBFS
* Format: 1M Log Swept Sine, 1 sweep at 0.0 dBFS using an acoustic timing reference
* Dated: 11-Apr-2024 15:09:13
* REW Settings:
*  C-weighting compensation: Off
*  Target level: 75.0 dB
* Note: ; Delay -0.1940 ms (-67 mm, -2.62 in) using estimated IR delay relative to Acoustic reference played from SPEAKER R with no timing offset Clock adjustment: -65.2 ppm
* Measurement: B3UC R4
* Smoothing: 1/24 octave
* Frequency Step: 1/48 octave
* Start Frequency: 20.000 Hz
*
* Freq(Hz)	SPL(dB)	Phase(degrees)
20.000000	107.405	51.8967
20.299999	107.549	51.4144
20.600000	107.699	50.6686
20.900000	107.829	49.7286
21.200001	107.931	48.7168
21.400000	107.985	48.0513
21.799999	108.077	46.7796
22.000000	108.120	46.1581
22.400000	108.199	44.8736
22.700001	108.242	43.8466
23.000000	108.263	42.7902
23.299999	108.258	41.7654
23.600000	108.232	40.8388
24.000000	108.182	39.8260
24.299999	108.149	39.2280
24.700001	108.132	38.5568
25.000000	108.144	38.0573
25.400000	108.189	37.2606
25.799999	108.251	36.2036
26.200001	108.303	34.8524
26.500000	108.317	33.6975
26.900000	108.289	32.1324
27.200001	108.232	31.0842
27.600000	108.133	30.0378
28.000000	108.049	29.4512
28.500000	108.027	29.1098
29.000000	108.100	28.6721
29.500000	108.199	27.8284
30.000000	108.260	26.7465
30.400000	108.275	25.9329
30.700001	108.278	25.4137
31.100000	108.282	24.8201
31.500000	108.288	24.2717
32.000000	108.290	23.5964
32.500000	108.280	22.9853
33.000000	108.274	22.4687
33.500000	108.291	21.9093
34.000000	108.318	21.1198
34.500000	108.321	20.0902
35.000000	108.282	19.0157
35.500000	108.222	18.0856
36.000000	108.174	17.3055
36.500000	108.149	16.5447
37.000000	108.134	15.7294
37.500000	108.119	14.9165
38.200001	108.114	13.8883
38.700001	108.134	13.1387
39.500000	108.155	11.7338
40.000000	108.129	10.8895
40.599998	108.071	10.1688
41.200001	108.028	9.7316
41.799999	108.008	9.3304
42.500000	107.974	8.8051
43.099998	107.931	8.4392
43.700001	107.906	8.1172
44.400002	107.898	7.5029
45.000000	107.869	6.6884
45.500000	107.812	5.9385
46.200001	107.696	5.0498
46.799999	107.597	4.5342
47.500000	107.524	4.0735
48.200001	107.494	3.4584
48.700001	107.472	2.8735
49.400002	107.413	2.0828
50.000000	107.359	1.6302
50.799999	107.334	1.1656
51.500000	107.331	0.5509
52.200001	107.288	-0.1851
53.000000	107.192	-0.7733
53.799999	107.103	-0.9335
54.500000	107.069	-0.9275
55.200001	107.070	-1.0967
56.000000	107.062	-1.6121
57.000000	107.012	-2.3782
58.000000	106.946	-3.1230
59.000000	106.881	-3.7509
60.000000	106.849	-4.5591
60.799999	106.780	-5.4093
61.500000	106.678	-5.8890
62.200001	106.592	-6.0585
63.000000	106.530	-6.1969
64.000000	106.454	-6.4410
65.000000	106.379	-6.5854
66.000000	106.324	-6.7986
67.000000	106.255	-7.2036
68.000000	106.167	-7.5558
69.000000	106.097	-7.9117
70.000000	106.017	-8.3698
71.000000	105.933	-8.6687
72.000000	105.873	-8.9438
73.000000	105.806	-9.2751
74.000000	105.727	-9.4791
75.000000	105.661	-9.5947
76.199997	105.586	-9.8881
77.500000	105.478	-10.1642
78.800003	105.396	-10.3888
80.000000	105.312	-10.7523
81.199997	105.219	-10.9541
82.500000	105.140	-11.1146
83.800003	105.056	-11.3347
85.000000	104.972	-11.4607
86.199997	104.896	-11.5775
87.500000	104.816	-11.7687
88.500000	104.751	-11.9336
90.000000	104.648	-12.1559
91.199997	104.564	-12.2633
92.500000	104.475	-12.3404
93.800003	104.387	-12.3923
95.000000	104.306	-12.4315
96.199997	104.228	-12.4501
97.500000	104.149	-12.4873
98.800003	104.068	-12.5215
100.000000	103.995	-12.4915
101.500000	103.910	-12.4221
103.000000	103.826	-12.3374
104.400002	103.748	-12.2567
106.000000	103.657	-12.1915
107.500000	103.568	-12.1222
109.000000	103.480	-12.0338
110.599998	103.389	-11.9222
112.000000	103.310	-11.8081
113.800003	103.210	-11.6444
115.000000	103.145	-11.5317
117.199997	103.025	-11.3043
118.000000	102.983	-11.2108
120.599998	102.849	-10.9230
122.000000	102.778	-10.7478
124.099998	102.675	-10.4617
125.000000	102.631	-10.3329
126.500000	102.559	-10.0990
128.000000	102.487	-9.8384
131.500000	102.324	-9.1951
132.000000	102.301	-9.1008
134.000000	102.209	-8.7042
136.000000	102.123	-8.2958
138.000000	102.040	-7.8941
140.000000	101.952	-7.5017
143.000000	101.815	-6.8377
145.000000	101.724	-6.3397
147.500000	101.617	-5.6450
150.000000	101.515	-4.8978
152.500000	101.419	-4.0214
155.000000	101.346	-2.9902
157.500000	101.312	-1.9066
160.000000	101.319	-0.7949
162.500000	101.370	0.2006
165.000000	101.434	0.9237
167.500000	101.483	1.2959
170.000000	101.493	1.3922
172.500000	101.460	1.4481
175.000000	101.399	1.5994
177.500000	101.341	1.7941
180.000000	101.290	2.0011
182.500000	101.243	2.2451
185.000000	101.209	2.6606
187.500000	101.179	3.0381
190.000000	101.152	3.4891
192.500000	101.127	3.8665
195.000000	101.088	4.2915
197.500000	101.052	4.8244
200.000000	101.023	5.2979
203.000000	100.977	5.8021
206.000000	100.923	6.3786
209.000000	100.882	7.0186
212.000000	100.851	7.6510
214.000000	100.831	8.0549
218.000000	100.794	8.8391
220.000000	100.776	9.2386
224.000000	100.740	10.0136
227.000000	100.715	10.5712
230.000000	100.693	11.1361
233.000000	100.672	11.7112
236.000000	100.659	12.2802
240.000000	100.645	13.0699
243.000000	100.629	13.6526
247.000000	100.607	14.3618
250.000000	100.599	14.9054
254.000000	100.592	15.6432
258.000000	100.582	16.3690
262.000000	100.576	17.0792
265.000000	100.574	17.5940
269.000000	100.572	18.2819
272.000000	100.570	18.8038
276.000000	100.569	19.4965
280.000000	100.568	20.1782
285.000000	100.566	21.0225
290.000000	100.567	21.8326
295.000000	100.568	22.6308
300.000000	100.573	23.4424
304.000000	100.574	24.1010
307.000000	100.574	24.6000
311.000000	100.575	25.2689
315.000000	100.579	25.9448
320.000000	100.587	26.8240
325.000000	100.602	27.7401
330.000000	100.632	28.6740
335.000000	100.681	29.5587
340.000000	100.738	30.3310
345.000000	100.794	30.9684
350.000000	100.844	31.5081
355.000000	100.883	31.9944
360.000000	100.912	32.4505
365.000000	100.933	32.9007
370.000000	100.949	33.3754
375.000000	100.963	33.8864
382.000000	100.980	34.6201
387.000000	100.990	35.1434
395.000000	101.008	35.9704
400.000000	101.016	36.5005
406.000000	101.025	37.1477
412.000000	101.037	37.7910
418.000000	101.047	38.4118
425.000000	101.056	39.1324
431.000000	101.065	39.7808
437.000000	101.074	40.4643
444.000000	101.086	41.2462
450.000000	101.096	41.8750
455.000000	101.104	42.3930
462.000000	101.113	43.1501
468.000000	101.120	43.8175
475.000000	101.130	44.5667
482.000000	101.142	45.2958
487.000000	101.149	45.8212
494.000000	101.158	46.5732
500.000000	101.166	47.2249
508.000000	101.177	48.0821
515.000000	101.186	48.8266
522.000000	101.196	49.5695
530.000000	101.208	50.4214
538.000000	101.220	51.2703
545.000000	101.230	52.0101
552.000000	101.240	52.7570
560.000000	101.250	53.6214
570.000000	101.264	54.6883
580.000000	101.276	55.7523
590.000000	101.286	56.8245
600.000000	101.297	57.9016
608.000000	101.307	58.7603
615.000000	101.318	59.5089
622.000000	101.328	60.2667
630.000000	101.338	61.1466
640.000000	101.350	62.2489
650.000000	101.363	63.3487
660.000000	101.379	64.4610
670.000000	101.396	65.5705
680.000000	101.413	66.6832
690.000000	101.430	67.8022
700.000000	101.448	68.9226
710.000000	101.466	70.0583
720.000000	101.486	71.1997
730.000000	101.508	72.3313
740.000000	101.530	73.4781
750.000000	101.552	74.6348
762.000000	101.579	76.0244
775.000000	101.612	77.5346
788.000000	101.648	79.0367
800.000000	101.683	80.4392
812.000000	101.720	81.8586
825.000000	101.763	83.3896
838.000000	101.807	84.9226
850.000000	101.851	86.3418
862.000000	101.900	87.7582
875.000000	101.957	89.2861
885.000000	102.000	90.4624
900.000000	102.069	92.2247
912.000000	102.131	93.6148
925.000000	102.203	95.1003
938.000000	102.276	96.5734
950.000000	102.332	97.9132
962.000000	102.374	99.2332
975.000000	102.428	100.6428
988.000000	102.512	102.0258
1000.000000	102.608	103.2753
1015.000000	102.736	104.7933
1030.000000	102.861	106.2715
1044.000000	102.967	107.6100
1060.000000	103.080	109.0955
1075.000000	103.183	110.4412
1090.000000	103.286	111.7426
1106.000000	103.392	113.0784
1120.000000	103.482	114.2166
1138.000000	103.593	115.6360
1150.000000	103.665	116.5493
1172.000000	103.794	118.1628
1180.000000	103.839	118.7338
1206.000000	103.977	120.5459
1220.000000	104.046	121.5004
1241.000000	104.149	122.9083
1250.000000	104.193	123.4983
1265.000000	104.266	124.4702
1280.000000	104.336	125.4391
1315.000000	104.492	127.6725
1320.000000	104.514	127.9898
1340.000000	104.598	129.2609
1360.000000	104.679	130.5283
1380.000000	104.756	131.8005
1400.000000	104.828	133.0803
1430.000000	104.928	135.0238
1450.000000	104.992	136.3372
1475.000000	105.072	137.9843
1500.000000	105.149	139.6535
1525.000000	105.222	141.3437
1550.000000	105.294	143.0449
1575.000000	105.365	144.7719
1600.000000	105.435	146.5178
1625.000000	105.507	148.2746
1650.000000	105.580	150.0413
1675.000000	105.652	151.8204
1700.000000	105.723	153.6129
1725.000000	105.797	155.4147
1750.000000	105.873	157.2192
1775.000000	105.951	159.0313
1800.000000	106.030	160.8495
1825.000000	106.113	162.6643
1850.000000	106.200	164.4701
1875.000000	106.287	166.2763
1900.000000	106.375	168.0855
1925.000000	106.462	169.8889
1950.000000	106.553	171.6809
1975.000000	106.648	173.4608
2000.000000	106.745	175.2297
2030.000000	106.861	177.3487
2060.000000	106.977	179.4583
2090.000000	107.096	-178.4487
2120.000000	107.221	-176.3832
2140.000000	107.306	-175.0199
2180.000000	107.479	-172.3182
2200.000000	107.565	-170.9772
2240.000000	107.740	-168.3315
2270.000000	107.877	-166.3857
2300.000000	108.017	-164.4702
2330.000000	108.156	-162.5905
2360.000000	108.296	-160.7497
2400.000000	108.484	-158.3569
2430.000000	108.628	-156.6098
2470.000000	108.823	-154.3602
2500.000000	108.970	-152.7249
2540.000000	109.160	-150.5995
2580.000000	109.349	-148.5383
2620.000000	109.543	-146.5610
2650.000000	109.688	-145.1322
2690.000000	109.874	-143.2940
2720.000000	110.009	-141.9679
2760.000000	110.186	-140.2757
2800.000000	110.361	-138.6616
2850.000000	110.568	-136.7450
2900.000000	110.759	-134.9469
2950.000000	110.936	-133.2738
3000.000000	111.100	-131.7135
3040.000000	111.214	-130.5297
3070.000000	111.290	-129.6811
3110.000000	111.382	-128.5899
3150.000000	111.466	-127.5395
3200.000000	111.562	-126.2807
3250.000000	111.641	-125.0466
3300.000000	111.700	-123.8141
3350.000000	111.735	-122.5626
3400.000000	111.735	-121.2692
3450.000000	111.699	-119.9162
3500.000000	111.628	-118.4918
3550.000000	111.533	-116.9892
3600.000000	111.426	-115.3981
3650.000000	111.317	-113.7233
3700.000000	111.212	-111.9683
3750.000000	111.107	-110.1156
3820.000000	110.970	-107.3950
3870.000000	110.873	-105.3647
3950.000000	110.703	-101.9609
4000.000000	110.574	-99.7341
4060.000000	110.377	-96.9360
4120.000000	110.154	-94.0174
4180.000000	109.916	-90.9798
4250.000000	109.637	-87.2913
4310.000000	109.405	-84.0217
4370.000000	109.184	-80.6708
4440.000000	108.944	-76.6620
4500.000000	108.757	-73.1692
4550.000000	108.612	-70.2229
4620.000000	108.417	-66.0345
4680.000000	108.256	-62.3875
4750.000000	108.082	-58.0703
4820.000000	107.920	-53.6798
4870.000000	107.812	-50.4894
4940.000000	107.674	-45.9500
5000.000000	107.567	-41.9791
5080.000000	107.438	-36.5752
5150.000000	107.334	-31.7449
5220.000000	107.238	-26.8181
5300.000000	107.143	-21.0730
5380.000000	107.073	-15.2128
5450.000000	107.044	-10.0203
5520.000000	107.062	-4.8051
5600.000000	107.151	1.1050
5700.000000	107.387	8.1756
5800.000000	107.749	14.4823
5900.000000	108.181	19.5518
6000.000000	108.566	23.0280
6080.000000	108.736	24.7653
6150.000000	108.733	25.8568
6220.000000	108.572	26.9710
6300.000000	108.215	28.8102
6400.000000	107.600	32.5784
6500.000000	106.941	38.1744
6600.000000	106.367	45.2497
6700.000000	105.941	53.2409
6800.000000	105.676	61.6684
6900.000000	105.558	70.2298
7000.000000	105.571	78.7286
7100.000000	105.703	87.0380
7200.000000	105.949	95.1184
7300.000000	106.321	102.8570
7400.000000	106.813	109.9076
7500.000000	107.395	116.1683
7620.000000	108.213	122.4802
7750.000000	109.231	127.2269
7880.000000	110.285	128.9704
8000.000000	111.106	127.4316
8120.000000	111.536	123.2728
8250.000000	111.346	117.5406
8380.000000	110.479	113.0158
8500.000000	109.270	111.4632
8620.000000	107.905	112.7480
8750.000000	106.446	116.8474
8850.000000	105.410	121.4357
9000.000000	104.042	129.8866
9120.000000	103.100	137.5500
9250.000000	102.214	146.4076
9380.000000	101.452	155.6058
9500.000000	100.851	164.2526
9620.000000	100.345	172.9494
9750.000000	99.889	-177.6617
9880.000000	99.522	-168.3801
10000.000000	99.258	-159.9557
10150.000000	99.020	-149.6989
10300.000000	98.866	-139.8595
10440.000000	98.784	-131.1314
10600.000000	98.742	-121.7577
10750.000000	98.729	-113.5663
10900.000000	98.711	-105.9369
11060.000000	98.663	-98.3391
11200.000000	98.588	-92.0374
11380.000000	98.443	-84.3452
11500.000000	98.306	-79.4075
11720.000000	97.971	-70.2866
11800.000000	97.837	-66.9024
12060.000000	97.381	-55.8341
12200.000000	97.126	-49.7546
12410.000000	96.768	-40.4959
12500.000000	96.624	-36.5676
12650.000000	96.375	-30.1159
12800.000000	96.102	-23.6111
13150.000000	95.453	-7.7181
13200.000000	95.364	-5.3492
13400.000000	95.035	4.4413
13600.000000	94.786	14.6974
13800.000000	94.684	25.2778
14000.000000	94.850	35.9589
14300.000000	95.741	51.7926
14500.000000	96.596	61.9829
14750.000000	97.881	73.7563
15000.000000	99.544	83.6144
15250.000000	101.651	89.8379
15500.000000	104.004	90.0033
15750.000000	106.017	82.4220
16000.000000	106.948	68.5359
16250.000000	106.415	53.2853
16500.000000	104.979	41.3444
16750.000000	103.679	33.5095
17000.000000	102.892	27.7520
17250.000000	102.444	21.8853
17500.000000	102.082	14.7723
17750.000000	101.581	6.3378
18000.000000	100.852	-2.8154
18250.000000	99.934	-11.9896
18500.000000	98.951	-20.9203
18750.000000	98.062	-29.8759
19000.000000	97.416	-39.7284
19250.000000	97.059	-51.7851
19500.000000	96.859	-67.1286
19750.000000	96.631	-85.5337
20000.000000	96.410	-98.2061
