* Measurement data measured by REW V5.31
* Source: Headset (USB-C to 3.5mm Headphone Jack Adapter), MICROPHONE, L, volume: 0.250. Timing signal peak level -34.7 dBFS, measurement signal peak level -34.6 dBFS
* Format: 1M Log Swept Sine, 1 sweep at 0.0 dBFS using an acoustic timing reference
* Dated: 11-Apr-2024 14:29:24
* REW Settings:
*  C-weighting compensation: Off
*  Target level: 75.0 dB
* Note: ; Delay 0.0281 ms (9.6 mm, 0.38 in) using estimated IR delay relative to Acoustic reference played from SPEAKER R with no timing offset Clock adjustment: 16.4 ppm
* Measurement: B3Velvet R3
* Smoothing: 1/24 octave
* Frequency Step: 1/48 octave
* Start Frequency: 20.000 Hz
*
* Freq(Hz)	SPL(dB)	Phase(degrees)
20.000000	107.473	49.8588
20.299999	107.493	48.8144
20.600000	107.518	47.8973
20.900000	107.555	47.0616
21.200001	107.606	46.2416
21.400000	107.645	45.6770
21.799999	107.723	44.4822
22.000000	107.758	43.8613
22.400000	107.818	42.6223
22.700001	107.855	41.7305
23.000000	107.891	40.8804
23.299999	107.928	40.0583
23.600000	107.968	39.2414
24.000000	108.020	38.1329
24.299999	108.053	37.2875
24.700001	108.088	36.1682
25.000000	108.107	35.3561
25.400000	108.127	34.3264
25.799999	108.147	33.3501
26.200001	108.168	32.4041
26.500000	108.185	31.7007
26.900000	108.206	30.7611
27.200001	108.220	30.0545
27.600000	108.236	29.1153
28.000000	108.248	28.1892
28.500000	108.257	27.0650
29.000000	108.265	25.9839
29.500000	108.273	24.9339
30.000000	108.281	23.8969
30.400000	108.287	23.0738
30.700001	108.289	22.4646
31.100000	108.288	21.6709
31.500000	108.286	20.9039
32.000000	108.283	19.9793
32.500000	108.280	19.0780
33.000000	108.276	18.1891
33.500000	108.269	17.3197
34.000000	108.259	16.4850
34.500000	108.249	15.6853
35.000000	108.243	14.8961
35.500000	108.236	14.0897
36.000000	108.225	13.2671
36.500000	108.206	12.4621
37.000000	108.182	11.7079
37.500000	108.161	11.0024
38.200001	108.141	10.0279
38.700001	108.127	9.3042
39.500000	108.094	8.1366
40.000000	108.064	7.4512
40.599998	108.027	6.6966
41.200001	107.995	5.9905
41.799999	107.968	5.2908
42.500000	107.938	4.4576
43.099998	107.909	3.7425
43.700001	107.878	3.0371
44.400002	107.839	2.2171
45.000000	107.802	1.5203
45.500000	107.767	0.9598
46.200001	107.717	0.2149
46.799999	107.676	-0.4077
47.500000	107.627	-1.1321
48.200001	107.575	-1.8311
48.700001	107.537	-2.3014
49.400002	107.486	-2.9145
50.000000	107.446	-3.3992
50.799999	107.404	-4.0334
51.500000	107.372	-4.6478
52.200001	107.330	-5.3101
53.000000	107.269	-6.0199
53.799999	107.211	-6.6559
54.500000	107.163	-7.2047
55.200001	107.111	-7.7512
56.000000	107.048	-8.3301
57.000000	106.977	-8.9931
58.000000	106.912	-9.6852
59.000000	106.840	-10.3479
60.000000	106.775	-10.9481
60.799999	106.724	-11.4680
61.500000	106.671	-11.9081
62.200001	106.619	-12.2922
63.000000	106.566	-12.7245
64.000000	106.497	-13.3194
65.000000	106.418	-13.8633
66.000000	106.346	-14.3556
67.000000	106.277	-14.8855
68.000000	106.200	-15.4119
69.000000	106.124	-15.8569
70.000000	106.060	-16.2943
71.000000	105.995	-16.7929
72.000000	105.917	-17.2595
73.000000	105.838	-17.6258
74.000000	105.767	-17.9456
75.000000	105.702	-18.2936
76.199997	105.622	-18.7360
77.500000	105.532	-19.2183
78.800003	105.439	-19.6772
80.000000	105.353	-20.0640
81.199997	105.272	-20.4122
82.500000	105.186	-20.8056
83.800003	105.097	-21.1773
85.000000	105.015	-21.5017
86.199997	104.929	-21.8027
87.500000	104.838	-22.0695
88.500000	104.772	-22.2753
90.000000	104.673	-22.5824
91.199997	104.596	-22.8128
92.500000	104.516	-23.0805
93.800003	104.434	-23.3469
95.000000	104.358	-23.5595
96.199997	104.281	-23.7354
97.500000	104.201	-23.8976
98.800003	104.124	-24.0705
100.000000	104.050	-24.2677
101.500000	103.948	-24.4908
103.000000	103.850	-24.6347
104.400002	103.768	-24.7451
106.000000	103.679	-24.8796
107.500000	103.595	-24.9965
109.000000	103.509	-25.0909
110.599998	103.418	-25.1794
112.000000	103.340	-25.2712
113.800003	103.240	-25.3911
115.000000	103.175	-25.4630
117.199997	103.058	-25.5620
118.000000	103.016	-25.5784
120.599998	102.886	-25.5966
122.000000	102.816	-25.6011
124.099998	102.711	-25.5998
125.000000	102.665	-25.5883
126.500000	102.591	-25.5617
128.000000	102.517	-25.5260
131.500000	102.348	-25.4126
132.000000	102.325	-25.3926
134.000000	102.233	-25.3131
136.000000	102.140	-25.2165
138.000000	102.048	-25.0730
140.000000	101.957	-24.9301
143.000000	101.810	-24.6625
145.000000	101.710	-24.4260
147.500000	101.586	-24.0647
150.000000	101.467	-23.5932
152.500000	101.365	-22.9643
155.000000	101.285	-22.1793
157.500000	101.257	-21.2259
160.000000	101.296	-20.3807
162.500000	101.377	-19.8974
165.000000	101.447	-19.8074
167.500000	101.471	-19.9986
170.000000	101.443	-20.2922
172.500000	101.375	-20.5096
175.000000	101.293	-20.6032
177.500000	101.215	-20.6244
180.000000	101.149	-20.5969
182.500000	101.097	-20.5218
185.000000	101.057	-20.3947
187.500000	101.024	-20.2397
190.000000	100.995	-20.0716
192.500000	100.965	-19.9015
195.000000	100.930	-19.7141
197.500000	100.890	-19.5191
200.000000	100.850	-19.3139
203.000000	100.805	-19.0593
206.000000	100.765	-18.7840
209.000000	100.728	-18.5051
212.000000	100.693	-18.2533
214.000000	100.670	-18.0891
218.000000	100.628	-17.7472
220.000000	100.609	-17.5658
224.000000	100.575	-17.2191
227.000000	100.552	-16.9682
230.000000	100.530	-16.7448
233.000000	100.509	-16.5261
236.000000	100.493	-16.2963
240.000000	100.476	-15.9907
243.000000	100.464	-15.7618
247.000000	100.450	-15.4844
250.000000	100.444	-15.2869
254.000000	100.437	-15.0470
258.000000	100.431	-14.8278
262.000000	100.423	-14.5850
265.000000	100.417	-14.4115
269.000000	100.410	-14.1883
272.000000	100.409	-14.0217
276.000000	100.406	-13.8246
280.000000	100.404	-13.6414
285.000000	100.404	-13.4272
290.000000	100.410	-13.2049
295.000000	100.414	-12.9840
300.000000	100.416	-12.7818
304.000000	100.420	-12.6297
307.000000	100.423	-12.5215
311.000000	100.427	-12.3718
315.000000	100.430	-12.2148
320.000000	100.433	-12.0546
325.000000	100.436	-11.9063
330.000000	100.440	-11.7169
335.000000	100.444	-11.4846
340.000000	100.449	-11.2541
345.000000	100.461	-11.0340
350.000000	100.480	-10.8170
355.000000	100.505	-10.5566
360.000000	100.544	-10.2913
365.000000	100.596	-10.1307
370.000000	100.654	-10.0869
375.000000	100.705	-10.1370
382.000000	100.754	-10.3107
387.000000	100.777	-10.4469
395.000000	100.796	-10.6215
400.000000	100.804	-10.7123
406.000000	100.812	-10.7925
412.000000	100.821	-10.8588
418.000000	100.830	-10.9267
425.000000	100.839	-10.9778
431.000000	100.846	-11.0035
437.000000	100.855	-11.0379
444.000000	100.868	-11.0831
450.000000	100.878	-11.1142
455.000000	100.886	-11.1351
462.000000	100.896	-11.1724
468.000000	100.906	-11.2153
475.000000	100.916	-11.2560
482.000000	100.927	-11.2872
487.000000	100.934	-11.3130
494.000000	100.943	-11.3539
500.000000	100.951	-11.3815
508.000000	100.962	-11.4189
515.000000	100.971	-11.4559
522.000000	100.980	-11.4985
530.000000	100.991	-11.5500
538.000000	101.002	-11.5894
545.000000	101.012	-11.6186
552.000000	101.022	-11.6555
560.000000	101.032	-11.6925
570.000000	101.047	-11.7289
580.000000	101.061	-11.7644
590.000000	101.075	-11.8030
600.000000	101.089	-11.8358
608.000000	101.100	-11.8454
615.000000	101.109	-11.8536
622.000000	101.118	-11.8627
630.000000	101.129	-11.8749
640.000000	101.143	-11.8858
650.000000	101.158	-11.8826
660.000000	101.171	-11.8741
670.000000	101.186	-11.8679
680.000000	101.203	-11.8562
690.000000	101.222	-11.8384
700.000000	101.241	-11.8137
710.000000	101.259	-11.7780
720.000000	101.278	-11.7334
730.000000	101.299	-11.6853
740.000000	101.321	-11.6235
750.000000	101.346	-11.5541
762.000000	101.376	-11.4657
775.000000	101.411	-11.3626
788.000000	101.446	-11.2528
800.000000	101.480	-11.1459
812.000000	101.518	-11.0326
825.000000	101.560	-10.9071
838.000000	101.605	-10.7641
850.000000	101.651	-10.6338
862.000000	101.703	-10.5076
875.000000	101.760	-10.3765
885.000000	101.804	-10.2779
900.000000	101.874	-10.1333
912.000000	101.936	-10.0205
925.000000	102.008	-9.9166
938.000000	102.080	-9.8406
950.000000	102.138	-9.7763
962.000000	102.180	-9.7219
975.000000	102.233	-9.6894
988.000000	102.318	-9.6869
1000.000000	102.416	-9.7119
1015.000000	102.543	-9.7813
1030.000000	102.665	-9.8829
1044.000000	102.770	-10.0105
1060.000000	102.884	-10.2071
1075.000000	102.989	-10.4313
1090.000000	103.089	-10.7025
1106.000000	103.191	-11.0388
1120.000000	103.279	-11.3673
1138.000000	103.392	-11.8459
1150.000000	103.465	-12.1918
1172.000000	103.590	-12.8668
1180.000000	103.633	-13.1240
1206.000000	103.765	-13.9954
1220.000000	103.835	-14.4906
1241.000000	103.938	-15.2589
1250.000000	103.981	-15.5937
1265.000000	104.050	-16.1515
1280.000000	104.117	-16.7144
1315.000000	104.269	-18.0466
1320.000000	104.290	-18.2358
1340.000000	104.371	-18.9889
1360.000000	104.448	-19.7330
1380.000000	104.521	-20.4704
1400.000000	104.590	-21.1939
1430.000000	104.688	-22.2568
1450.000000	104.752	-22.9497
1475.000000	104.829	-23.7940
1500.000000	104.901	-24.6054
1525.000000	104.972	-25.3936
1550.000000	105.042	-26.1592
1575.000000	105.113	-26.9116
1600.000000	105.184	-27.6401
1625.000000	105.255	-28.3524
1650.000000	105.327	-29.0545
1675.000000	105.398	-29.7303
1700.000000	105.471	-30.3900
1725.000000	105.546	-31.0419
1750.000000	105.623	-31.6781
1775.000000	105.701	-32.3023
1800.000000	105.780	-32.9132
1825.000000	105.863	-33.5216
1850.000000	105.948	-34.1294
1875.000000	106.035	-34.7293
1900.000000	106.122	-35.3260
1925.000000	106.212	-35.9232
1950.000000	106.305	-36.5258
1975.000000	106.398	-37.1323
2000.000000	106.492	-37.7379
2030.000000	106.606	-38.4716
2060.000000	106.724	-39.2229
2090.000000	106.846	-39.9927
2120.000000	106.970	-40.7665
2140.000000	107.053	-41.2870
2180.000000	107.224	-42.3635
2200.000000	107.311	-42.9155
2240.000000	107.490	-44.0439
2270.000000	107.629	-44.9205
2300.000000	107.768	-45.8138
2330.000000	107.907	-46.7242
2360.000000	108.049	-47.6595
2400.000000	108.242	-48.9464
2430.000000	108.386	-49.9391
2470.000000	108.581	-51.3109
2500.000000	108.729	-52.3770
2540.000000	108.925	-53.8472
2580.000000	109.120	-55.3720
2620.000000	109.316	-56.9634
2650.000000	109.464	-58.2056
2690.000000	109.656	-59.9181
2720.000000	109.796	-61.2478
2760.000000	109.981	-63.0944
2800.000000	110.161	-65.0160
2850.000000	110.376	-67.5116
2900.000000	110.577	-70.1086
2950.000000	110.765	-72.8121
3000.000000	110.938	-75.6305
3040.000000	111.061	-77.9475
3070.000000	111.146	-79.7221
3110.000000	111.250	-82.1263
3150.000000	111.345	-84.5643
3200.000000	111.455	-87.6504
3250.000000	111.551	-90.7596
3300.000000	111.630	-93.8771
3350.000000	111.683	-96.9735
3400.000000	111.698	-100.0290
3450.000000	111.676	-103.0222
3500.000000	111.620	-105.9436
3550.000000	111.541	-108.7864
3600.000000	111.448	-111.5333
3650.000000	111.349	-114.1832
3700.000000	111.249	-116.7436
3750.000000	111.147	-119.2006
3820.000000	111.013	-122.4886
3870.000000	110.916	-124.7178
3950.000000	110.746	-128.0696
4000.000000	110.618	-130.0384
4060.000000	110.429	-132.2614
4120.000000	110.215	-134.3584
4180.000000	109.985	-136.3373
4250.000000	109.715	-138.4996
4310.000000	109.495	-140.2458
4370.000000	109.284	-141.8993
4440.000000	109.053	-143.7111
4500.000000	108.869	-145.1840
4550.000000	108.725	-146.3573
4620.000000	108.532	-147.9165
4680.000000	108.378	-149.1765
4750.000000	108.213	-150.5549
4820.000000	108.061	-151.8310
4870.000000	107.959	-152.6705
4940.000000	107.833	-153.7495
5000.000000	107.740	-154.5847
5080.000000	107.634	-155.5846
5150.000000	107.552	-156.3645
5220.000000	107.479	-157.0589
5300.000000	107.409	-157.7493
5380.000000	107.360	-158.3244
5450.000000	107.345	-158.7349
5520.000000	107.373	-159.0860
5600.000000	107.476	-159.4932
5700.000000	107.732	-160.2468
5800.000000	108.115	-161.6939
5900.000000	108.577	-164.3155
6000.000000	109.013	-168.4818
6080.000000	109.238	-172.8585
6150.000000	109.291	-177.1567
6220.000000	109.191	178.5012
6300.000000	108.902	174.0128
6400.000000	108.367	169.7627
6500.000000	107.776	167.2731
6600.000000	107.252	166.2675
6700.000000	106.864	166.2592
6800.000000	106.636	166.7931
6900.000000	106.564	167.5186
7000.000000	106.634	168.1925
7100.000000	106.842	168.6276
7200.000000	107.187	168.6767
7300.000000	107.677	168.0788
7400.000000	108.290	166.3899
7500.000000	108.978	163.3589
7620.000000	109.837	157.5803
7750.000000	110.645	148.2382
7880.000000	111.068	135.9850
8000.000000	110.945	123.4042
8120.000000	110.315	111.3225
8250.000000	109.201	100.2946
8380.000000	107.853	92.0499
8500.000000	106.563	86.7859
8620.000000	105.324	83.3565
8750.000000	104.095	81.1724
8850.000000	103.245	80.2645
9000.000000	102.123	79.7802
9120.000000	101.344	79.9231
9250.000000	100.609	80.4290
9380.000000	99.969	81.1689
9500.000000	99.459	81.9698
9620.000000	99.024	82.8247
9750.000000	98.632	83.7340
9880.000000	98.324	84.5531
10000.000000	98.108	85.1857
10150.000000	97.922	85.7359
10300.000000	97.816	85.9287
10440.000000	97.780	85.7088
10600.000000	97.791	84.9029
10750.000000	97.822	83.5845
10900.000000	97.850	81.7372
11060.000000	97.858	79.2752
11200.000000	97.836	76.8134
11380.000000	97.766	73.3278
11500.000000	97.683	70.8598
11720.000000	97.454	66.3552
11800.000000	97.357	64.7842
12060.000000	97.015	59.8052
12200.000000	96.816	57.2535
12410.000000	96.531	53.5927
12500.000000	96.416	52.0146
12650.000000	96.217	49.3360
12800.000000	95.996	46.7609
13150.000000	95.498	41.6922
13200.000000	95.435	41.0759
13400.000000	95.214	38.9257
13600.000000	95.084	37.2745
13800.000000	95.113	35.9805
14000.000000	95.428	34.8347
14300.000000	96.594	32.9765
14500.000000	97.696	31.2386
14750.000000	99.385	27.5687
15000.000000	101.542	20.5787
15250.000000	104.063	7.4410
15500.000000	106.308	-14.5980
15750.000000	107.279	-44.1558
16000.000000	106.531	-74.5048
16250.000000	104.565	-99.5859
16500.000000	102.453	-118.8096
16750.000000	101.087	-134.7971
17000.000000	100.454	-150.2993
17250.000000	100.166	-167.0372
17500.000000	99.934	174.3347
17750.000000	99.553	154.0786
18000.000000	98.948	132.9601
18250.000000	98.156	111.7261
18500.000000	97.303	90.7012
18750.000000	96.527	69.6973
19000.000000	95.966	48.0250
19250.000000	95.699	24.4335
19500.000000	95.636	-2.3932
19750.000000	95.590	-32.4880
20000.000000	95.504	-59.9158
