* Measurement data measured by REW V5.31
* Source: Headset (USB-C to 3.5mm Headphone Jack Adapter), MICROPHONE, L, volume: 0.250. Timing signal peak level -33.5 dBFS, measurement signal peak level -32.4 dBFS
* Format: 1M Log Swept Sine, 1 sweep at 0.0 dBFS using an acoustic timing reference
* Dated: 11-Apr-2024 14:32:22
* REW Settings:
*  C-weighting compensation: Off
*  Target level: 75.0 dB
* Note: ; Delay -0.1928 ms (-66 mm, -2.6 in) using estimated IR delay relative to Acoustic reference played from SPEAKER L with no timing offset Clock adjustment: -89.6 ppm
* Measurement: B3Velvet L4
* Smoothing: 1/24 octave
* Frequency Step: 1/48 octave
* Start Frequency: 20.000 Hz
*
* Freq(Hz)	SPL(dB)	Phase(degrees)
20.000000	106.465	59.0486
20.299999	106.531	58.2269
20.600000	106.599	57.3976
20.900000	106.667	56.5461
21.200001	106.732	55.6715
21.400000	106.771	55.0813
21.799999	106.840	53.9054
22.000000	106.870	53.3290
22.400000	106.926	52.2140
22.700001	106.965	51.4127
23.000000	107.003	50.6375
23.299999	107.042	49.8821
23.600000	107.081	49.1390
24.000000	107.134	48.1554
24.299999	107.173	47.4158
24.700001	107.221	46.4243
25.000000	107.254	45.6821
25.400000	107.290	44.7131
25.799999	107.320	43.7912
26.200001	107.346	42.9311
26.500000	107.367	42.3232
26.900000	107.399	41.5433
27.200001	107.426	40.9657
27.600000	107.463	40.1880
28.000000	107.499	39.3962
28.500000	107.538	38.3989
29.000000	107.569	37.4207
29.500000	107.594	36.4828
30.000000	107.618	35.5852
30.400000	107.639	34.8832
30.700001	107.655	34.3582
31.100000	107.674	33.6541
31.500000	107.691	32.9464
32.000000	107.708	32.0693
32.500000	107.720	31.2157
33.000000	107.729	30.3920
33.500000	107.736	29.5973
34.000000	107.742	28.8340
34.500000	107.747	28.1059
35.000000	107.754	27.4066
35.500000	107.762	26.7183
36.000000	107.771	26.0267
36.500000	107.775	25.3356
37.000000	107.775	24.6621
37.500000	107.771	24.0188
38.200001	107.767	23.1585
38.700001	107.764	22.5555
39.500000	107.755	21.6061
40.000000	107.746	21.0298
40.599998	107.734	20.3496
41.200001	107.720	19.6736
41.799999	107.703	19.0149
42.500000	107.684	18.2917
43.099998	107.671	17.6926
43.700001	107.660	17.0831
44.400002	107.644	16.3680
45.000000	107.628	15.7798
45.500000	107.613	15.3065
46.200001	107.592	14.6521
46.799999	107.568	14.1071
47.500000	107.537	13.5175
48.200001	107.506	12.9755
48.700001	107.485	12.6082
49.400002	107.459	12.1140
50.000000	107.441	11.6879
50.799999	107.417	11.0642
51.500000	107.386	10.4803
52.200001	107.344	9.9331
53.000000	107.296	9.3853
53.799999	107.256	8.8724
54.500000	107.224	8.4297
55.200001	107.193	7.9958
56.000000	107.159	7.4979
57.000000	107.111	6.8779
58.000000	107.061	6.3141
59.000000	107.014	5.7662
60.000000	106.962	5.2164
60.799999	106.917	4.8032
61.500000	106.877	4.4613
62.200001	106.837	4.1498
63.000000	106.798	3.8165
64.000000	106.755	3.3419
65.000000	106.700	2.8510
66.000000	106.641	2.4291
67.000000	106.582	2.0453
68.000000	106.526	1.7123
69.000000	106.474	1.3626
70.000000	106.416	1.0173
71.000000	106.360	0.7264
72.000000	106.309	0.4244
73.000000	106.256	0.1168
74.000000	106.201	-0.1738
75.000000	106.145	-0.4370
76.199997	106.082	-0.7435
77.500000	106.010	-1.0653
78.800003	105.939	-1.3378
80.000000	105.872	-1.5819
81.199997	105.805	-1.7822
82.500000	105.738	-1.9902
83.800003	105.671	-2.2427
85.000000	105.604	-2.4586
86.199997	105.537	-2.6239
87.500000	105.471	-2.7878
88.500000	105.420	-2.9125
90.000000	105.338	-3.0890
91.199997	105.268	-3.1862
92.500000	105.196	-3.2637
93.800003	105.126	-3.3573
95.000000	105.063	-3.4348
96.199997	105.002	-3.5226
97.500000	104.935	-3.6112
98.800003	104.870	-3.6714
100.000000	104.812	-3.7155
101.500000	104.737	-3.7434
103.000000	104.665	-3.7406
104.400002	104.598	-3.7443
106.000000	104.517	-3.7233
107.500000	104.443	-3.6759
109.000000	104.370	-3.6263
110.599998	104.293	-3.5488
112.000000	104.229	-3.4719
113.800003	104.152	-3.3972
115.000000	104.099	-3.3555
117.199997	104.003	-3.2245
118.000000	103.970	-3.1605
120.599998	103.865	-2.9117
122.000000	103.811	-2.7583
124.099998	103.730	-2.5340
125.000000	103.696	-2.4425
126.500000	103.638	-2.2777
128.000000	103.582	-2.1036
131.500000	103.454	-1.6595
132.000000	103.435	-1.5946
134.000000	103.358	-1.3334
136.000000	103.282	-1.0955
138.000000	103.209	-0.8408
140.000000	103.142	-0.5681
143.000000	103.043	-0.0602
145.000000	102.977	0.2806
147.500000	102.891	0.6971
150.000000	102.816	1.1088
152.500000	102.746	1.5291
155.000000	102.681	1.9910
157.500000	102.623	2.4630
160.000000	102.571	2.9484
162.500000	102.523	3.4410
165.000000	102.467	3.9304
167.500000	102.393	4.4376
170.000000	102.305	4.9568
172.500000	102.205	5.4907
175.000000	102.105	6.0510
177.500000	102.020	6.6671
180.000000	101.955	7.3431
182.500000	101.904	8.1164
185.000000	101.865	9.0236
187.500000	101.848	10.0396
190.000000	101.866	11.0964
192.500000	101.929	12.0360
195.000000	102.012	12.6902
197.500000	102.084	13.0580
200.000000	102.127	13.2433
203.000000	102.139	13.3741
206.000000	102.123	13.5535
209.000000	102.095	13.8083
212.000000	102.064	14.1610
214.000000	102.042	14.4309
218.000000	101.998	14.9927
220.000000	101.976	15.2915
224.000000	101.933	15.9484
227.000000	101.904	16.4709
230.000000	101.881	16.9961
233.000000	101.862	17.5195
236.000000	101.843	18.0427
240.000000	101.819	18.7269
243.000000	101.805	19.2362
247.000000	101.786	19.9209
250.000000	101.773	20.4425
254.000000	101.759	21.1300
258.000000	101.746	21.8048
262.000000	101.738	22.4752
265.000000	101.736	22.9800
269.000000	101.732	23.6564
272.000000	101.729	24.1564
276.000000	101.726	24.8050
280.000000	101.723	25.4468
285.000000	101.717	26.2413
290.000000	101.715	27.0103
295.000000	101.718	27.7623
300.000000	101.720	28.5282
304.000000	101.720	29.1278
307.000000	101.719	29.5864
311.000000	101.721	30.2168
315.000000	101.726	30.8115
320.000000	101.731	31.5147
325.000000	101.735	32.2203
330.000000	101.739	32.9436
335.000000	101.743	33.6710
340.000000	101.747	34.3884
345.000000	101.750	35.0962
350.000000	101.753	35.7944
355.000000	101.757	36.4992
360.000000	101.762	37.2136
365.000000	101.768	37.9278
370.000000	101.775	38.6517
375.000000	101.783	39.3667
382.000000	101.795	40.3871
387.000000	101.813	41.1256
395.000000	101.857	42.2749
400.000000	101.889	42.9220
406.000000	101.926	43.6026
412.000000	101.953	44.2205
418.000000	101.973	44.8503
425.000000	101.983	45.5616
431.000000	101.983	46.2118
437.000000	101.984	46.9104
444.000000	101.993	47.7193
450.000000	102.003	48.3905
455.000000	102.010	48.9603
462.000000	102.017	49.7838
468.000000	102.021	50.5007
475.000000	102.027	51.3342
482.000000	102.032	52.1607
487.000000	102.037	52.7406
494.000000	102.046	53.5466
500.000000	102.054	54.2466
508.000000	102.061	55.1808
515.000000	102.065	55.9950
522.000000	102.070	56.8122
530.000000	102.076	57.7442
538.000000	102.083	58.6867
545.000000	102.090	59.5172
552.000000	102.098	60.3384
560.000000	102.108	61.2725
570.000000	102.118	62.4416
580.000000	102.128	63.6170
590.000000	102.138	64.7985
600.000000	102.147	65.9810
608.000000	102.154	66.9245
615.000000	102.161	67.7571
622.000000	102.169	68.5923
630.000000	102.178	69.5536
640.000000	102.190	70.7577
650.000000	102.202	71.9686
660.000000	102.214	73.1808
670.000000	102.227	74.3909
680.000000	102.242	75.6223
690.000000	102.258	76.8532
700.000000	102.275	78.0692
710.000000	102.293	79.2996
720.000000	102.311	80.5418
730.000000	102.332	81.7821
740.000000	102.353	83.0285
750.000000	102.375	84.2765
762.000000	102.402	85.7829
775.000000	102.434	87.4312
788.000000	102.470	89.0806
800.000000	102.506	90.6089
812.000000	102.544	92.1370
825.000000	102.587	93.8055
838.000000	102.635	95.4734
850.000000	102.685	97.0091
862.000000	102.738	98.5380
875.000000	102.798	100.1934
885.000000	102.844	101.4608
900.000000	102.916	103.3528
912.000000	102.981	104.8478
925.000000	103.057	106.4500
938.000000	103.134	108.0375
950.000000	103.193	109.4852
962.000000	103.238	110.9161
975.000000	103.294	112.4405
988.000000	103.383	113.9372
1000.000000	103.484	115.2908
1015.000000	103.616	116.9454
1030.000000	103.744	118.5585
1044.000000	103.855	120.0207
1060.000000	103.978	121.6409
1075.000000	104.091	123.1080
1090.000000	104.202	124.5308
1106.000000	104.316	126.0035
1120.000000	104.413	127.2519
1138.000000	104.536	128.7970
1150.000000	104.617	129.7897
1172.000000	104.756	131.5464
1180.000000	104.804	132.1728
1206.000000	104.956	134.1597
1220.000000	105.034	135.1986
1241.000000	105.147	136.7309
1250.000000	105.195	137.3766
1265.000000	105.274	138.4419
1280.000000	105.352	139.5010
1315.000000	105.528	141.9556
1320.000000	105.552	142.3062
1340.000000	105.648	143.7071
1360.000000	105.740	145.1080
1380.000000	105.827	146.5186
1400.000000	105.912	147.9317
1430.000000	106.032	150.0460
1450.000000	106.109	151.4605
1475.000000	106.205	153.2405
1500.000000	106.298	155.0341
1525.000000	106.389	156.8472
1550.000000	106.477	158.6715
1575.000000	106.565	160.5024
1600.000000	106.654	162.3483
1625.000000	106.744	164.2098
1650.000000	106.835	166.0732
1675.000000	106.926	167.9439
1700.000000	107.019	169.8206
1725.000000	107.113	171.7000
1750.000000	107.209	173.5800
1775.000000	107.309	175.4582
1800.000000	107.411	177.3351
1825.000000	107.518	179.2003
1850.000000	107.626	-178.9500
1875.000000	107.737	-177.1044
1900.000000	107.848	-175.2654
1925.000000	107.962	-173.4383
1950.000000	108.078	-171.6240
1975.000000	108.197	-169.8285
2000.000000	108.318	-168.0530
2030.000000	108.466	-165.9424
2060.000000	108.617	-163.8606
2090.000000	108.771	-161.8073
2120.000000	108.927	-159.7818
2140.000000	109.034	-158.4464
2180.000000	109.253	-155.8282
2200.000000	109.365	-154.5403
2240.000000	109.591	-152.0185
2270.000000	109.765	-150.1853
2300.000000	109.940	-148.3955
2330.000000	110.117	-146.6529
2360.000000	110.296	-144.9628
2400.000000	110.537	-142.7912
2430.000000	110.719	-141.2191
2470.000000	110.960	-139.2132
2500.000000	111.142	-137.7831
2540.000000	111.381	-135.9736
2580.000000	111.615	-134.2677
2620.000000	111.846	-132.6819
2650.000000	112.016	-131.5710
2690.000000	112.233	-130.1799
2720.000000	112.388	-129.2011
2760.000000	112.586	-127.9928
2800.000000	112.774	-126.8925
2850.000000	112.985	-125.6567
2900.000000	113.166	-124.5570
2950.000000	113.320	-123.5670
3000.000000	113.446	-122.6645
3040.000000	113.523	-121.9814
3070.000000	113.567	-121.4892
3110.000000	113.608	-120.8438
3150.000000	113.633	-120.1904
3200.000000	113.647	-119.3451
3250.000000	113.643	-118.4405
3300.000000	113.619	-117.4530
3350.000000	113.570	-116.3627
3400.000000	113.487	-115.1601
3450.000000	113.373	-113.8345
3500.000000	113.232	-112.3847
3550.000000	113.077	-110.8183
3600.000000	112.916	-109.1348
3650.000000	112.760	-107.3358
3700.000000	112.614	-105.4268
3750.000000	112.478	-103.3982
3820.000000	112.316	-100.3971
3870.000000	112.211	-98.1480
3950.000000	112.046	-94.3899
4000.000000	111.936	-91.9697
4060.000000	111.778	-88.9927
4120.000000	111.606	-85.9655
4180.000000	111.427	-82.9046
4250.000000	111.221	-79.3074
4310.000000	111.060	-76.2163
4370.000000	110.915	-73.1234
4440.000000	110.764	-69.5155
4500.000000	110.648	-66.4452
4550.000000	110.561	-63.9030
4620.000000	110.448	-60.3724
4680.000000	110.357	-57.3811
4750.000000	110.256	-53.9383
4820.000000	110.159	-50.5337
4870.000000	110.088	-48.1099
4940.000000	109.988	-44.7176
5000.000000	109.898	-41.7835
5080.000000	109.770	-37.7958
5150.000000	109.648	-34.2023
5220.000000	109.521	-30.4855
5300.000000	109.382	-26.0710
5380.000000	109.259	-21.4953
5450.000000	109.180	-17.4019
5520.000000	109.141	-13.2892
5600.000000	109.161	-8.6827
5700.000000	109.291	-3.3413
5800.000000	109.508	1.0980
5900.000000	109.724	4.2336
6000.000000	109.801	6.0613
6080.000000	109.674	7.0178
6150.000000	109.410	7.9488
6220.000000	109.022	9.3313
6300.000000	108.471	11.7834
6400.000000	107.715	16.3592
6500.000000	106.994	22.5001
6600.000000	106.394	29.8043
6700.000000	105.951	37.7545
6800.000000	105.659	45.9262
6900.000000	105.491	54.0955
7000.000000	105.424	62.1597
7100.000000	105.449	70.0689
7200.000000	105.553	77.8022
7300.000000	105.736	85.4165
7400.000000	106.025	92.9052
7500.000000	106.430	99.8639
7620.000000	107.014	107.3211
7750.000000	107.775	114.3762
7880.000000	108.686	119.9413
8000.000000	109.648	123.1718
8120.000000	110.650	123.9795
8250.000000	111.603	121.6690
8380.000000	112.158	116.3805
8500.000000	112.115	110.1878
8620.000000	111.502	104.5823
8750.000000	110.352	100.8921
8850.000000	109.286	100.2139
9000.000000	107.646	102.4382
9120.000000	106.420	106.3706
9250.000000	105.235	112.0784
9380.000000	104.204	118.7746
9500.000000	103.383	125.4846
9620.000000	102.681	132.4855
9750.000000	102.043	140.2215
9880.000000	101.524	147.9823
10000.000000	101.141	155.0859
10150.000000	100.778	163.7689
10300.000000	100.531	172.0892
10440.000000	100.396	179.4169
10600.000000	100.335	-172.8504
10750.000000	100.341	-166.3732
10900.000000	100.375	-160.7526
11060.000000	100.398	-155.7378
11200.000000	100.370	-152.1434
11380.000000	100.217	-148.4037
11500.000000	100.022	-146.2783
11720.000000	99.451	-142.6118
11800.000000	99.175	-141.2018
12060.000000	98.084	-135.8023
12200.000000	97.414	-132.2683
12410.000000	96.357	-125.9708
12500.000000	95.902	-122.8870
12650.000000	95.159	-117.2554
12800.000000	94.454	-111.1069
13150.000000	93.005	-95.4568
13200.000000	92.820	-93.0980
13400.000000	92.135	-83.4217
13600.000000	91.533	-73.3625
13800.000000	91.032	-62.6683
14000.000000	90.799	-50.8354
14300.000000	91.456	-31.5584
14500.000000	92.473	-19.7785
14750.000000	93.942	-8.7109
15000.000000	95.400	-0.5495
15250.000000	96.955	5.8474
15500.000000	98.758	9.8665
15750.000000	100.845	9.7354
16000.000000	103.016	3.0565
16250.000000	104.687	-11.4691
16500.000000	105.297	-31.4243
16750.000000	104.839	-51.1071
17000.000000	103.806	-66.6928
17250.000000	102.778	-78.5880
17500.000000	101.996	-89.0464
17750.000000	101.376	-99.8000
18000.000000	100.765	-111.4696
18250.000000	100.075	-123.8624
18500.000000	99.348	-136.7688
18750.000000	98.679	-150.5398
19000.000000	98.049	-165.7761
19250.000000	97.407	177.3838
19500.000000	96.800	158.6722
19750.000000	96.280	137.9716
20000.000000	95.946	121.9998
