* Measurement data measured by REW V5.31
* Source: Input device not selected, no input selected, L, volume: no control. Timing signal peak level -31.6 dBFS, measurement signal peak level -31.6 dBFS
* Format: 1M Log Swept Sine, 1 sweep at 0.0 dBFS using an acoustic timing reference
* Dated: 29-Apr-2024 11:49:34
* REW Settings:
*  C-weighting compensation: Off
*  Target level: 75.0 dB
* Note: ; Delay -0.0531 ms (-18 mm, -0.72 in) using estimated IR delay relative to Acoustic reference played from  R with no timing offset Clock adjustment: -27.8 ppm
* Measurement: Buds+ Dynamic R2
* Smoothing: 1/24 octave
* Frequency Step: 1/96 octave
* Start Frequency: 20.000 Hz
*
* Freq(Hz)	SPL(dB)	Phase(degrees)
20.000000	102.199	95.9933
20.144928	102.278	95.4518
20.290907	102.353	94.8803
20.437943	102.422	94.2924
20.586044	102.484	93.7056
20.735220	102.542	93.1344
20.885475	102.595	92.5951
21.036821	102.648	92.0989
21.189262	102.704	91.6457
21.342808	102.768	91.2292
21.497467	102.841	90.8325
21.653246	102.927	90.4261
21.810154	103.025	89.9822
21.968201	103.134	89.4678
22.127390	103.248	88.8571
22.287735	103.361	88.1410
22.449242	103.467	87.3212
22.611917	103.558	86.4179
22.775772	103.628	85.4706
22.940815	103.675	84.5223
23.107054	103.699	83.6329
23.274498	103.702	82.8542
23.443153	103.692	82.2314
23.613033	103.679	81.7940
23.784142	103.675	81.5373
23.956491	103.690	81.4314
24.130091	103.734	81.4148
24.304947	103.808	81.4039
24.481071	103.909	81.3226
24.658470	104.028	81.1002
24.837156	104.153	80.7074
25.017136	104.269	80.1451
25.198421	104.365	79.4491
25.381020	104.434	78.6851
25.564941	104.473	77.9212
25.750195	104.487	77.2330
25.936790	104.484	76.6668
26.124741	104.477	76.2443
26.314051	104.477	75.9456
26.504732	104.494	75.7134
26.696796	104.529	75.4760
26.890253	104.577	75.1568
27.085112	104.628	74.7166
27.281382	104.666	74.1524
27.479073	104.680	73.5161
27.678198	104.662	72.8926
27.878765	104.616	72.3889
28.080786	104.553	72.0960
28.284271	104.497	72.0581
28.489231	104.473	72.2434
28.695675	104.503	72.5202
28.903616	104.595	72.7043
29.113064	104.740	72.5889
29.324028	104.908	72.0434
29.536524	105.065	71.0297
29.750557	105.175	69.6359
29.966141	105.211	68.0295
30.183289	105.164	66.4647
30.402010	105.041	65.1974
30.622314	104.873	64.4760
30.844217	104.714	64.4333
31.067726	104.626	65.0237
31.292856	104.667	65.9433
31.519617	104.854	66.7379
31.748020	105.158	66.9523
31.978081	105.508	66.3215
32.209808	105.834	64.8409
32.443211	106.073	62.7051
32.678310	106.190	60.2385
32.915108	106.172	57.8044
33.153625	106.034	55.8087
33.393871	105.815	54.5811
33.635857	105.583	54.3350
33.879597	105.425	55.0296
34.125103	105.409	56.3151
34.372387	105.559	57.6239
34.621464	105.831	58.3918
34.872345	106.150	58.3492
35.125042	106.439	57.5238
35.379574	106.641	56.1717
35.635948	106.735	54.6398
35.894180	106.725	53.2682
36.154285	106.644	52.3505
36.416275	106.539	52.0418
36.680161	106.463	52.3233
36.945961	106.461	52.9963
37.213688	106.548	53.7306
37.483353	106.710	54.2134
37.754974	106.916	54.2403
38.028561	107.125	53.7420
38.304131	107.307	52.7648
38.581699	107.439	51.4148
38.861279	107.508	49.8225
39.142883	107.509	48.1343
39.426529	107.439	46.5110
39.712231	107.307	45.1156
40.000000	107.130	44.0951
40.289856	106.940	43.5451
40.581814	106.776	43.4513
40.875885	106.674	43.6523
41.172089	106.648	43.8888
41.470440	106.685	43.9110
41.770950	106.747	43.5861
42.073643	106.796	42.9560
42.378525	106.807	42.2054
42.685616	106.784	41.5542
42.994934	106.750	41.1520
43.306492	106.740	41.0087
43.620308	106.779	40.9855
43.936401	106.867	40.8693
44.254780	106.980	40.5032
44.575470	107.082	39.8730
44.898483	107.152	39.0891
45.223835	107.184	38.3062
45.551544	107.190	37.6427
45.881630	107.188	37.1332
46.214108	107.190	36.7333
46.548996	107.196	36.3698
46.886307	107.199	36.0012
47.226067	107.193	35.6386
47.568283	107.178	35.3173
47.912983	107.162	35.0492
48.260181	107.153	34.8021
48.609894	107.152	34.5204
48.962143	107.152	34.1657
49.316940	107.147	33.7424
49.674313	107.135	33.2846
50.034271	107.121	32.8209
50.396843	107.111	32.3462
50.762039	107.107	31.8279
51.129883	107.107	31.2393
51.500389	107.102	30.5914
51.873581	107.087	29.9348
52.249481	107.067	29.3305
52.628101	107.048	28.8146
53.009464	107.039	28.3816
53.393593	107.044	27.9995
53.780506	107.059	27.6367
54.170223	107.080	27.2815
54.562763	107.103	26.9393
54.958145	107.125	26.6190
55.356396	107.146	26.3245
55.757530	107.164	26.0559
56.161572	107.179	25.8132
56.568542	107.192	25.5925
56.978462	107.205	25.3736
57.391350	107.219	25.1155
57.807232	107.228	24.7713
58.226128	107.225	24.3207
58.648056	107.199	23.7970
59.073048	107.146	23.2841
59.501114	107.074	22.8772
59.932281	107.000	22.6242
60.366577	106.945	22.4855
60.804020	106.920	22.3491
61.244629	106.922	22.0958
61.688435	106.937	21.6683
62.135452	106.951	21.0948
62.585712	106.956	20.4583
63.039234	106.955	19.8422
63.496040	106.956	19.2850
63.956161	106.968	18.7677
64.419617	106.992	18.2341
64.886421	107.018	17.6359
65.356621	107.033	16.9758
65.830215	107.027	16.3214
66.307251	106.999	15.7757
66.787743	106.958	15.4174
67.271713	106.921	15.2520
67.759193	106.901	15.2088
68.250206	106.901	15.1888
68.744774	106.914	15.1172
69.242928	106.935	14.9598
69.744690	106.956	14.7086
70.250084	106.973	14.3698
70.759148	106.980	13.9665
71.271896	106.977	13.5359
71.788361	106.966	13.1097
72.308571	106.950	12.6995
72.832550	106.930	12.3071
73.360321	106.909	11.9398
73.891922	106.889	11.5982
74.427376	106.877	11.2525
74.966705	106.871	10.8555
75.509949	106.864	10.3885
76.057121	106.851	9.8784
76.608261	106.834	9.3637
77.163399	106.815	8.8654
77.722557	106.795	8.4012
78.285767	106.778	7.9896
78.853058	106.769	7.6184
79.424461	106.766	7.2445
80.000000	106.761	6.8588
80.579712	106.746	6.5120
81.163628	106.726	6.2360
81.751770	106.706	5.9860
82.344177	106.679	5.7130
82.940880	106.639	5.4323
83.541901	106.592	5.1613
84.147285	106.545	4.8545
84.757050	106.501	4.4531
85.371231	106.460	3.9377
85.989868	106.430	3.3050
86.612984	106.417	2.5535
87.240616	106.433	1.6477
87.872803	106.476	0.4195
88.509560	106.500	-1.2819
89.150940	106.422	-3.1190
89.796967	106.226	-4.2066
90.447670	106.026	-3.8901
91.103088	105.963	-2.6475
91.763260	106.038	-1.5927
92.428215	106.142	-1.1361
93.097992	106.212	-0.9609
93.772614	106.249	-0.8222
94.452133	106.259	-0.7360
95.136566	106.241	-0.7136
95.825966	106.203	-0.7333
96.520363	106.156	-0.8235
97.219788	106.106	-1.0112
97.924286	106.059	-1.2922
98.633881	106.018	-1.6585
99.348625	105.983	-2.0781
100.068542	105.951	-2.4872
100.793686	105.926	-2.8395
101.524078	105.907	-3.1254
102.259766	105.892	-3.3526
103.000778	105.879	-3.5437
103.747162	105.862	-3.7308
104.498962	105.839	-3.9362
105.256203	105.808	-4.1649
106.018929	105.771	-4.4180
106.787186	105.730	-4.6944
107.561012	105.688	-4.9851
108.340446	105.647	-5.2745
109.125526	105.611	-5.5499
109.916290	105.579	-5.8139
110.712791	105.549	-6.0763
111.515060	105.516	-6.3261
112.323143	105.478	-6.5342
113.137085	105.438	-6.6964
113.956924	105.400	-6.8452
114.782700	105.361	-7.0166
115.614464	105.321	-7.2183
116.452255	105.278	-7.4291
117.296112	105.234	-7.6249
118.146095	105.194	-7.7999
119.002228	105.161	-7.9601
119.864563	105.134	-8.1223
120.733154	105.112	-8.3158
121.608040	105.090	-8.5478
122.489258	105.062	-8.7845
123.376869	105.031	-8.9930
124.270905	104.997	-9.1671
125.171425	104.963	-9.3131
126.078468	104.928	-9.4419
126.992081	104.890	-9.5611
127.912323	104.847	-9.6724
128.839233	104.800	-9.7814
129.772842	104.750	-9.8911
130.713242	104.699	-10.0008
131.660431	104.650	-10.1198
132.614502	104.604	-10.2509
133.575485	104.562	-10.3799
134.543427	104.524	-10.5026
135.518387	104.485	-10.6150
136.500412	104.443	-10.6847
137.489548	104.396	-10.6819
138.485855	104.349	-10.6140
139.489380	104.303	-10.5093
140.500168	104.259	-10.3959
141.518295	104.217	-10.2797
142.543793	104.183	-10.1503
143.576721	104.159	-10.0133
144.617142	104.149	-9.8833
145.665100	104.151	-9.7709
146.720642	104.162	-9.6769
147.783844	104.181	-9.5963
148.854752	104.206	-9.5502
149.933411	104.234	-9.5782
151.019897	104.260	-9.6954
152.114243	104.278	-9.8849
153.216522	104.290	-10.1226
154.326797	104.298	-10.3967
155.445114	104.302	-10.7022
156.571533	104.305	-11.0215
157.706116	104.305	-11.3344
158.848923	104.302	-11.6332
160.000000	104.296	-11.9231
161.159424	104.283	-12.2062
162.327255	104.265	-12.4827
163.503540	104.239	-12.7558
164.688354	104.207	-13.0273
165.881760	104.168	-13.2997
167.083801	104.122	-13.5591
168.294571	104.071	-13.7835
169.514099	104.016	-13.9608
170.742462	103.960	-14.0968
171.979736	103.903	-14.2146
173.225967	103.846	-14.3328
174.481232	103.789	-14.4550
175.745605	103.733	-14.5800
177.019119	103.679	-14.6989
178.301880	103.630	-14.8085
179.593933	103.587	-14.9261
180.895340	103.550	-15.0660
182.206177	103.517	-15.2197
183.526520	103.486	-15.3683
184.856430	103.457	-15.4964
186.195984	103.428	-15.5902
187.545227	103.398	-15.6487
188.904266	103.366	-15.6873
190.273132	103.332	-15.7202
191.651932	103.297	-15.7556
193.040726	103.263	-15.8049
194.439575	103.230	-15.8761
195.848572	103.198	-15.9629
197.267761	103.163	-16.0446
198.697250	103.126	-16.1054
200.137085	103.088	-16.1518
201.587372	103.050	-16.1973
203.048157	103.012	-16.2468
204.519531	102.975	-16.3013
206.001556	102.938	-16.3536
207.494324	102.900	-16.3907
208.997925	102.861	-16.4134
210.512405	102.821	-16.4371
212.037857	102.779	-16.4728
213.574371	102.739	-16.5168
215.122025	102.701	-16.5615
216.680893	102.667	-16.5998
218.251053	102.632	-16.6241
219.832581	102.596	-16.6328
221.425583	102.558	-16.6309
223.030121	102.519	-16.6282
224.646286	102.480	-16.6306
226.274170	102.441	-16.6334
227.913849	102.400	-16.6275
229.565399	102.357	-16.6126
231.228928	102.314	-16.5953
232.904510	102.272	-16.5827
234.592224	102.233	-16.5744
236.292191	102.195	-16.5614
238.004456	102.157	-16.5367
239.729126	102.117	-16.5011
241.466309	102.076	-16.4613
243.216080	102.036	-16.4258
244.978516	101.997	-16.3978
246.753738	101.961	-16.3770
248.541809	101.925	-16.3611
250.342850	101.888	-16.3424
252.156937	101.850	-16.3120
253.984161	101.812	-16.2597
255.824646	101.776	-16.1818
257.678467	101.740	-16.0890
259.545685	101.704	-15.9962
261.426483	101.665	-15.9111
263.320862	101.625	-15.8297
265.229004	101.585	-15.7431
267.150970	101.546	-15.6505
269.086853	101.507	-15.5579
271.036774	101.466	-15.4676
273.000824	101.423	-15.3756
274.979095	101.379	-15.2774
276.971710	101.335	-15.1695
278.978760	101.292	-15.0461
281.000336	101.250	-14.9047
283.036591	101.209	-14.7420
285.087585	101.168	-14.5502
287.153442	101.129	-14.3266
289.234283	101.092	-14.0816
291.330200	101.058	-13.8252
293.441284	101.025	-13.5451
295.567688	100.996	-13.2268
297.709503	100.973	-12.8785
299.866821	100.958	-12.5206
302.039795	100.952	-12.1707
304.228485	100.958	-11.8388
306.433044	100.975	-11.5374
308.653595	101.003	-11.2948
310.890228	101.036	-11.1388
313.143066	101.067	-11.0714
315.412231	101.094	-11.0814
317.697845	101.115	-11.1685
320.000000	101.128	-11.3251
322.318848	101.130	-11.5158
324.654510	101.122	-11.6980
327.007080	101.105	-11.8443
329.376709	101.082	-11.9513
331.763519	101.058	-12.0319
334.167603	101.032	-12.1034
336.589142	101.005	-12.1753
339.028198	100.976	-12.2453
341.484924	100.945	-12.3069
343.959473	100.911	-12.3436
346.451935	100.877	-12.3410
348.962463	100.843	-12.3112
351.491211	100.809	-12.2779
354.038239	100.772	-12.2409
356.603760	100.733	-12.1861
359.187866	100.693	-12.1104
361.790680	100.654	-12.0096
364.412354	100.619	-11.8911
367.053040	100.587	-11.7810
369.712860	100.557	-11.6966
372.391968	100.526	-11.6390
375.090454	100.492	-11.6003
377.808533	100.456	-11.5571
380.546265	100.421	-11.4878
383.303864	100.389	-11.3792
386.081451	100.360	-11.2327
388.879150	100.329	-11.0663
391.697144	100.298	-10.9075
394.535522	100.267	-10.7715
397.394501	100.238	-10.6525
400.274170	100.210	-10.5482
403.174744	100.183	-10.4564
406.096313	100.157	-10.3611
409.039062	100.129	-10.2393
412.003113	100.098	-10.0845
414.988647	100.066	-9.9084
417.995850	100.035	-9.7241
421.024811	100.006	-9.5448
424.075714	99.978	-9.3755
427.148743	99.950	-9.2077
430.244049	99.921	-9.0257
433.361786	99.892	-8.8323
436.502106	99.866	-8.6542
439.665161	99.842	-8.5058
442.851166	99.819	-8.3693
446.060242	99.793	-8.2177
449.292572	99.764	-8.0538
452.548340	99.732	-7.8803
455.827698	99.700	-7.6917
459.130798	99.671	-7.4960
462.457855	99.648	-7.2958
465.809021	99.628	-7.0901
469.184448	99.611	-6.8943
472.584381	99.591	-6.7205
476.008911	99.568	-6.5531
479.458252	99.543	-6.3742
482.932617	99.516	-6.1833
486.432159	99.490	-5.9931
489.957031	99.467	-5.8188
493.507477	99.445	-5.6537
497.083618	99.425	-5.4674
500.685699	99.405	-5.2538
504.313873	99.385	-5.0428
507.968323	99.364	-4.8524
511.649292	99.341	-4.6784
515.356934	99.319	-4.5017
519.091370	99.299	-4.3009
522.852966	99.279	-4.0746
526.641724	99.258	-3.8299
530.458008	99.238	-3.5708
534.301941	99.218	-3.3066
538.173706	99.197	-3.0519
542.073547	99.176	-2.8151
546.001648	99.155	-2.5900
549.958191	99.134	-2.3628
553.943420	99.113	-2.1281
557.957520	99.090	-1.8922
562.000671	99.069	-1.6550
566.073181	99.050	-1.4134
570.175171	99.033	-1.1662
574.306885	99.016	-0.9130
578.468567	98.998	-0.6578
582.660400	98.980	-0.3998
586.882568	98.961	-0.1353
591.135376	98.943	0.1329
595.419006	98.927	0.3958
599.733643	98.911	0.6513
604.079590	98.895	0.9159
608.456970	98.880	1.1947
612.866089	98.865	1.4774
617.307190	98.847	1.7563
621.780457	98.825	2.0397
626.286133	98.802	2.3355
630.824463	98.781	2.6423
635.395691	98.763	2.9527
640.000000	98.747	3.2549
644.637695	98.732	3.5507
649.309021	98.719	3.8538
654.014160	98.706	4.1682
658.753418	98.691	4.4844
663.527039	98.678	4.7914
668.335205	98.666	5.0880
673.178284	98.655	5.3880
678.056396	98.645	5.7038
682.969849	98.637	6.0333
687.918945	98.632	6.3631
692.903870	98.629	6.6896
697.924927	98.625	7.0259
702.982422	98.618	7.3758
708.076477	98.612	7.7333
713.207520	98.608	8.0970
718.375732	98.603	8.4732
723.581360	98.595	8.8695
728.824707	98.584	9.2770
734.106079	98.574	9.6654
739.425720	98.567	10.0217
744.783936	98.565	10.3666
750.180908	98.564	10.7279
755.617065	98.562	11.1210
761.092529	98.560	11.5340
766.607727	98.557	11.9324
772.162903	98.553	12.3088
777.758301	98.551	12.6903
783.394287	98.550	13.0994
789.071045	98.548	13.5271
794.789001	98.546	13.9505
800.548340	98.546	14.3785
806.349487	98.548	14.8269
812.192627	98.552	15.2809
818.078125	98.556	15.7196
824.006226	98.561	16.1435
829.977295	98.567	16.5719
835.991699	98.574	17.0148
842.049622	98.582	17.4672
848.151428	98.590	17.9207
854.297485	98.599	18.3711
860.488098	98.609	18.8166
866.723572	98.621	19.2591
873.004211	98.634	19.7004
879.330322	98.648	20.1419
885.702332	98.664	20.5903
892.120483	98.681	21.0486
898.585144	98.701	21.5137
905.096680	98.723	21.9812
911.655396	98.744	22.4493
918.261597	98.765	22.9180
924.915710	98.790	23.3826
931.618042	98.819	23.8387
938.368896	98.848	24.2866
945.168762	98.872	24.7266
952.017822	98.889	25.1609
958.916504	98.902	25.5920
965.865234	98.918	26.0177
972.864319	98.939	26.4427
979.914062	98.967	26.8744
987.014954	99.003	27.3154
994.167236	99.047	27.7587
1001.371399	99.096	28.1928
1008.627747	99.149	28.6115
1015.936646	99.203	29.0229
1023.298584	99.255	29.4296
1030.713867	99.304	29.8293
1038.182739	99.352	30.2175
1045.705933	99.400	30.5971
1053.283447	99.448	30.9667
1060.916016	99.494	31.3238
1068.603882	99.540	31.6704
1076.347412	99.584	32.0096
1084.147095	99.628	32.3358
1092.003296	99.674	32.6354
1099.916382	99.721	32.9084
1107.886841	99.769	33.1755
1115.915039	99.818	33.4561
1124.001343	99.865	33.7481
1132.146362	99.909	34.0330
1140.350342	99.952	34.3004
1148.613770	99.996	34.5546
1156.937134	100.041	34.8085
1165.320801	100.086	35.0706
1173.765137	100.131	35.3300
1182.270752	100.175	35.5729
1190.838013	100.220	35.8035
1199.467285	100.262	36.0340
1208.159180	100.303	36.2577
1216.913940	100.343	36.4663
1225.732178	100.385	36.6615
1234.614380	100.427	36.8398
1243.560913	100.470	37.0088
1252.572266	100.513	37.1868
1261.648926	100.554	37.3797
1270.791382	100.594	37.5831
1280.000000	100.633	37.7855
1289.275391	100.672	37.9776
1298.618042	100.713	38.1593
1308.028320	100.756	38.3373
1317.506836	100.801	38.5219
1327.054077	100.845	38.7094
1336.670410	100.888	38.8901
1346.356567	100.930	39.0645
1356.112793	100.971	39.2399
1365.939697	101.009	39.4237
1375.837891	101.047	39.6136
1385.807739	101.084	39.8008
1395.849854	101.122	39.9817
1405.964844	101.161	40.1630
1416.152954	101.200	40.3491
1426.415039	101.241	40.5377
1436.751465	101.282	40.7251
1447.162720	101.322	40.9230
1457.649414	101.360	41.1490
1468.212158	101.400	41.3948
1478.851440	101.442	41.6303
1489.567871	101.484	41.8477
1500.361816	101.526	42.0648
1511.234131	101.569	42.2960
1522.185059	101.611	42.5419
1533.215454	101.653	42.8037
1544.325806	101.696	43.0818
1555.516602	101.741	43.3680
1566.788574	101.792	43.6442
1578.142090	101.848	43.8834
1589.578003	101.906	44.0832
1601.096680	101.964	44.2779
1612.698975	102.020	44.4915
1624.385254	102.076	44.7213
1636.156250	102.132	44.9520
1648.012451	102.189	45.1639
1659.954590	102.247	45.3540
1671.983398	102.304	45.5290
1684.099243	102.358	45.6940
1696.302856	102.407	45.8687
1708.594971	102.452	46.0733
1720.976196	102.495	46.3097
1733.447144	102.539	46.5578
1746.008423	102.585	46.8062
1758.660645	102.635	47.0665
1771.404663	102.688	47.3465
1784.240967	102.743	47.6407
1797.170288	102.799	47.9362
1810.193359	102.857	48.2192
1823.310791	102.916	48.4911
1836.523193	102.977	48.7741
1849.831421	103.037	49.0807
1863.236084	103.098	49.3972
1876.737793	103.160	49.7010
1890.337524	103.225	49.9912
1904.035645	103.292	50.2831
1917.833008	103.361	50.5764
1931.730469	103.429	50.8550
1945.728638	103.499	51.1132
1959.828125	103.571	51.3561
1974.029907	103.645	51.5831
1988.334473	103.719	51.7996
2002.742798	103.792	52.0260
2017.255493	103.866	52.2682
2031.873291	103.943	52.5097
2046.597168	104.025	52.7436
2061.427734	104.109	52.9817
2076.365479	104.195	53.2298
2091.411865	104.283	53.4682
2106.566895	104.371	53.6801
2121.832031	104.460	53.8715
2137.207764	104.549	54.0531
2152.694824	104.642	54.2194
2168.294189	104.737	54.3768
2184.006592	104.831	54.5367
2199.832764	104.921	54.6999
2215.773682	105.010	54.8628
2231.830078	105.102	55.0122
2248.002686	105.199	55.1435
2264.292725	105.297	55.2702
2280.700684	105.397	55.3922
2297.227539	105.497	55.5053
2313.874268	105.598	55.6084
2330.641602	105.701	55.7011
2347.530273	105.808	55.7858
2364.541504	105.917	55.8583
2381.676025	106.027	55.9007
2398.934570	106.137	55.9147
2416.318359	106.246	55.9199
2433.827881	106.352	55.9238
2451.464355	106.458	55.9169
2469.228760	106.564	55.8947
2487.121826	106.670	55.8608
2505.144531	106.776	55.8113
2523.297852	106.881	55.7443
2541.582764	106.986	55.6634
2560.000000	107.092	55.5678
2578.550781	107.199	55.4576
2597.236084	107.307	55.3371
2616.056641	107.416	55.2077
2635.013672	107.526	55.0708
2654.108154	107.640	54.9352
2673.340820	107.755	54.8046
2692.713135	107.871	54.6703
2712.225586	107.987	54.5092
2731.879395	108.106	54.3061
2751.675781	108.232	54.0644
2771.615479	108.364	53.7894
2791.699707	108.503	53.4815
2811.929688	108.643	53.1095
2832.305908	108.782	52.6529
2852.830078	108.915	52.1284
2873.502930	109.043	51.5389
2894.325439	109.165	50.8831
2915.298828	109.281	50.1674
2936.424316	109.388	49.3965
2957.702881	109.488	48.5799
2979.135742	109.578	47.7361
3000.723633	109.655	46.8821
3022.468262	109.717	46.0300
3044.370117	109.767	45.1851
3066.430908	109.807	44.3496
3088.651611	109.841	43.5361
3111.033203	109.867	42.7511
3133.577148	109.887	41.9921
3156.284180	109.905	41.2563
3179.156006	109.921	40.5453
3202.193359	109.936	39.8605
3225.397949	109.948	39.2028
3248.770508	109.959	38.5762
3272.312500	109.969	37.9805
3296.024902	109.978	37.4158
3319.909180	109.983	36.8799
3343.966797	109.987	36.3660
3368.198486	109.986	35.8709
3392.605713	109.983	35.3918
3417.189941	109.975	34.9315
3441.952393	109.961	34.5040
3466.894287	109.937	34.1124
3492.016846	109.906	33.7440
3517.321289	109.873	33.3956
3542.809326	109.839	33.0733
3568.481934	109.806	32.7787
3594.340576	109.775	32.5095
3620.386719	109.746	32.2642
3646.621582	109.722	32.0486
3673.046387	109.703	31.8711
3699.662842	109.688	31.7328
3726.472168	109.676	31.6262
3753.475586	109.668	31.5313
3780.675049	109.665	31.4400
3808.071289	109.668	31.3621
3835.666016	109.677	31.3138
3863.460938	109.691	31.3055
3891.457275	109.708	31.3305
3919.656250	109.728	31.3750
3948.059814	109.751	31.4313
3976.668945	109.773	31.4926
4005.485596	109.792	31.5510
4034.510986	109.807	31.6127
4063.746582	109.819	31.6877
4093.194336	109.830	31.7735
4122.855469	109.842	31.8575
4152.730957	109.855	31.9176
4182.823730	109.870	31.9425
4213.133789	109.888	31.9340
4243.664062	109.910	31.8981
4274.415527	109.937	31.8374
4305.389648	109.969	31.7550
4336.588379	110.005	31.6475
4368.013184	110.046	31.5079
4399.665527	110.090	31.3199
4431.547363	110.139	31.0709
4463.660156	110.190	30.7627
4496.005371	110.242	30.4007
4528.585449	110.294	29.9867
4561.401367	110.345	29.5195
4594.455078	110.393	28.9999
4627.748535	110.437	28.4278
4661.283203	110.477	27.8031
4695.060547	110.511	27.1333
4729.083008	110.537	26.4297
4763.352051	110.555	25.7018
4797.869141	110.564	24.9601
4832.636719	110.563	24.2129
4867.655762	110.551	23.4613
4902.928711	110.531	22.7080
4938.457520	110.501	21.9630
4974.243652	110.461	21.2390
5010.289062	110.413	20.5564
5046.595703	110.354	19.9353
5083.165527	110.283	19.3872
5120.000000	110.201	18.9093
5157.101562	110.110	18.4948
5194.472168	110.011	18.1514
5232.113281	109.908	17.8959
5270.027344	109.803	17.7361
5308.216309	109.695	17.6671
5346.681641	109.587	17.6861
5385.426270	109.479	17.7910
5424.451172	109.375	17.9708
5463.758789	109.278	18.2195
5503.351562	109.187	18.5373
5543.230957	109.107	18.9182
5583.399414	109.038	19.3476
5623.859375	108.982	19.8147
5664.611816	108.939	20.3122
5705.660156	108.908	20.8324
5747.005859	108.889	21.3620
5788.650879	108.880	21.8906
5830.597656	108.878	22.4189
5872.848633	108.879	22.9638
5915.405762	108.881	23.5613
5958.271484	108.886	24.2606
6001.447266	108.902	25.0958
6044.936523	108.937	26.0467
6088.740234	108.997	27.0413
6132.861816	109.086	28.0214
6177.303223	109.206	28.9733
6222.066406	109.356	29.8897
6267.154297	109.540	30.7331
6312.568359	109.760	31.4236
6358.312012	110.012	31.8466
6404.386719	110.277	31.9167
6450.795898	110.536	31.6402
6497.541016	110.771	31.1098
6544.625000	110.978	30.4484
6592.049805	111.165	29.7484
6639.818359	111.341	29.0395
6687.933594	111.517	28.3147
6736.396973	111.695	27.5512
6785.211426	111.878	26.7137
6834.379883	112.067	25.7686
6883.904785	112.259	24.6956
6933.788574	112.451	23.4949
6984.033691	112.643	22.1599
7034.642578	112.831	20.6617
7085.618652	113.013	18.9824
7136.963867	113.186	17.1226
7188.681152	113.346	15.0792
7240.773438	113.491	12.8424
7293.243164	113.616	10.4091
7346.092773	113.717	7.7837
7399.325684	113.787	4.9742
7452.944336	113.818	2.0011
7506.951172	113.802	-1.0920
7561.350098	113.737	-4.2502
7616.142578	113.623	-7.4273
7671.332031	113.461	-10.5916
7726.921875	113.253	-13.7049
7782.914551	113.002	-16.7165
7839.312500	112.711	-19.5855
7896.119629	112.388	-22.2915
7953.337891	112.040	-24.8232
8010.971191	111.674	-27.1702
8069.021973	111.295	-29.3279
8127.493164	110.909	-31.3077
8186.388672	110.520	-33.1265
8245.710938	110.133	-34.7948
8305.461914	109.749	-36.3255
8365.647461	109.371	-37.7436
8426.267578	108.997	-39.0807
8487.328125	108.627	-40.3620
8548.831055	108.259	-41.5964
8610.779297	107.893	-42.7904
8673.176758	107.527	-43.9605
8736.026367	107.159	-45.1244
8799.331055	106.785	-46.2905
8863.094727	106.403	-47.4615
8927.320312	106.011	-48.6384
8992.010742	105.605	-49.8135
9057.170898	105.184	-50.9677
9122.802734	104.745	-52.0847
9188.910156	104.283	-53.1555
9255.497070	103.795	-54.1566
9322.566406	103.280	-55.0642
9390.121094	102.737	-55.8635
9458.166016	102.166	-56.5295
9526.704102	101.567	-57.0256
9595.738281	100.939	-57.3114
9665.273438	100.284	-57.3331
9735.311523	99.604	-57.0402
9805.857422	98.907	-56.3955
9876.915039	98.198	-55.3656
9948.487305	97.484	-53.9083
10020.578125	96.774	-51.9706
10093.191406	96.081	-49.5026
10166.331055	95.419	-46.4714
10240.000000	94.811	-42.8849
10314.203125	94.277	-38.8062
10388.944336	93.839	-34.3518
10464.226562	93.509	-29.6845
10540.054688	93.293	-24.9999
10616.432617	93.187	-20.4904
10693.363281	93.177	-16.3089
10770.852539	93.244	-12.5606
10848.902344	93.370	-9.3004
10927.517578	93.535	-6.5369
11006.703125	93.722	-4.2394
11086.461914	93.919	-2.3541
11166.798828	94.117	-0.8267
11247.718750	94.311	0.3821
11329.223633	94.497	1.3019
11411.320312	94.676	1.9610
11494.011719	94.847	2.3916
11577.301758	95.007	2.6221
11661.195312	95.158	2.6708
11745.697266	95.299	2.5481
11830.811523	95.432	2.2625
11916.542969	95.557	1.8229
12002.894531	95.674	1.2327
12089.873047	95.782	0.4972
12177.480469	95.879	-0.3841
12265.723633	95.965	-1.4176
12354.606445	96.039	-2.5982
12444.132812	96.098	-3.9132
12534.308594	96.141	-5.3572
12625.136719	96.165	-6.9232
12716.624023	96.166	-8.5988
12808.773438	96.144	-10.3699
12901.591797	96.097	-12.2181
12995.082031	96.027	-14.1158
13089.250000	95.934	-16.0348
13184.099609	95.821	-17.9546
13279.636719	95.688	-19.8598
13375.867188	95.540	-21.7282
13472.793945	95.382	-23.5351
13570.422852	95.224	-25.2836
13668.759766	95.071	-27.0155
13767.809570	94.930	-28.7893
13867.577148	94.801	-30.6390
13968.067383	94.694	-32.5358
14069.285156	94.623	-34.3922
14171.237305	94.598	-36.1340
14273.927734	94.613	-37.7566
14377.362305	94.659	-39.2980
14481.546875	94.726	-40.8116
14586.486328	94.807	-42.3571
14692.185547	94.910	-44.0022
14798.651367	95.047	-45.8096
14905.888672	95.227	-47.8404
15013.902344	95.455	-50.1818
15122.700195	95.739	-52.9469
15232.285156	96.087	-56.2856
15342.664062	96.501	-60.3962
15453.843750	96.970	-65.5122
15565.829102	97.471	-71.8958
15678.625000	97.968	-79.8116
15792.239258	98.402	-89.4612
15906.675781	98.682	-100.8635
16021.942383	98.702	-113.7676
16138.043945	98.373	-127.6757
16254.986328	97.656	-141.9125
16372.777344	96.575	-155.7465
16491.421875	95.208	-168.5928
16610.923828	93.666	179.8640
16731.294922	92.057	169.6729
16852.535156	90.453	160.6896
16974.656250	88.888	152.6782
17097.662109	87.374	145.4018
17221.558594	85.905	138.6643
17346.353516	84.464	132.3145
17472.052734	83.027	126.2606
17598.662109	81.569	120.5085
17726.189453	80.070	115.1735
17854.640625	78.511	110.3923
17984.021484	76.884	106.3690
18114.341797	75.203	103.5781
18245.605469	73.521	102.6540
18377.820312	71.975	104.0058
18510.994141	70.797	107.2886
18645.132812	70.236	110.9048
18780.242188	70.334	112.6151
18916.332031	70.903	111.0180
19053.408203	71.709	106.0374
19191.476562	72.581	98.2003
19330.546875	73.404	88.0478
19470.623047	74.089	75.9611
19611.714844	74.569	62.3915
19753.830078	74.815	48.0606
19896.974609	74.868	34.5682
