* Measurement data measured by REW V5.31
* Source: Input device not selected, no input selected, L, volume: no control. Timing signal peak level -31.3 dBFS, measurement signal peak level -31.2 dBFS
* Format: 1M Log Swept Sine, 1 sweep at 0.0 dBFS using an acoustic timing reference
* Dated: 29-Apr-2024 11:45:34
* REW Settings:
*  C-weighting compensation: Off
*  Target level: 75.0 dB
* Note: ; Delay -0.1334 ms (-46 mm, -1.8 in) using estimated IR delay relative to Acoustic reference played from  L with no timing offset Clock adjustment: -27.8 ppm
* Measurement: Buds+ Dynamic L2
* Smoothing: 1/24 octave
* Frequency Step: 1/96 octave
* Start Frequency: 20.000 Hz
*
* Freq(Hz)	SPL(dB)	Phase(degrees)
20.000000	100.420	101.5879
20.144928	100.504	101.2064
20.290907	100.592	100.8083
20.437943	100.682	100.3867
20.586044	100.774	99.9353
20.735220	100.865	99.4526
20.885475	100.954	98.9408
21.036821	101.040	98.4042
21.189262	101.120	97.8518
21.342808	101.195	97.2947
21.497467	101.264	96.7420
21.653246	101.329	96.2045
21.810154	101.390	95.6887
21.968201	101.450	95.1971
22.127390	101.510	94.7290
22.287735	101.571	94.2779
22.449242	101.635	93.8342
22.611917	101.701	93.3884
22.775772	101.768	92.9297
22.940815	101.835	92.4528
23.107054	101.899	91.9571
23.274498	101.958	91.4471
23.443153	102.010	90.9361
23.613033	102.056	90.4401
23.784142	102.095	89.9782
23.956491	102.129	89.5685
24.130091	102.163	89.2215
24.304947	102.200	88.9408
24.481071	102.245	88.7161
24.658470	102.303	88.5251
24.837156	102.375	88.3374
25.017136	102.461	88.1135
25.198421	102.561	87.8202
25.381020	102.668	87.4274
25.564941	102.777	86.9220
25.750195	102.880	86.3045
25.936790	102.974	85.5906
26.124741	103.053	84.8098
26.314051	103.115	83.9957
26.504732	103.162	83.1876
26.696796	103.194	82.4166
26.890253	103.217	81.7086
27.085112	103.235	81.0743
27.281382	103.254	80.5136
27.479073	103.277	80.0137
27.678198	103.308	79.5547
27.878765	103.346	79.1141
28.080786	103.392	78.6727
28.284271	103.442	78.2167
28.489231	103.494	77.7410
28.695675	103.548	77.2471
28.903616	103.600	76.7414
29.113064	103.650	76.2332
29.324028	103.699	75.7315
29.536524	103.746	75.2449
29.750557	103.793	74.7808
29.966141	103.840	74.3450
30.183289	103.889	73.9410
30.402010	103.942	73.5676
30.622314	104.000	73.2178
30.844217	104.065	72.8755
31.067726	104.137	72.5193
31.292856	104.216	72.1235
31.519617	104.296	71.6694
31.748020	104.373	71.1507
31.978081	104.440	70.5831
32.209808	104.491	70.0024
32.443211	104.526	69.4625
32.678310	104.548	69.0190
32.915108	104.566	68.7107
33.153625	104.594	68.5427
33.393871	104.644	68.4695
33.635857	104.725	68.4032
33.879597	104.836	68.2256
34.125103	104.967	67.8380
34.372387	105.099	67.1860
34.621464	105.210	66.2801
34.872345	105.284	65.1945
35.125042	105.311	64.0437
35.379574	105.293	62.9657
35.635948	105.241	62.0741
35.894180	105.175	61.4345
36.154285	105.117	61.0451
36.416275	105.086	60.8281
36.680161	105.090	60.6666
36.945961	105.123	60.4405
37.213688	105.173	60.0703
37.483353	105.224	59.5437
37.754974	105.263	58.9012
38.028561	105.286	58.2144
38.304131	105.296	57.5546
38.581699	105.300	56.9637
38.861279	105.306	56.4493
39.142883	105.322	55.9886
39.426529	105.350	55.5429
39.712231	105.386	55.0801
40.000000	105.426	54.5835
40.289856	105.467	54.0534
40.581814	105.506	53.5021
40.875885	105.542	52.9459
41.172089	105.574	52.3997
41.470440	105.604	51.8751
41.770950	105.632	51.3806
42.073643	105.659	50.9194
42.378525	105.688	50.4878
42.685616	105.719	50.0747
42.994934	105.752	49.6659
43.306492	105.786	49.2496
43.620308	105.818	48.8226
43.936401	105.848	48.3910
44.254780	105.874	47.9641
44.575470	105.900	47.5440
44.898483	105.927	47.1191
45.223835	105.956	46.6676
45.551544	105.984	46.1692
45.881630	106.007	45.6181
46.214108	106.020	45.0304
46.548996	106.022	44.4389
46.886307	106.015	43.8793
47.226067	106.004	43.3729
47.568283	105.994	42.9184
47.912983	105.990	42.4962
48.260181	105.993	42.0820
48.609894	106.001	41.6589
48.962143	106.011	41.2229
49.316940	106.023	40.7791
49.674313	106.036	40.3352
50.034271	106.049	39.8959
50.396843	106.063	39.4624
50.762039	106.079	39.0339
51.129883	106.095	38.6087
51.500389	106.111	38.1850
51.873581	106.127	37.7603
52.249481	106.143	37.3316
52.628101	106.158	36.8957
53.009464	106.172	36.4508
53.393593	106.183	35.9967
53.780506	106.192	35.5367
54.170223	106.196	35.0787
54.562763	106.197	34.6339
54.958145	106.195	34.2118
55.356396	106.194	33.8131
55.757530	106.196	33.4264
56.161572	106.201	33.0331
56.568542	106.210	32.6189
56.978462	106.217	32.1844
57.391350	106.222	31.7442
57.807232	106.225	31.3162
58.226128	106.228	30.9076
58.648056	106.233	30.5109
59.073048	106.240	30.1114
59.501114	106.246	29.7010
59.932281	106.250	29.2848
60.366577	106.249	28.8754
60.804020	106.246	28.4799
61.244629	106.244	28.0919
61.688435	106.241	27.6970
62.135452	106.236	27.2868
62.585712	106.228	26.8708
63.039234	106.217	26.4711
63.496040	106.206	26.1036
63.956161	106.201	25.7585
64.419617	106.206	25.4002
64.886421	106.217	24.9898
65.356621	106.228	24.5156
65.830215	106.232	24.0049
66.307251	106.227	23.5054
66.787743	106.217	23.0493
67.271713	106.205	22.6337
67.759193	106.192	22.2344
68.250206	106.174	21.8423
68.744774	106.146	21.4784
69.242928	106.113	21.1705
69.744690	106.078	20.9190
70.250084	106.047	20.6970
70.759148	106.019	20.4822
71.271896	105.995	20.2720
71.788361	105.981	20.0579
72.308571	105.980	19.8034
72.832550	105.988	19.4745
73.360321	105.998	19.0895
73.891922	106.008	18.7097
74.427376	106.025	18.3734
74.966705	106.054	18.0579
75.509949	106.088	17.7238
76.057121	106.116	17.3801
76.608261	106.135	17.0756
77.163399	106.145	16.8313
77.722557	106.149	16.6139
78.285767	106.142	16.3830
78.853058	106.121	16.1338
79.424461	106.088	15.8697
80.000000	106.052	15.5573
80.579712	106.014	15.1484
81.163628	105.975	14.6362
81.751770	105.939	14.0537
82.344177	105.915	13.4316
82.940880	105.904	12.8102
83.541901	105.912	12.2598
84.147285	105.943	11.8201
84.757050	105.992	11.4791
85.371231	106.040	11.2943
85.989868	106.079	11.4053
86.612984	106.117	11.8575
87.240616	106.153	12.6564
87.872803	106.198	14.0134
88.509560	106.332	15.9339
89.150940	106.618	17.3790
89.796967	106.935	17.0247
90.447670	107.057	14.9412
91.103088	106.891	12.4987
91.763260	106.542	10.8994
92.428215	106.194	10.2007
93.097992	105.933	9.7273
93.772614	105.748	9.1133
94.452133	105.626	8.4073
95.136566	105.563	7.6555
95.825966	105.538	6.9107
96.520363	105.538	6.2818
97.219788	105.554	5.8081
97.924286	105.572	5.4710
98.633881	105.578	5.2725
99.348625	105.570	5.1903
100.068542	105.549	5.1534
100.793686	105.513	5.0976
101.524078	105.466	4.9879
102.259766	105.415	4.8028
103.000778	105.367	4.5324
103.747162	105.326	4.1850
104.498962	105.295	3.7896
105.256203	105.270	3.3946
106.018929	105.251	3.0511
106.787186	105.236	2.7833
107.561012	105.221	2.5792
108.340446	105.202	2.4160
109.125526	105.177	2.2750
109.916290	105.145	2.1324
110.712791	105.110	1.9593
111.515060	105.073	1.7348
112.323143	105.035	1.4586
113.137085	104.999	1.1548
113.956924	104.964	0.8633
114.782700	104.932	0.6152
115.614464	104.905	0.4150
116.452255	104.879	0.2479
117.296112	104.852	0.0978
118.146095	104.819	-0.0397
119.002228	104.782	-0.1654
119.864563	104.742	-0.2965
120.733154	104.702	-0.4524
121.608040	104.661	-0.6280
122.489258	104.622	-0.8076
123.376869	104.586	-0.9860
124.270905	104.550	-1.1610
125.171425	104.515	-1.3255
126.078468	104.477	-1.4614
126.992081	104.440	-1.5559
127.912323	104.406	-1.6287
128.839233	104.377	-1.7226
129.772842	104.348	-1.8653
130.713242	104.312	-2.0297
131.660431	104.270	-2.1482
132.614502	104.228	-2.1938
133.575485	104.191	-2.1948
134.543427	104.157	-2.1791
135.518387	104.124	-2.1509
136.500412	104.092	-2.1007
137.489548	104.063	-2.0247
138.485855	104.038	-1.9299
139.489380	104.017	-1.8204
140.500168	104.001	-1.6942
141.518295	103.991	-1.5577
142.543793	103.987	-1.4306
143.576721	103.990	-1.3277
144.617142	103.999	-1.2592
145.665100	104.016	-1.2398
146.720642	104.038	-1.2917
147.783844	104.063	-1.4355
148.854752	104.083	-1.6652
149.933411	104.096	-1.9464
151.019897	104.102	-2.2507
152.114243	104.101	-2.5716
153.216522	104.095	-2.9093
154.326797	104.084	-3.2568
155.445114	104.070	-3.6011
156.571533	104.053	-3.9312
157.706116	104.035	-4.2381
158.848923	104.015	-4.5107
160.000000	103.993	-4.7457
161.159424	103.968	-4.9532
162.327255	103.940	-5.1465
163.503540	103.905	-5.3318
164.688354	103.863	-5.5036
165.881760	103.815	-5.6572
167.083801	103.766	-5.7994
168.294571	103.718	-5.9440
169.514099	103.670	-6.0866
170.742462	103.623	-6.2116
171.979736	103.576	-6.3161
173.225967	103.528	-6.4121
174.481232	103.478	-6.5187
175.745605	103.425	-6.6395
177.019119	103.370	-6.7553
178.301880	103.319	-6.8583
179.593933	103.276	-6.9631
180.895340	103.243	-7.0758
182.206177	103.217	-7.1840
183.526520	103.193	-7.2727
184.856430	103.169	-7.3368
186.195984	103.144	-7.3807
187.545227	103.116	-7.4190
188.904266	103.088	-7.4684
190.273132	103.059	-7.5332
191.651932	103.030	-7.6017
193.040726	103.000	-7.6622
194.439575	102.971	-7.7147
195.848572	102.940	-7.7628
197.267761	102.908	-7.8036
198.697250	102.874	-7.8318
200.137085	102.840	-7.8451
201.587372	102.804	-7.8425
203.048157	102.766	-7.8243
204.519531	102.725	-7.8026
206.001556	102.682	-7.7893
207.494324	102.638	-7.7889
208.997925	102.595	-7.7994
210.512405	102.554	-7.8157
212.037857	102.515	-7.8321
213.574371	102.476	-7.8393
215.122025	102.435	-7.8288
216.680893	102.394	-7.8037
218.251053	102.353	-7.7780
219.832581	102.314	-7.7656
221.425583	102.276	-7.7696
223.030121	102.237	-7.7820
224.646286	102.197	-7.7882
226.274170	102.158	-7.7749
227.913849	102.119	-7.7411
229.565399	102.081	-7.6991
231.228928	102.045	-7.6592
232.904510	102.010	-7.6218
234.592224	101.975	-7.5831
236.292191	101.940	-7.5407
238.004456	101.902	-7.4919
239.729126	101.861	-7.4341
241.466309	101.819	-7.3685
243.216080	101.777	-7.3018
244.978516	101.738	-7.2402
246.753738	101.700	-7.1785
248.541809	101.662	-7.1002
250.342850	101.622	-6.9978
252.156937	101.582	-6.8809
253.984161	101.540	-6.7614
255.824646	101.497	-6.6487
257.678467	101.454	-6.5489
259.545685	101.410	-6.4583
261.426483	101.366	-6.3618
263.320862	101.322	-6.2404
265.229004	101.280	-6.0816
267.150970	101.237	-5.8851
269.086853	101.193	-5.6626
271.036774	101.149	-5.4250
273.000824	101.107	-5.1774
274.979095	101.067	-4.9179
276.971710	101.028	-4.6325
278.978760	100.992	-4.3088
281.000336	100.958	-3.9447
283.036591	100.930	-3.5419
285.087585	100.910	-3.1027
287.153442	100.903	-2.6436
289.234283	100.909	-2.1951
291.330200	100.928	-1.7868
293.441284	100.959	-1.4436
295.567688	100.999	-1.1890
297.709503	101.043	-1.0325
299.866821	101.086	-0.9796
302.039795	101.121	-1.0341
304.228485	101.144	-1.1693
306.433044	101.156	-1.3352
308.653595	101.159	-1.4998
310.890228	101.153	-1.6603
313.143066	101.138	-1.8142
315.412231	101.115	-1.9469
317.697845	101.084	-2.0493
320.000000	101.049	-2.1223
322.318848	101.011	-2.1625
324.654510	100.975	-2.1644
327.007080	100.939	-2.1386
329.376709	100.903	-2.1066
331.763519	100.865	-2.0696
334.167603	100.827	-2.0155
336.589142	100.791	-1.9425
339.028198	100.757	-1.8552
341.484924	100.720	-1.7543
343.959473	100.682	-1.6437
346.451935	100.646	-1.5299
348.962463	100.613	-1.4030
351.491211	100.581	-1.2491
354.038239	100.548	-1.0736
356.603760	100.514	-0.9025
359.187866	100.480	-0.7523
361.790680	100.446	-0.6096
364.412354	100.411	-0.4559
367.053040	100.378	-0.2804
369.712860	100.344	-0.0847
372.391968	100.309	0.1148
375.090454	100.274	0.3012
377.808533	100.241	0.4679
380.546265	100.211	0.6263
383.303864	100.183	0.7951
386.081451	100.153	0.9820
388.879150	100.122	1.1810
391.697144	100.094	1.3833
394.535522	100.067	1.5948
397.394501	100.040	1.8216
400.274170	100.013	2.0562
403.174744	99.987	2.2793
406.096313	99.963	2.4836
409.039062	99.937	2.6767
412.003113	99.909	2.8610
414.988647	99.880	3.0521
417.995850	99.853	3.2761
421.024811	99.826	3.5398
424.075714	99.798	3.8302
427.148743	99.771	4.1247
430.244049	99.746	4.3967
433.361786	99.722	4.6348
436.502106	99.697	4.8476
439.665161	99.671	5.0543
442.851166	99.646	5.2689
446.060242	99.621	5.4917
449.292572	99.597	5.7190
452.548340	99.573	5.9417
455.827698	99.550	6.1637
459.130798	99.527	6.4083
462.457855	99.504	6.6833
465.809021	99.479	6.9721
469.184448	99.453	7.2485
472.584381	99.428	7.5080
476.008911	99.404	7.7731
479.458252	99.379	8.0535
482.932617	99.352	8.3369
486.432159	99.325	8.6187
489.957031	99.301	8.9017
493.507477	99.279	9.1924
497.083618	99.256	9.4962
500.685699	99.231	9.8059
504.313873	99.207	10.1082
507.968323	99.184	10.3966
511.649292	99.164	10.6838
515.356934	99.146	10.9936
519.091370	99.129	11.3246
522.852966	99.114	11.6580
526.641724	99.097	11.9852
530.458008	99.076	12.3016
534.301941	99.053	12.6050
538.173706	99.030	12.9058
542.073547	99.010	13.2216
546.001648	98.992	13.5593
549.958191	98.973	13.9024
553.943420	98.955	14.2357
557.957520	98.937	14.5648
562.000671	98.920	14.9086
566.073181	98.903	15.2761
570.175171	98.884	15.6498
574.306885	98.864	16.0164
578.468567	98.845	16.3845
582.660400	98.827	16.7652
586.882568	98.811	17.1545
591.135376	98.795	17.5361
595.419006	98.779	17.9008
599.733643	98.761	18.2589
604.079590	98.743	18.6325
608.456970	98.725	19.0369
612.866089	98.710	19.4619
617.307190	98.695	19.8827
621.780457	98.681	20.2852
626.286133	98.667	20.6794
630.824463	98.654	21.0915
635.395691	98.641	21.5326
640.000000	98.628	21.9806
644.637695	98.612	22.4180
649.309021	98.592	22.8454
654.014160	98.569	23.2639
658.753418	98.548	23.6810
663.527039	98.529	24.1116
668.335205	98.514	24.5694
673.178284	98.505	25.0508
678.056396	98.502	25.5313
682.969849	98.501	25.9901
687.918945	98.496	26.4423
692.903870	98.486	26.9075
697.924927	98.475	27.3759
702.982422	98.465	27.8316
708.076477	98.456	28.2699
713.207520	98.448	28.7082
718.375732	98.442	29.1845
723.581360	98.437	29.7143
728.824707	98.431	30.2689
734.106079	98.420	30.8111
739.425720	98.409	31.3375
744.783936	98.400	31.8509
750.180908	98.393	32.3510
755.617065	98.388	32.8459
761.092529	98.388	33.3516
766.607727	98.390	33.8842
772.162903	98.392	34.4346
777.758301	98.391	34.9909
783.394287	98.388	35.5528
789.071045	98.387	36.1233
794.789001	98.389	36.7030
800.548340	98.394	37.2856
806.349487	98.399	37.8723
812.192627	98.405	38.4582
818.078125	98.409	39.0395
824.006226	98.412	39.6253
829.977295	98.416	40.2304
835.991699	98.422	40.8552
842.049622	98.431	41.4820
848.151428	98.444	42.0868
854.297485	98.457	42.6769
860.488098	98.472	43.2804
866.723572	98.490	43.9039
873.004211	98.508	44.5295
879.330322	98.523	45.1457
885.702332	98.538	45.7622
892.120483	98.553	46.3867
898.585144	98.571	47.0179
905.096680	98.591	47.6455
911.655396	98.613	48.2641
918.261597	98.636	48.8768
924.915710	98.661	49.4901
931.618042	98.686	50.1172
938.368896	98.708	50.7627
945.168762	98.728	51.4258
952.017822	98.744	52.1015
958.916504	98.757	52.7724
965.865234	98.773	53.4259
972.864319	98.795	54.0611
979.914062	98.826	54.6790
987.014954	98.867	55.2863
994.167236	98.915	55.8964
1001.371399	98.968	56.5204
1008.627747	99.021	57.1523
1015.936646	99.073	57.7738
1023.298584	99.125	58.3744
1030.713867	99.178	58.9575
1038.182739	99.231	59.5348
1045.705933	99.282	60.1106
1053.283447	99.330	60.6890
1060.916016	99.376	61.2728
1068.603882	99.422	61.8489
1076.347412	99.471	62.4061
1084.147095	99.519	62.9480
1092.003296	99.567	63.4828
1099.916382	99.612	64.0136
1107.886841	99.656	64.5398
1115.915039	99.703	65.0665
1124.001343	99.751	65.5902
1132.146362	99.800	66.0996
1140.350342	99.848	66.5895
1148.613770	99.896	67.0585
1156.937134	99.942	67.5224
1165.320801	99.988	68.0050
1173.765137	100.036	68.5008
1182.270752	100.086	68.9827
1190.838013	100.135	69.4382
1199.467285	100.181	69.8801
1208.159180	100.224	70.3209
1216.913940	100.266	70.7615
1225.732178	100.308	71.1986
1234.614380	100.353	71.6341
1243.560913	100.400	72.0747
1252.572266	100.448	72.5211
1261.648926	100.496	72.9637
1270.791382	100.543	73.3965
1280.000000	100.590	73.8203
1289.275391	100.638	74.2357
1298.618042	100.688	74.6468
1308.028320	100.739	75.0620
1317.506836	100.789	75.4834
1327.054077	100.839	75.9124
1336.670410	100.888	76.3536
1346.356567	100.936	76.8061
1356.112793	100.984	77.2607
1365.939697	101.030	77.7054
1375.837891	101.076	78.1360
1385.807739	101.121	78.5545
1395.849854	101.164	78.9652
1405.964844	101.206	79.3784
1416.152954	101.249	79.8014
1426.415039	101.292	80.2441
1436.751465	101.338	80.7091
1447.162720	101.387	81.1793
1457.649414	101.438	81.6376
1468.212158	101.489	82.0742
1478.851440	101.539	82.4902
1489.567871	101.588	82.8984
1500.361816	101.634	83.3153
1511.234131	101.681	83.7473
1522.185059	101.728	84.1753
1533.215454	101.774	84.5816
1544.325806	101.817	84.9646
1555.516602	101.855	85.3325
1566.788574	101.889	85.6989
1578.142090	101.920	86.0686
1589.578003	101.948	86.4366
1601.096680	101.972	86.8228
1612.698975	101.992	87.2655
1624.385254	102.008	87.7782
1636.156250	102.021	88.3395
1648.012451	102.036	88.9299
1659.954590	102.054	89.5562
1671.983398	102.076	90.2226
1684.099243	102.101	90.9203
1696.302856	102.132	91.6278
1708.594971	102.169	92.3404
1720.976196	102.212	93.0815
1733.447144	102.261	93.8588
1746.008423	102.314	94.6506
1758.660645	102.371	95.4315
1771.404663	102.434	96.1928
1784.240967	102.501	96.9353
1797.170288	102.570	97.6570
1810.193359	102.641	98.3566
1823.310791	102.714	99.0409
1836.523193	102.789	99.7230
1849.831421	102.865	100.4041
1863.236084	102.942	101.0787
1876.737793	103.019	101.7463
1890.337524	103.098	102.4090
1904.035645	103.180	103.0709
1917.833008	103.263	103.7374
1931.730469	103.346	104.4096
1945.728638	103.429	105.0780
1959.828125	103.512	105.7297
1974.029907	103.597	106.3683
1988.334473	103.684	107.0032
2002.742798	103.773	107.6418
2017.255493	103.863	108.2831
2031.873291	103.952	108.9182
2046.597168	104.043	109.5347
2061.427734	104.134	110.1248
2076.365479	104.226	110.7024
2091.411865	104.317	111.2894
2106.566895	104.410	111.8837
2121.832031	104.505	112.4834
2137.207764	104.604	113.0872
2152.694824	104.703	113.6807
2168.294189	104.802	114.2595
2184.006592	104.900	114.8257
2199.832764	104.999	115.3734
2215.773682	105.102	115.8939
2231.830078	105.208	116.3923
2248.002686	105.318	116.8873
2264.292725	105.426	117.3845
2280.700684	105.530	117.8750
2297.227539	105.632	118.3551
2313.874268	105.735	118.8145
2330.641602	105.841	119.2402
2347.530273	105.948	119.6388
2364.541504	106.055	120.0305
2381.676025	106.161	120.4139
2398.934570	106.264	120.7912
2416.318359	106.363	121.1657
2433.827881	106.462	121.5261
2451.464355	106.563	121.8612
2469.228760	106.667	122.1803
2487.121826	106.772	122.4910
2505.144531	106.875	122.7833
2523.297852	106.974	123.0561
2541.582764	107.070	123.3228
2560.000000	107.163	123.5823
2578.550781	107.256	123.8253
2597.236084	107.349	124.0592
2616.056641	107.441	124.2967
2635.013672	107.531	124.5327
2654.108154	107.616	124.7555
2673.340820	107.698	124.9616
2692.713135	107.779	125.1517
2712.225586	107.858	125.3410
2731.879395	107.938	125.5442
2751.675781	108.019	125.7601
2771.615479	108.102	125.9727
2791.699707	108.184	126.1674
2811.929688	108.267	126.3452
2832.305908	108.351	126.5017
2852.830078	108.436	126.6254
2873.502930	108.523	126.7028
2894.325439	108.608	126.7287
2915.298828	108.690	126.7195
2936.424316	108.771	126.6844
2957.702881	108.851	126.6194
2979.135742	108.930	126.5194
3000.723633	109.002	126.3938
3022.468262	109.063	126.2613
3044.370117	109.109	126.1298
3066.430908	109.144	126.0002
3088.651611	109.170	125.8776
3111.033203	109.187	125.7634
3133.577148	109.196	125.6591
3156.284180	109.202	125.5772
3179.156006	109.208	125.5283
3202.193359	109.213	125.5137
3225.397949	109.216	125.5297
3248.770508	109.214	125.5743
3272.312500	109.209	125.6445
3296.024902	109.201	125.7522
3319.909180	109.190	125.9172
3343.966797	109.175	126.1372
3368.198486	109.155	126.3923
3392.605713	109.131	126.6713
3417.189941	109.104	126.9853
3441.952393	109.071	127.3530
3466.894287	109.033	127.7690
3492.016846	108.992	128.2091
3517.321289	108.947	128.6631
3542.809326	108.902	129.1419
3568.481934	108.857	129.6591
3594.340576	108.812	130.2166
3620.386719	108.769	130.8075
3646.621582	108.730	131.4242
3673.046387	108.696	132.0668
3699.662842	108.668	132.7517
3726.472168	108.644	133.4936
3753.475586	108.625	134.2758
3780.675049	108.612	135.0796
3808.071289	108.606	135.9070
3835.666016	108.608	136.7489
3863.460938	108.614	137.5979
3891.457275	108.624	138.4712
3919.656250	108.635	139.3824
3948.059814	108.644	140.3239
3976.668945	108.651	141.2809
4005.485596	108.651	142.2421
4034.510986	108.647	143.2103
4063.746582	108.642	144.1940
4093.194336	108.638	145.1918
4122.855469	108.635	146.1920
4152.730957	108.630	147.1895
4182.823730	108.624	148.1923
4213.133789	108.620	149.2047
4243.664062	108.620	150.2201
4274.415527	108.626	151.2255
4305.389648	108.638	152.2115
4336.588379	108.655	153.1792
4368.013184	108.678	154.1291
4399.665527	108.706	155.0569
4431.547363	108.739	155.9577
4463.660156	108.775	156.8268
4496.005371	108.815	157.6593
4528.585449	108.856	158.4529
4561.401367	108.899	159.2049
4594.455078	108.942	159.9103
4627.748535	108.985	160.5669
4661.283203	109.027	161.1784
4695.060547	109.067	161.7482
4729.083008	109.103	162.2759
4763.352051	109.134	162.7634
4797.869141	109.158	163.2204
4832.636719	109.173	163.6584
4867.655762	109.181	164.0766
4902.928711	109.182	164.4782
4938.457520	109.176	164.8702
4974.243652	109.162	165.2581
5010.289062	109.135	165.6569
5046.595703	109.097	166.0876
5083.165527	109.047	166.5686
5120.000000	108.986	167.1174
5157.101562	108.913	167.7384
5194.472168	108.828	168.4273
5232.113281	108.734	169.1904
5270.027344	108.632	170.0381
5308.216309	108.524	170.9806
5346.681641	108.411	172.0268
5385.426270	108.293	173.1837
5424.451172	108.174	174.4584
5463.758789	108.054	175.8485
5503.351562	107.937	177.3486
5543.230957	107.826	178.9544
5583.399414	107.724	-179.3417
5623.859375	107.633	-177.5373
5664.611816	107.551	-175.6107
5705.660156	107.479	-173.5270
5747.005859	107.421	-171.2521
5788.650879	107.393	-168.7742
5830.597656	107.411	-166.1713
5872.848633	107.480	-163.6419
5915.405762	107.578	-161.3528
5958.271484	107.677	-159.2723
6001.447266	107.763	-157.2494
6044.936523	107.840	-155.1672
6088.740234	107.920	-152.9941
6132.861816	108.016	-150.7360
6177.303223	108.137	-148.4107
6222.066406	108.291	-146.0715
6267.154297	108.481	-143.8096
6312.568359	108.705	-141.7388
6358.312012	108.948	-139.9558
6404.386719	109.193	-138.4726
6450.795898	109.423	-137.2012
6497.541016	109.635	-136.0202
6544.625000	109.838	-134.8483
6592.049805	110.042	-133.6692
6639.818359	110.256	-132.5125
6687.933594	110.488	-131.4151
6736.396973	110.737	-130.4099
6785.211426	111.003	-129.5391
6834.379883	111.285	-128.8450
6883.904785	111.578	-128.3516
6933.788574	111.877	-128.0712
6984.033691	112.177	-128.0290
7034.642578	112.474	-128.2423
7085.618652	112.764	-128.7168
7136.963867	113.042	-129.4553
7188.681152	113.302	-130.4615
7240.773438	113.536	-131.7401
7293.243164	113.738	-133.2787
7346.092773	113.903	-135.0461
7399.325684	114.023	-137.0120
7452.944336	114.089	-139.1402
7506.951172	114.096	-141.3787
7561.350098	114.041	-143.6667
7616.142578	113.924	-145.9353
7671.332031	113.748	-148.1178
7726.921875	113.517	-150.1579
7782.914551	113.235	-152.0154
7839.312500	112.909	-153.6644
7896.119629	112.549	-155.0855
7953.337891	112.164	-156.2614
8010.971191	111.761	-157.1912
8069.021973	111.346	-157.8868
8127.493164	110.923	-158.3667
8186.388672	110.496	-158.6537
8245.710938	110.070	-158.7687
8305.461914	109.647	-158.7301
8365.647461	109.228	-158.5565
8426.267578	108.813	-158.2701
8487.328125	108.400	-157.8915
8548.831055	107.988	-157.4369
8610.779297	107.577	-156.9196
8673.176758	107.166	-156.3467
8736.026367	106.753	-155.7255
8799.331055	106.336	-155.0645
8863.094727	105.912	-154.3652
8927.320312	105.480	-153.6265
8992.010742	105.038	-152.8433
9057.170898	104.583	-152.0060
9122.802734	104.110	-151.1106
9188.910156	103.618	-150.1518
9255.497070	103.103	-149.1099
9322.566406	102.562	-147.9527
9390.121094	101.995	-146.6493
9458.166016	101.401	-145.1727
9526.704102	100.782	-143.4964
9595.738281	100.137	-141.5949
9665.273438	99.469	-139.4317
9735.311523	98.777	-136.9614
9805.857422	98.067	-134.1262
9876.915039	97.345	-130.8642
9948.487305	96.616	-127.1177
10020.578125	95.893	-122.8379
10093.191406	95.188	-117.9873
10166.331055	94.521	-112.5556
10240.000000	93.912	-106.5724
10314.203125	93.379	-100.1125
10388.944336	92.942	-93.2882
10464.226562	92.614	-86.2522
10540.054688	92.401	-79.1920
10616.432617	92.300	-72.3052
10693.363281	92.298	-65.7511
10770.852539	92.374	-59.6320
10848.902344	92.509	-53.9997
10927.517578	92.681	-48.8583
11006.703125	92.875	-44.1792
11086.461914	93.076	-39.9157
11166.798828	93.279	-36.0211
11247.718750	93.477	-32.4498
11329.223633	93.670	-29.1599
11411.320312	93.858	-26.1190
11494.011719	94.035	-23.3016
11577.301758	94.203	-20.6877
11661.195312	94.360	-18.2477
11745.697266	94.508	-15.9515
11830.811523	94.647	-13.7844
11916.542969	94.780	-11.7487
12002.894531	94.906	-9.8502
12089.873047	95.025	-8.0822
12177.480469	95.136	-6.4374
12265.723633	95.241	-4.9216
12354.606445	95.337	-3.5356
12444.132812	95.424	-2.2756
12534.308594	95.497	-1.1442
12625.136719	95.557	-0.1407
12716.624023	95.599	0.7411
12808.773438	95.622	1.5073
12901.591797	95.624	2.1725
12995.082031	95.603	2.7617
13089.250000	95.557	3.3014
13184.099609	95.484	3.8207
13279.636719	95.386	4.3535
13375.867188	95.267	4.9340
13472.793945	95.131	5.5917
13570.422852	94.985	6.3365
13668.759766	94.834	7.1694
13767.809570	94.693	8.1008
13867.577148	94.582	9.1348
13968.067383	94.530	10.2399
14069.285156	94.562	11.3307
14171.237305	94.680	12.2812
14273.927734	94.856	12.9327
14377.362305	95.038	13.1254
14481.546875	95.160	12.8246
14586.486328	95.168	12.2478
14692.185547	95.057	11.8243
14798.651367	94.876	11.9442
14905.888672	94.704	12.6979
15013.902344	94.607	13.8582
15122.700195	94.613	15.0583
15232.285156	94.726	15.9652
15342.664062	94.935	16.3256
15453.843750	95.223	15.9290
15565.829102	95.570	14.5623
15678.625000	95.955	11.9969
15792.239258	96.350	8.0140
15906.675781	96.699	2.4431
16021.942383	96.920	-4.7774
16138.043945	96.923	-13.5132
16254.986328	96.639	-23.3889
16372.777344	96.033	-33.8044
16491.421875	95.117	-44.0817
16610.923828	93.950	-53.6353
16731.294922	92.604	-62.0817
16852.535156	91.146	-69.2670
16974.656250	89.630	-75.2411
17097.662109	88.097	-80.1526
17221.558594	86.573	-84.1751
17346.353516	85.066	-87.4812
17472.052734	83.574	-90.2129
17598.662109	82.087	-92.4687
17726.189453	80.590	-94.3026
17854.640625	79.065	-95.6589
17984.021484	77.496	-96.2951
18114.341797	75.883	-95.8063
18245.605469	74.276	-93.6942
18377.820312	72.797	-89.6061
18510.994141	71.670	-83.8752
18645.132812	71.129	-77.9573
18780.242188	71.211	-73.8119
18916.332031	71.723	-72.6260
19053.408203	72.440	-74.6252
19191.476562	73.199	-79.5161
19330.546875	73.890	-86.7980
19470.623047	74.432	-95.9936
19611.714844	74.769	-106.6940
19753.830078	74.884	-118.2535
19896.974609	74.835	-128.9111
