* Measurement data measured by REW V5.31
* Source: Input device not selected, no input selected, L, volume: no control. Timing signal peak level -36.4 dBFS, measurement signal peak level -35.9 dBFS
* Format: 1M Log Swept Sine, 1 sweep at 0.0 dBFS using an acoustic timing reference
* Dated: 29-Apr-2024 11:40:38
* REW Settings:
*  C-weighting compensation: Off
*  Target level: 75.0 dB
* Note: ; Delay -0.0503 ms (-17 mm, -0.68 in) using estimated IR delay relative to Acoustic reference played from  L with no timing offset Clock adjustment: -27.6 ppm
* Measurement: Buds+ L3
* Smoothing: 1/24 octave
* Frequency Step: 1/96 octave
* Start Frequency: 20.000 Hz
*
* Freq(Hz)	SPL(dB)	Phase(degrees)
20.000000	100.462	98.0592
20.144928	100.517	97.6506
20.290907	100.574	97.2524
20.437943	100.635	96.8568
20.586044	100.700	96.4536
20.735220	100.769	96.0344
20.885475	100.841	95.5891
21.036821	100.916	95.1103
21.189262	100.990	94.5947
21.342808	101.064	94.0414
21.497467	101.134	93.4539
21.653246	101.200	92.8399
21.810154	101.261	92.2080
21.968201	101.317	91.5699
22.127390	101.368	90.9370
22.287735	101.415	90.3178
22.449242	101.459	89.7205
22.611917	101.503	89.1477
22.775772	101.548	88.5991
22.940815	101.594	88.0715
23.107054	101.644	87.5578
23.274498	101.698	87.0509
23.443153	101.755	86.5430
23.613033	101.814	86.0277
23.784142	101.875	85.5018
23.956491	101.937	84.9641
24.130091	101.999	84.4164
24.304947	102.060	83.8623
24.481071	102.120	83.3059
24.658470	102.178	82.7516
24.837156	102.236	82.2023
25.017136	102.292	81.6601
25.198421	102.348	81.1259
25.381020	102.403	80.6003
25.564941	102.457	80.0848
25.750195	102.509	79.5820
25.936790	102.559	79.0962
26.124741	102.608	78.6337
26.314051	102.656	78.2004
26.504732	102.704	77.8021
26.696796	102.754	77.4405
26.890253	102.807	77.1129
27.085112	102.867	76.8109
27.281382	102.934	76.5200
27.479073	103.008	76.2222
27.678198	103.090	75.8976
27.878765	103.177	75.5286
28.080786	103.267	75.1024
28.284271	103.356	74.6136
28.489231	103.440	74.0648
28.695675	103.518	73.4669
28.903616	103.586	72.8358
29.113064	103.644	72.1916
29.324028	103.692	71.5537
29.536524	103.733	70.9390
29.750557	103.768	70.3589
29.966141	103.801	69.8172
30.183289	103.836	69.3092
30.402010	103.874	68.8228
30.622314	103.917	68.3401
30.844217	103.964	67.8410
31.067726	104.015	67.3084
31.292856	104.066	66.7313
31.519617	104.114	66.1090
31.748020	104.158	65.4512
31.978081	104.195	64.7770
32.209808	104.225	64.1076
32.443211	104.251	63.4628
32.678310	104.277	62.8499
32.915108	104.306	62.2620
33.153625	104.343	61.6748
33.393871	104.388	61.0554
33.635857	104.437	60.3730
33.879597	104.484	59.6111
34.125103	104.521	58.7772
34.372387	104.541	57.9064
34.621464	104.539	57.0605
34.872345	104.519	56.3066
35.125042	104.487	55.7023
35.379574	104.455	55.2774
35.635948	104.439	55.0161
35.894180	104.447	54.8624
36.154285	104.484	54.7306
36.416275	104.544	54.5375
36.680161	104.618	54.2312
36.945961	104.694	53.7994
37.213688	104.761	53.2704
37.483353	104.816	52.6923
37.754974	104.860	52.1116
38.028561	104.897	51.5597
38.304131	104.931	51.0440
38.581699	104.966	50.5541
38.861279	105.002	50.0750
39.142883	105.038	49.5960
39.426529	105.073	49.1159
39.712231	105.107	48.6367
40.000000	105.143	48.1554
40.289856	105.180	47.6599
40.581814	105.219	47.1324
40.875885	105.256	46.5616
41.172089	105.288	45.9541
41.470440	105.313	45.3337
41.770950	105.330	44.7322
42.073643	105.345	44.1712
42.378525	105.364	43.6446
42.685616	105.392	43.1180
42.994934	105.428	42.5479
43.306492	105.465	41.9049
43.620308	105.495	41.1924
43.936401	105.511	40.4490
44.254780	105.514	39.7306
44.575470	105.508	39.0814
44.898483	105.501	38.5149
45.223835	105.499	38.0140
45.551544	105.503	37.5475
45.881630	105.512	37.0907
46.214108	105.522	36.6369
46.548996	105.532	36.1931
46.886307	105.543	35.7652
47.226067	105.557	35.3458
47.568283	105.575	34.9168
47.912983	105.592	34.4638
48.260181	105.607	33.9877
48.609894	105.616	33.5041
48.962143	105.621	33.0300
49.316940	105.624	32.5703
49.674313	105.627	32.1156
50.034271	105.629	31.6526
50.396843	105.630	31.1783
50.762039	105.627	30.7049
51.129883	105.621	30.2495
51.500389	105.617	29.8171
51.873581	105.618	29.3922
52.249481	105.626	28.9456
52.628101	105.638	28.4547
53.009464	105.648	27.9186
53.393593	105.655	27.3588
53.780506	105.658	26.8042
54.170223	105.659	26.2731
54.562763	105.662	25.7644
54.958145	105.667	25.2629
55.356396	105.673	24.7532
55.757530	105.677	24.2309
56.161572	105.677	23.7051
56.568542	105.672	23.1911
56.978462	105.663	22.6998
57.391350	105.652	22.2319
57.807232	105.640	21.7797
58.226128	105.626	21.3358
58.648056	105.610	20.8992
59.073048	105.592	20.4761
59.501114	105.574	20.0730
59.932281	105.560	19.6864
60.366577	105.553	19.2965
60.804020	105.554	18.8697
61.244629	105.560	18.3731
61.688435	105.567	17.7934
62.135452	105.565	17.1507
62.585712	105.553	16.4943
63.039234	105.530	15.8807
63.496040	105.502	15.3470
63.956161	105.475	14.8994
64.419617	105.452	14.5238
64.886421	105.436	14.2005
65.356621	105.426	13.9063
65.830215	105.422	13.6104
66.307251	105.418	13.2848
66.787743	105.410	12.9279
67.271713	105.394	12.5684
67.759193	105.373	12.2296
68.250206	105.355	11.8908
68.744774	105.340	11.5004
69.242928	105.323	11.0362
69.744690	105.298	10.5362
70.250084	105.269	10.0532
70.759148	105.247	9.5895
71.271896	105.235	9.1009
71.788361	105.226	8.5686
72.308571	105.211	8.0410
72.832550	105.193	7.5850
73.360321	105.179	7.2126
73.891922	105.171	6.8801
74.427376	105.162	6.5543
74.966705	105.142	6.2536
75.509949	105.113	6.0123
76.057121	105.079	5.8228
76.608261	105.044	5.6349
77.163399	105.006	5.4025
77.722557	104.965	5.1083
78.285767	104.924	4.7433
78.853058	104.887	4.2924
79.424461	104.855	3.7531
80.000000	104.828	3.1484
80.579712	104.809	2.5154
81.163628	104.797	1.9064
81.751770	104.791	1.3966
82.344177	104.794	1.0424
82.940880	104.808	0.8345
83.541901	104.822	0.7380
84.147285	104.824	0.7426
84.757050	104.806	0.8201
85.371231	104.754	0.9126
85.989868	104.654	1.0235
86.612984	104.506	1.1542
87.240616	104.314	1.1461
87.872803	104.041	1.0415
88.509560	103.669	1.6753
89.150940	103.359	3.9984
89.796967	103.376	6.9550
90.447670	103.701	7.7861
91.103088	104.010	5.7288
91.763260	104.112	2.4139
92.428215	104.069	-0.5374
93.097992	104.017	-2.6735
93.772614	104.003	-4.2333
94.452133	104.009	-5.3275
95.136566	104.029	-5.9676
95.825966	104.055	-6.2952
96.520363	104.067	-6.4408
97.219788	104.055	-6.4643
97.924286	104.019	-6.4468
98.633881	103.960	-6.4641
99.348625	103.883	-6.5485
100.068542	103.801	-6.7278
100.793686	103.721	-7.0185
101.524078	103.650	-7.3973
102.259766	103.593	-7.8218
103.000778	103.551	-8.2466
103.747162	103.518	-8.6221
104.498962	103.490	-8.9125
105.256203	103.462	-9.1114
106.018929	103.428	-9.2363
106.787186	103.385	-9.3199
107.561012	103.333	-9.4083
108.340446	103.271	-9.5404
109.125526	103.202	-9.7249
109.916290	103.133	-9.9537
110.712791	103.069	-10.2251
111.515060	103.013	-10.5305
112.323143	102.964	-10.8347
113.137085	102.921	-11.0990
113.956924	102.884	-11.3153
114.782700	102.847	-11.4945
115.614464	102.806	-11.6394
116.452255	102.760	-11.7551
117.296112	102.710	-11.8636
118.146095	102.657	-11.9953
119.002228	102.601	-12.1615
119.864563	102.539	-12.3359
120.733154	102.476	-12.4875
121.608040	102.413	-12.6063
122.489258	102.351	-12.6767
123.376869	102.292	-12.6963
124.270905	102.237	-12.7059
125.171425	102.181	-12.7303
126.078468	102.123	-12.7574
126.992081	102.063	-12.7822
127.912323	102.003	-12.8003
128.839233	101.946	-12.8104
129.772842	101.890	-12.8212
130.713242	101.833	-12.8108
131.660431	101.776	-12.7554
132.614502	101.719	-12.6802
133.575485	101.658	-12.6008
134.543427	101.592	-12.4876
135.518387	101.523	-12.3244
136.500412	101.457	-12.1223
137.489548	101.397	-11.8961
138.485855	101.345	-11.6709
139.489380	101.297	-11.4526
140.500168	101.254	-11.2106
141.518295	101.221	-10.9267
142.543793	101.199	-10.6256
143.576721	101.188	-10.3398
144.617142	101.183	-10.0602
145.665100	101.187	-9.7735
146.720642	101.203	-9.5292
147.783844	101.227	-9.4089
148.854752	101.248	-9.4454
149.933411	101.259	-9.6004
151.019897	101.259	-9.8092
152.114243	101.253	-10.0331
153.216522	101.243	-10.2678
154.326797	101.231	-10.5053
155.445114	101.214	-10.7206
156.571533	101.194	-10.8925
157.706116	101.172	-11.0160
158.848923	101.150	-11.1051
160.000000	101.127	-11.1826
161.159424	101.102	-11.2604
162.327255	101.071	-11.3303
163.503540	101.037	-11.3807
164.688354	101.000	-11.4185
165.881760	100.958	-11.4574
167.083801	100.909	-11.4913
168.294571	100.856	-11.4986
169.514099	100.800	-11.4712
170.742462	100.745	-11.4199
171.979736	100.689	-11.3596
173.225967	100.634	-11.2925
174.481232	100.581	-11.2136
175.745605	100.532	-11.1224
177.019119	100.488	-11.0284
178.301880	100.450	-10.9420
179.593933	100.417	-10.8730
180.895340	100.388	-10.8298
182.206177	100.361	-10.8091
183.526520	100.336	-10.7894
184.856430	100.312	-10.7523
186.195984	100.291	-10.6881
187.545227	100.271	-10.5878
188.904266	100.253	-10.4557
190.273132	100.235	-10.3107
191.651932	100.216	-10.1708
193.040726	100.195	-10.0445
194.439575	100.173	-9.9337
195.848572	100.151	-9.8339
197.267761	100.130	-9.7362
198.697250	100.109	-9.6356
200.137085	100.088	-9.5294
201.587372	100.066	-9.4126
203.048157	100.044	-9.2928
204.519531	100.021	-9.1802
206.001556	99.998	-9.0709
207.494324	99.976	-8.9626
208.997925	99.954	-8.8605
210.512405	99.934	-8.7621
212.037857	99.913	-8.6566
213.574371	99.891	-8.5397
215.122025	99.869	-8.4140
216.680893	99.847	-8.2874
218.251053	99.826	-8.1712
219.832581	99.805	-8.0702
221.425583	99.785	-7.9787
223.030121	99.765	-7.8844
224.646286	99.746	-7.7827
226.274170	99.727	-7.6709
227.913849	99.705	-7.5453
229.565399	99.683	-7.4130
231.228928	99.661	-7.2851
232.904510	99.640	-7.1713
234.592224	99.621	-7.0740
236.292191	99.604	-6.9890
238.004456	99.588	-6.9049
239.729126	99.572	-6.8103
241.466309	99.556	-6.7012
243.216080	99.540	-6.5795
244.978516	99.524	-6.4581
246.753738	99.508	-6.3534
248.541809	99.492	-6.2665
250.342850	99.474	-6.1850
252.156937	99.455	-6.0979
253.984161	99.436	-5.9979
255.824646	99.418	-5.8820
257.678467	99.401	-5.7520
259.545685	99.384	-5.6062
261.426483	99.367	-5.4402
263.320862	99.348	-5.2576
265.229004	99.327	-5.0692
267.150970	99.306	-4.8877
269.086853	99.283	-4.7204
271.036774	99.259	-4.5597
273.000824	99.238	-4.3865
274.979095	99.219	-4.1830
276.971710	99.205	-3.9401
278.978760	99.193	-3.6568
281.000336	99.184	-3.3408
283.036591	99.178	-2.9991
285.087585	99.177	-2.6320
287.153442	99.184	-2.2434
289.234283	99.203	-1.8536
291.330200	99.234	-1.4859
293.441284	99.273	-1.1521
295.567688	99.319	-0.8653
297.709503	99.371	-0.6571
299.866821	99.425	-0.5584
302.039795	99.479	-0.5729
304.228485	99.528	-0.6828
306.433044	99.568	-0.8569
308.653595	99.597	-1.0575
310.890228	99.615	-1.2654
313.143066	99.623	-1.4787
315.412231	99.620	-1.6820
317.697845	99.611	-1.8497
320.000000	99.599	-1.9654
322.318848	99.586	-2.0390
324.654510	99.574	-2.0990
327.007080	99.560	-2.1700
329.376709	99.544	-2.2508
331.763519	99.528	-2.3241
334.167603	99.510	-2.3799
336.589142	99.489	-2.4085
339.028198	99.465	-2.4058
341.484924	99.442	-2.3795
343.959473	99.421	-2.3452
346.451935	99.401	-2.3130
348.962463	99.381	-2.2829
351.491211	99.362	-2.2609
354.038239	99.343	-2.2548
356.603760	99.323	-2.2428
359.187866	99.304	-2.1946
361.790680	99.286	-2.1174
364.412354	99.272	-2.0371
367.053040	99.258	-1.9630
369.712860	99.243	-1.8956
372.391968	99.229	-1.8326
375.090454	99.214	-1.7665
377.808533	99.201	-1.6894
380.546265	99.190	-1.6064
383.303864	99.177	-1.5210
386.081451	99.164	-1.4347
388.879150	99.152	-1.3570
391.697144	99.140	-1.2914
394.535522	99.130	-1.2288
397.394501	99.120	-1.1626
400.274170	99.106	-1.0883
403.174744	99.088	-1.0078
406.096313	99.069	-0.9275
409.039062	99.051	-0.8377
412.003113	99.034	-0.7244
414.988647	99.018	-0.5983
417.995850	99.001	-0.4844
421.024811	98.984	-0.3987
424.075714	98.969	-0.3400
427.148743	98.955	-0.2911
430.244049	98.942	-0.2202
433.361786	98.927	-0.1067
436.502106	98.912	0.0327
439.665161	98.897	0.1701
442.851166	98.884	0.2996
446.060242	98.876	0.4200
449.292572	98.870	0.5276
452.548340	98.865	0.6299
455.827698	98.854	0.7414
459.130798	98.837	0.8684
462.457855	98.818	0.9985
465.809021	98.801	1.1203
469.184448	98.784	1.2401
472.584381	98.767	1.3669
476.008911	98.750	1.4987
479.458252	98.736	1.6304
482.932617	98.723	1.7557
486.432159	98.709	1.8744
489.957031	98.695	1.9971
493.507477	98.681	2.1285
497.083618	98.667	2.2630
500.685699	98.652	2.4069
504.313873	98.638	2.5659
507.968323	98.624	2.7306
511.649292	98.610	2.8929
515.356934	98.597	3.0557
519.091370	98.584	3.2171
522.852966	98.572	3.3828
526.641724	98.560	3.5698
530.458008	98.549	3.7763
534.301941	98.538	3.9816
538.173706	98.530	4.1748
542.073547	98.522	4.3551
546.001648	98.514	4.5260
549.958191	98.505	4.7007
553.943420	98.492	4.8931
557.957520	98.477	5.0981
562.000671	98.463	5.3031
566.073181	98.450	5.5065
570.175171	98.440	5.7053
574.306885	98.431	5.8944
578.468567	98.423	6.0755
582.660400	98.412	6.2591
586.882568	98.398	6.4552
591.135376	98.385	6.6642
595.419006	98.375	6.8713
599.733643	98.367	7.0658
604.079590	98.359	7.2551
608.456970	98.349	7.4518
612.866089	98.340	7.6585
617.307190	98.331	7.8697
621.780457	98.321	8.0922
626.286133	98.307	8.3428
630.824463	98.293	8.6158
635.395691	98.279	8.8914
640.000000	98.267	9.1515
644.637695	98.260	9.3833
649.309021	98.258	9.5963
654.014160	98.257	9.8117
658.753418	98.250	10.0437
663.527039	98.239	10.2929
668.335205	98.227	10.5616
673.178284	98.221	10.8446
678.056396	98.219	11.1243
682.969849	98.217	11.3954
687.918945	98.211	11.6592
692.903870	98.203	11.9359
697.924927	98.197	12.2381
702.982422	98.192	12.5455
708.076477	98.190	12.8306
713.207520	98.186	13.0884
718.375732	98.180	13.3506
723.581360	98.174	13.6494
728.824707	98.168	13.9816
734.106079	98.164	14.3153
739.425720	98.160	14.6321
744.783936	98.157	14.9333
750.180908	98.153	15.2439
755.617065	98.150	15.5894
761.092529	98.148	15.9574
766.607727	98.148	16.3203
772.162903	98.152	16.6642
777.758301	98.158	17.0005
783.394287	98.164	17.3524
789.071045	98.171	17.7218
794.789001	98.179	18.0997
800.548340	98.186	18.4816
806.349487	98.194	18.8598
812.192627	98.202	19.2254
818.078125	98.212	19.5803
824.006226	98.223	19.9347
829.977295	98.235	20.2902
835.991699	98.248	20.6601
842.049622	98.262	21.0517
848.151428	98.275	21.4431
854.297485	98.288	21.8234
860.488098	98.303	22.2113
866.723572	98.319	22.6221
873.004211	98.338	23.0432
879.330322	98.358	23.4533
885.702332	98.378	23.8436
892.120483	98.399	24.2207
898.585144	98.421	24.5992
905.096680	98.445	24.9933
911.655396	98.469	25.4139
918.261597	98.494	25.8508
924.915710	98.519	26.2762
931.618042	98.543	26.6794
938.368896	98.567	27.0748
945.168762	98.591	27.4767
952.017822	98.613	27.8720
958.916504	98.632	28.2471
965.865234	98.651	28.6149
972.864319	98.674	28.9996
979.914062	98.706	29.4091
987.014954	98.747	29.8277
994.167236	98.797	30.2361
1001.371399	98.852	30.6267
1008.627747	98.908	31.0050
1015.936646	98.963	31.3751
1023.298584	99.018	31.7348
1030.713867	99.073	32.0839
1038.182739	99.127	32.4221
1045.705933	99.181	32.7520
1053.283447	99.235	33.0804
1060.916016	99.287	33.4068
1068.603882	99.338	33.7207
1076.347412	99.388	34.0244
1084.147095	99.437	34.3187
1092.003296	99.484	34.5958
1099.916382	99.532	34.8493
1107.886841	99.584	35.0886
1115.915039	99.639	35.3203
1124.001343	99.694	35.5356
1132.146362	99.745	35.7327
1140.350342	99.793	35.9297
1148.613770	99.838	36.1409
1156.937134	99.880	36.3576
1165.320801	99.924	36.5584
1173.765137	99.971	36.7290
1182.270752	100.021	36.8835
1190.838013	100.073	37.0380
1199.467285	100.124	37.1931
1208.159180	100.174	37.3424
1216.913940	100.223	37.4885
1225.732178	100.271	37.6368
1234.614380	100.321	37.7753
1243.560913	100.371	37.8922
1252.572266	100.423	37.9971
1261.648926	100.473	38.1010
1270.791382	100.524	38.2055
1280.000000	100.574	38.3056
1289.275391	100.621	38.4008
1298.618042	100.668	38.5007
1308.028320	100.716	38.6075
1317.506836	100.764	38.7135
1327.054077	100.812	38.8172
1336.670410	100.860	38.9270
1346.356567	100.910	39.0464
1356.112793	100.960	39.1626
1365.939697	101.011	39.2591
1375.837891	101.061	39.3311
1385.807739	101.111	39.3944
1395.849854	101.158	39.4639
1405.964844	101.205	39.5416
1416.152954	101.251	39.6232
1426.415039	101.297	39.7026
1436.751465	101.344	39.7733
1447.162720	101.389	39.8341
1457.649414	101.432	39.9027
1468.212158	101.474	39.9919
1478.851440	101.517	40.0875
1489.567871	101.564	40.1775
1500.361816	101.614	40.2580
1511.234131	101.667	40.3296
1522.185059	101.720	40.3943
1533.215454	101.771	40.4460
1544.325806	101.815	40.4786
1555.516602	101.857	40.4905
1566.788574	101.897	40.4854
1578.142090	101.934	40.4769
1589.578003	101.965	40.4870
1601.096680	101.991	40.5254
1612.698975	102.012	40.5902
1624.385254	102.030	40.6885
1636.156250	102.044	40.8254
1648.012451	102.056	41.0144
1659.954590	102.069	41.2704
1671.983398	102.086	41.5876
1684.099243	102.109	41.9343
1696.302856	102.139	42.2874
1708.594971	102.177	42.6432
1720.976196	102.222	42.9996
1733.447144	102.274	43.3449
1746.008423	102.330	43.6770
1758.660645	102.389	44.0028
1771.404663	102.452	44.3252
1784.240967	102.519	44.6441
1797.170288	102.589	44.9597
1810.193359	102.661	45.2630
1823.310791	102.734	45.5388
1836.523193	102.809	45.7819
1849.831421	102.885	46.0028
1863.236084	102.964	46.2216
1876.737793	103.044	46.4478
1890.337524	103.127	46.6734
1904.035645	103.210	46.8878
1917.833008	103.291	47.0910
1931.730469	103.372	47.2895
1945.728638	103.455	47.4888
1959.828125	103.540	47.6785
1974.029907	103.626	47.8469
1988.334473	103.711	47.9903
2002.742798	103.796	48.1084
2017.255493	103.885	48.2108
2031.873291	103.976	48.3082
2046.597168	104.072	48.4036
2061.427734	104.169	48.5056
2076.365479	104.267	48.6096
2091.411865	104.365	48.7028
2106.566895	104.462	48.7784
2121.832031	104.558	48.8367
2137.207764	104.654	48.8727
2152.694824	104.750	48.8846
2168.294189	104.850	48.8851
2184.006592	104.954	48.8890
2199.832764	105.059	48.8963
2215.773682	105.163	48.8942
2231.830078	105.265	48.8725
2248.002686	105.364	48.8257
2264.292725	105.463	48.7471
2280.700684	105.562	48.6425
2297.227539	105.664	48.5347
2313.874268	105.770	48.4331
2330.641602	105.877	48.3231
2347.530273	105.985	48.1872
2364.541504	106.094	48.0172
2381.676025	106.204	47.8154
2398.934570	106.313	47.6001
2416.318359	106.420	47.3778
2433.827881	106.525	47.1356
2451.464355	106.628	46.8674
2469.228760	106.729	46.5787
2487.121826	106.828	46.2677
2505.144531	106.926	45.9312
2523.297852	107.023	45.5778
2541.582764	107.120	45.2151
2560.000000	107.216	44.8409
2578.550781	107.311	44.4493
2597.236084	107.405	44.0388
2616.056641	107.497	43.6048
2635.013672	107.586	43.1469
2654.108154	107.673	42.6738
2673.340820	107.757	42.1917
2692.713135	107.838	41.7054
2712.225586	107.917	41.2209
2731.879395	107.997	40.7276
2751.675781	108.077	40.2089
2771.615479	108.154	39.6665
2791.699707	108.229	39.1130
2811.929688	108.305	38.5598
2832.305908	108.381	38.0026
2852.830078	108.453	37.4188
2873.502930	108.523	36.8019
2894.325439	108.591	36.1532
2915.298828	108.655	35.4644
2936.424316	108.715	34.7323
2957.702881	108.770	33.9693
2979.135742	108.818	33.1907
3000.723633	108.859	32.4109
3022.468262	108.895	31.6333
3044.370117	108.925	30.8549
3066.430908	108.949	30.0723
3088.651611	108.966	29.2908
3111.033203	108.977	28.5201
3133.577148	108.985	27.7647
3156.284180	108.993	27.0191
3179.156006	109.001	26.2706
3202.193359	109.007	25.5130
3225.397949	109.012	24.7551
3248.770508	109.014	24.0092
3272.312500	109.014	23.2895
3296.024902	109.011	22.5978
3319.909180	109.001	21.9260
3343.966797	108.985	21.2726
3368.198486	108.962	20.6417
3392.605713	108.934	20.0329
3417.189941	108.901	19.4456
3441.952393	108.861	18.8940
3466.894287	108.814	18.3816
3492.016846	108.761	17.8879
3517.321289	108.705	17.4035
3542.809326	108.649	16.9325
3568.481934	108.592	16.4750
3594.340576	108.536	16.0371
3620.386719	108.482	15.6284
3646.621582	108.431	15.2488
3673.046387	108.385	14.8929
3699.662842	108.341	14.5647
3726.472168	108.301	14.2670
3753.475586	108.266	13.9813
3780.675049	108.239	13.6870
3808.071289	108.217	13.3972
3835.666016	108.199	13.1286
3863.460938	108.183	12.8667
3891.457275	108.167	12.6047
3919.656250	108.152	12.3499
3948.059814	108.138	12.1033
3976.668945	108.120	11.8642
4005.485596	108.094	11.6342
4034.510986	108.055	11.4046
4063.746582	108.008	11.1539
4093.194336	107.955	10.8781
4122.855469	107.896	10.5974
4152.730957	107.835	10.3244
4182.823730	107.771	10.0602
4213.133789	107.704	9.8039
4243.664062	107.634	9.5459
4274.415527	107.560	9.2738
4305.389648	107.482	8.9797
4336.588379	107.402	8.6652
4368.013184	107.321	8.3503
4399.665527	107.237	8.0525
4431.547363	107.151	7.7698
4463.660156	107.058	7.4984
4496.005371	106.960	7.2498
4528.585449	106.855	7.0391
4561.401367	106.746	6.8763
4594.455078	106.633	6.7712
4627.748535	106.518	6.7365
4661.283203	106.403	6.7830
4695.060547	106.292	6.9215
4729.083008	106.185	7.1561
4763.352051	106.085	7.4714
4797.869141	105.995	7.8511
4832.636719	105.918	8.2903
4867.655762	105.858	8.7689
4902.928711	105.815	9.2528
4938.457520	105.787	9.7168
4974.243652	105.771	10.1472
5010.289062	105.768	10.5392
5046.595703	105.774	10.8832
5083.165527	105.787	11.1666
5120.000000	105.798	11.3840
5157.101562	105.805	11.5383
5194.472168	105.804	11.6423
5232.113281	105.795	11.7103
5270.027344	105.777	11.7595
5308.216309	105.749	11.8099
5346.681641	105.709	11.8783
5385.426270	105.658	11.9770
5424.451172	105.598	12.1113
5463.758789	105.532	12.2851
5503.351562	105.464	12.5077
5543.230957	105.394	12.7884
5583.399414	105.325	13.1293
5623.859375	105.259	13.5327
5664.611816	105.198	14.0222
5705.660156	105.145	14.6379
5747.005859	105.104	15.4255
5788.650879	105.086	16.3996
5830.597656	105.110	17.4657
5872.848633	105.179	18.4182
5915.405762	105.274	19.1029
5958.271484	105.366	19.5651
6001.447266	105.442	19.9556
6044.936523	105.505	20.3804
6088.740234	105.568	20.8604
6132.861816	105.643	21.3853
6177.303223	105.739	21.9412
6222.066406	105.862	22.4869
6267.154297	106.017	22.9422
6312.568359	106.199	23.2020
6358.312012	106.394	23.1788
6404.386719	106.584	22.8649
6450.795898	106.752	22.3431
6497.541016	106.895	21.7342
6544.625000	107.022	21.1351
6592.049805	107.145	20.5721
6639.818359	107.270	20.0052
6687.933594	107.402	19.3818
6736.396973	107.544	18.6691
6785.211426	107.696	17.8503
6834.379883	107.854	16.9073
6883.904785	108.014	15.8160
6933.788574	108.171	14.5522
6984.033691	108.324	13.0882
7034.642578	108.470	11.4053
7085.618652	108.604	9.5032
7136.963867	108.720	7.3887
7188.681152	108.814	5.0574
7240.773438	108.881	2.5012
7293.243164	108.916	-0.2754
7346.092773	108.914	-3.2687
7399.325684	108.868	-6.4709
7452.944336	108.767	-9.8566
7506.951172	108.605	-13.3809
7561.350098	108.377	-16.9806
7616.142578	108.080	-20.5765
7671.332031	107.710	-24.0938
7726.921875	107.269	-27.4623
7782.914551	106.757	-30.6040
7839.312500	106.181	-33.4471
7896.119629	105.548	-35.9268
7953.337891	104.869	-37.9874
8010.971191	104.156	-39.5809
8069.021973	103.420	-40.6687
8127.493164	102.675	-41.2331
8186.388672	101.937	-41.2783
8245.710938	101.221	-40.8301
8305.461914	100.540	-39.9410
8365.647461	99.904	-38.6801
8426.267578	99.319	-37.1310
8487.328125	98.791	-35.3918
8548.831055	98.318	-33.5659
8610.779297	97.898	-31.7384
8673.176758	97.521	-29.9698
8736.026367	97.180	-28.3083
8799.331055	96.864	-26.7931
8863.094727	96.562	-25.4401
8927.320312	96.263	-24.2307
8992.010742	95.959	-23.1372
9057.170898	95.642	-22.1208
9122.802734	95.308	-21.1325
9188.910156	94.954	-20.1087
9255.497070	94.575	-18.9794
9322.566406	94.169	-17.6726
9390.121094	93.739	-16.1201
9458.166016	93.294	-14.2607
9526.704102	92.846	-12.0348
9595.738281	92.408	-9.3740
9665.273438	91.994	-6.2355
9735.311523	91.627	-2.6390
9805.857422	91.328	1.3435
9876.915039	91.117	5.6055
9948.487305	91.007	10.0053
10020.578125	91.002	14.3600
10093.191406	91.098	18.4747
10166.331055	91.282	22.2017
10240.000000	91.532	25.4427
10314.203125	91.825	28.1478
10388.944336	92.142	30.3228
10464.226562	92.468	32.0138
10540.054688	92.791	33.2705
10616.432617	93.101	34.1402
10693.363281	93.392	34.6758
10770.852539	93.663	34.9261
10848.902344	93.914	34.9305
10927.517578	94.142	34.7308
11006.703125	94.347	34.3685
11086.461914	94.530	33.8770
11166.798828	94.695	33.2790
11247.718750	94.843	32.5903
11329.223633	94.977	31.8218
11411.320312	95.097	30.9884
11494.011719	95.203	30.0946
11577.301758	95.297	29.1411
11661.195312	95.384	28.1361
11745.697266	95.464	27.0841
11830.811523	95.540	25.9836
11916.542969	95.613	24.8274
12002.894531	95.682	23.5967
12089.873047	95.747	22.2681
12177.480469	95.807	20.8386
12265.723633	95.861	19.3142
12354.606445	95.909	17.6937
12444.132812	95.947	15.9657
12534.308594	95.975	14.1197
12625.136719	95.992	12.1585
12716.624023	95.995	10.0935
12808.773438	95.981	7.9327
12901.591797	95.946	5.6823
12995.082031	95.889	3.3542
13089.250000	95.807	0.9715
13184.099609	95.702	-1.4385
13279.636719	95.573	-3.8518
13375.867188	95.421	-6.2526
13472.793945	95.252	-8.6200
13570.422852	95.070	-10.9238
13668.759766	94.884	-13.1404
13767.809570	94.706	-15.2540
13867.577148	94.554	-17.2827
13968.067383	94.456	-19.2808
14069.285156	94.439	-21.3256
14171.237305	94.506	-23.5386
14273.927734	94.629	-26.0723
14377.362305	94.756	-29.0741
14481.546875	94.821	-32.5753
14586.486328	94.771	-36.3655
14692.185547	94.596	-40.0153
14798.651367	94.341	-43.1169
14905.888672	94.083	-45.5575
15013.902344	93.885	-47.5436
15122.700195	93.779	-49.4020
15232.285156	93.767	-51.4152
15342.664062	93.840	-53.7818
15453.843750	93.983	-56.6481
15565.829102	94.182	-60.1456
15678.625000	94.436	-64.4355
15792.239258	94.740	-69.7290
15906.675781	95.077	-76.2596
16021.942383	95.407	-84.2556
16138.043945	95.674	-93.8753
16254.986328	95.820	-105.1379
16372.777344	95.782	-117.8549
16491.421875	95.507	-131.6176
16610.923828	94.961	-145.8528
16731.294922	94.131	-159.9173
16852.535156	93.037	-173.2391
16974.656250	91.728	174.5527
17097.662109	90.265	163.5904
17221.558594	88.707	153.8140
17346.353516	87.102	145.0722
17472.052734	85.480	137.2032
17598.662109	83.851	130.0976
17726.189453	82.211	123.6905
17854.640625	80.551	117.9727
17984.021484	78.864	113.0653
18114.341797	77.155	109.2396
18245.605469	75.460	106.9741
18377.820312	73.890	106.6999
18510.994141	72.659	108.1119
18645.132812	72.000	109.7226
18780.242188	71.964	109.6010
18916.332031	72.382	106.5297
19053.408203	73.036	100.3023
19191.476562	73.757	91.2325
19330.546875	74.420	79.7069
19470.623047	74.924	66.2032
19611.714844	75.210	51.2266
19753.830078	75.275	35.4221
19896.974609	75.190	20.5239
