* Measurement data measured by REW V5.31
* Source: Frequency response averaged data
* Format: Averaged data produced from the rms magnitudes of L Buds+, L Buds+
* Dated: 29-Apr-2024 11:39:37
* REW Settings:
*  C-weighting compensation: Off
*  Target level: 75.0 dB
* Note: ; Averaged data produced from the rms magnitudes of L Buds+, L Buds+
* Measurement: Buds+ L1
* Smoothing: 1/24 octave
* Frequency Step: 1/96 octave
* Start Frequency: 20.000 Hz
*
* Freq(Hz)	SPL(dB)
20.000000	100.358
20.144928	100.433
20.290907	100.506
20.437943	100.576
20.586044	100.644
20.735220	100.709
20.885475	100.771
21.036821	100.829
21.189262	100.884
21.342808	100.936
21.497467	100.985
21.653246	101.033
21.810154	101.080
21.968201	101.130
22.127390	101.186
22.287735	101.247
22.449242	101.318
22.611917	101.399
22.775772	101.486
22.940815	101.582
23.107054	101.680
23.274498	101.779
23.443153	101.872
23.613033	101.957
23.784142	102.031
23.956491	102.089
24.130091	102.134
24.304947	102.165
24.481071	102.185
24.658470	102.200
24.837156	102.211
25.017136	102.229
25.198421	102.253
25.381020	102.291
25.564941	102.342
25.750195	102.406
25.936790	102.480
26.124741	102.558
26.314051	102.638
26.504732	102.711
26.696796	102.778
26.890253	102.833
27.085112	102.879
27.281382	102.917
27.479073	102.950
27.678198	102.985
27.878765	103.025
28.080786	103.074
28.284271	103.132
28.489231	103.201
28.695675	103.273
28.903616	103.347
29.113064	103.416
29.324028	103.478
29.536524	103.529
29.750557	103.575
29.966141	103.616
30.183289	103.662
30.402010	103.717
30.622314	103.788
30.844217	103.873
31.067726	103.971
31.292856	104.072
31.519617	104.167
31.748020	104.246
31.978081	104.299
32.209808	104.323
32.443211	104.316
32.678310	104.286
32.915108	104.238
33.153625	104.188
33.393871	104.145
33.635857	104.119
33.879597	104.114
34.125103	104.130
34.372387	104.163
34.621464	104.206
34.872345	104.253
35.125042	104.302
35.379574	104.348
35.635948	104.392
35.894180	104.435
36.154285	104.475
36.416275	104.514
36.680161	104.552
36.945961	104.588
37.213688	104.625
37.483353	104.664
37.754974	104.707
38.028561	104.754
38.304131	104.804
38.581699	104.853
38.861279	104.900
39.142883	104.942
39.426529	104.976
39.712231	105.003
40.000000	105.025
40.289856	105.040
40.581814	105.051
40.875885	105.057
41.172089	105.057
41.470440	105.054
41.770950	105.049
42.073643	105.044
42.378525	105.043
42.685616	105.044
42.994934	105.048
43.306492	105.054
43.620308	105.058
43.936401	105.062
44.254780	105.066
44.575470	105.074
44.898483	105.089
45.223835	105.113
45.551544	105.146
45.881630	105.188
46.214108	105.235
46.548996	105.281
46.886307	105.321
47.226067	105.349
47.568283	105.362
47.912983	105.360
48.260181	105.346
48.609894	105.328
48.962143	105.312
49.316940	105.302
49.674313	105.300
50.034271	105.304
50.396843	105.311
50.762039	105.316
51.129883	105.319
51.500389	105.318
51.873581	105.315
52.249481	105.311
52.628101	105.308
53.009464	105.308
53.393593	105.310
53.780506	105.314
54.170223	105.316
54.562763	105.314
54.958145	105.308
55.356396	105.299
55.757530	105.290
56.161572	105.285
56.568542	105.282
56.978462	105.280
57.391350	105.277
57.807232	105.270
58.226128	105.260
58.648056	105.247
59.073048	105.235
59.501114	105.223
59.932281	105.215
60.366577	105.209
60.804020	105.204
61.244629	105.198
61.688435	105.189
62.135452	105.175
62.585712	105.153
63.039234	105.125
63.496040	105.096
63.956161	105.069
64.419617	105.050
64.886421	105.039
65.356621	105.035
65.830215	105.032
66.307251	105.025
66.787743	105.014
67.271713	104.998
67.759193	104.980
68.250206	104.960
68.744774	104.936
69.242928	104.907
69.744690	104.876
70.250084	104.848
70.759148	104.826
71.271896	104.809
71.788361	104.797
72.308571	104.792
72.832550	104.793
73.360321	104.797
73.891922	104.796
74.427376	104.783
74.966705	104.760
75.509949	104.736
76.057121	104.716
76.608261	104.697
77.163399	104.675
77.722557	104.647
78.285767	104.616
78.853058	104.585
79.424461	104.554
80.000000	104.521
80.579712	104.486
81.163628	104.449
81.751770	104.413
82.344177	104.380
82.940880	104.354
83.541901	104.340
84.147285	104.337
84.757050	104.341
85.371231	104.337
85.989868	104.318
86.612984	104.280
87.240616	104.231
87.872803	104.190
88.509560	104.200
89.150940	104.290
89.796967	104.416
90.447670	104.476
91.103088	104.405
91.763260	104.229
92.428215	104.024
93.097992	103.848
93.772614	103.715
94.452133	103.621
95.136566	103.558
95.825966	103.517
96.520363	103.486
97.219788	103.459
97.924286	103.430
98.633881	103.396
99.348625	103.355
100.068542	103.309
100.793686	103.257
101.524078	103.198
102.259766	103.135
103.000778	103.073
103.747162	103.015
104.498962	102.963
105.256203	102.914
106.018929	102.866
106.787186	102.816
107.561012	102.765
108.340446	102.712
109.125526	102.657
109.916290	102.600
110.712791	102.542
111.515060	102.482
112.323143	102.423
113.137085	102.365
113.956924	102.309
114.782700	102.254
115.614464	102.198
116.452255	102.142
117.296112	102.083
118.146095	102.023
119.002228	101.961
119.864563	101.899
120.733154	101.834
121.608040	101.768
122.489258	101.704
123.376869	101.644
124.270905	101.591
125.171425	101.544
126.078468	101.501
126.992081	101.460
127.912323	101.420
128.839233	101.384
129.772842	101.356
130.713242	101.339
131.660431	101.328
132.614502	101.319
133.575485	101.307
134.543427	101.294
135.518387	101.279
136.500412	101.268
137.489548	101.262
138.485855	101.262
139.489380	101.265
140.500168	101.268
141.518295	101.262
142.543793	101.238
143.576721	101.197
144.617142	101.148
145.665100	101.099
146.720642	101.049
147.783844	101.000
148.854752	100.950
149.933411	100.902
151.019897	100.857
152.114243	100.812
153.216522	100.767
154.326797	100.723
155.445114	100.679
156.571533	100.637
157.706116	100.599
158.848923	100.565
160.000000	100.531
161.159424	100.497
162.327255	100.461
163.503540	100.424
164.688354	100.385
165.881760	100.344
167.083801	100.301
168.294571	100.256
169.514099	100.208
170.742462	100.156
171.979736	100.100
173.225967	100.041
174.481232	99.985
175.745605	99.935
177.019119	99.891
178.301880	99.852
179.593933	99.817
180.895340	99.787
182.206177	99.761
183.526520	99.738
184.856430	99.716
186.195984	99.696
187.545227	99.676
188.904266	99.656
190.273132	99.635
191.651932	99.613
193.040726	99.589
194.439575	99.565
195.848572	99.539
197.267761	99.513
198.697250	99.488
200.137085	99.463
201.587372	99.438
203.048157	99.413
204.519531	99.390
206.001556	99.368
207.494324	99.345
208.997925	99.322
210.512405	99.298
212.037857	99.275
213.574371	99.252
215.122025	99.232
216.680893	99.212
218.251053	99.193
219.832581	99.173
221.425583	99.152
223.030121	99.130
224.646286	99.107
226.274170	99.082
227.913849	99.058
229.565399	99.034
231.228928	99.012
232.904510	98.991
234.592224	98.971
236.292191	98.951
238.004456	98.929
239.729126	98.906
241.466309	98.882
243.216080	98.858
244.978516	98.835
246.753738	98.813
248.541809	98.790
250.342850	98.768
252.156937	98.745
253.984161	98.723
255.824646	98.703
257.678467	98.685
259.545685	98.671
261.426483	98.661
263.320862	98.657
265.229004	98.661
267.150970	98.674
269.086853	98.698
271.036774	98.735
273.000824	98.782
274.979095	98.839
276.971710	98.900
278.978760	98.961
281.000336	99.017
283.036591	99.065
285.087585	99.101
287.153442	99.125
289.234283	99.139
291.330200	99.145
293.441284	99.145
295.567688	99.141
297.709503	99.132
299.866821	99.119
302.039795	99.102
304.228485	99.082
306.433044	99.059
308.653595	99.035
310.890228	99.012
313.143066	98.992
315.412231	98.973
317.697845	98.954
320.000000	98.935
322.318848	98.915
324.654510	98.897
327.007080	98.880
329.376709	98.863
331.763519	98.847
334.167603	98.832
336.589142	98.817
339.028198	98.803
341.484924	98.789
343.959473	98.774
346.451935	98.759
348.962463	98.743
351.491211	98.727
354.038239	98.711
356.603760	98.696
359.187866	98.682
361.790680	98.669
364.412354	98.655
367.053040	98.640
369.712860	98.624
372.391968	98.606
375.090454	98.588
377.808533	98.570
380.546265	98.553
383.303864	98.535
386.081451	98.518
388.879150	98.502
391.697144	98.487
394.535522	98.473
397.394501	98.460
400.274170	98.446
403.174744	98.431
406.096313	98.417
409.039062	98.404
412.003113	98.391
414.988647	98.377
417.995850	98.363
421.024811	98.349
424.075714	98.334
427.148743	98.321
430.244049	98.309
433.361786	98.296
436.502106	98.283
439.665161	98.269
442.851166	98.255
446.060242	98.240
449.292572	98.224
452.548340	98.207
455.827698	98.191
459.130798	98.174
462.457855	98.159
465.809021	98.148
469.184448	98.139
472.584381	98.131
476.008911	98.121
479.458252	98.109
482.932617	98.095
486.432159	98.082
489.957031	98.070
493.507477	98.059
497.083618	98.048
500.685699	98.036
504.313873	98.024
507.968323	98.012
511.649292	97.998
515.356934	97.983
519.091370	97.967
522.852966	97.951
526.641724	97.938
530.458008	97.925
534.301941	97.914
538.173706	97.904
542.073547	97.894
546.001648	97.883
549.958191	97.871
553.943420	97.859
557.957520	97.848
562.000671	97.837
566.073181	97.826
570.175171	97.815
574.306885	97.804
578.468567	97.793
582.660400	97.782
586.882568	97.773
591.135376	97.763
595.419006	97.755
599.733643	97.746
604.079590	97.738
608.456970	97.729
612.866089	97.719
617.307190	97.708
621.780457	97.698
626.286133	97.689
630.824463	97.681
635.395691	97.672
640.000000	97.662
644.637695	97.651
649.309021	97.639
654.014160	97.629
658.753418	97.622
663.527039	97.616
668.335205	97.609
673.178284	97.600
678.056396	97.590
682.969849	97.579
687.918945	97.569
692.903870	97.564
697.924927	97.562
702.982422	97.562
708.076477	97.562
713.207520	97.559
718.375732	97.554
723.581360	97.549
728.824707	97.548
734.106079	97.548
739.425720	97.549
744.783936	97.550
750.180908	97.551
755.617065	97.552
761.092529	97.553
766.607727	97.556
772.162903	97.559
777.758301	97.562
783.394287	97.565
789.071045	97.568
794.789001	97.571
800.548340	97.574
806.349487	97.580
812.192627	97.587
818.078125	97.595
824.006226	97.604
829.977295	97.614
835.991699	97.626
842.049622	97.638
848.151428	97.651
854.297485	97.664
860.488098	97.679
866.723572	97.695
873.004211	97.715
879.330322	97.735
885.702332	97.755
892.120483	97.775
898.585144	97.794
905.096680	97.813
911.655396	97.832
918.261597	97.855
924.915710	97.880
931.618042	97.906
938.368896	97.931
945.168762	97.951
952.017822	97.965
958.916504	97.977
965.865234	97.991
972.864319	98.012
979.914062	98.043
987.014954	98.083
994.167236	98.130
1001.371399	98.180
1008.627747	98.231
1015.936646	98.280
1023.298584	98.329
1030.713867	98.376
1038.182739	98.424
1045.705933	98.471
1053.283447	98.519
1060.916016	98.564
1068.603882	98.607
1076.347412	98.649
1084.147095	98.692
1092.003296	98.736
1099.916382	98.780
1107.886841	98.823
1115.915039	98.866
1124.001343	98.909
1132.146362	98.951
1140.350342	98.993
1148.613770	99.036
1156.937134	99.080
1165.320801	99.123
1173.765137	99.166
1182.270752	99.209
1190.838013	99.250
1199.467285	99.289
1208.159180	99.328
1216.913940	99.367
1225.732178	99.407
1234.614380	99.448
1243.560913	99.488
1252.572266	99.528
1261.648926	99.567
1270.791382	99.606
1280.000000	99.645
1289.275391	99.686
1298.618042	99.728
1308.028320	99.771
1317.506836	99.814
1327.054077	99.856
1336.670410	99.896
1346.356567	99.936
1356.112793	99.976
1365.939697	100.016
1375.837891	100.057
1385.807739	100.098
1395.849854	100.140
1405.964844	100.182
1416.152954	100.224
1426.415039	100.265
1436.751465	100.303
1447.162720	100.341
1457.649414	100.382
1468.212158	100.429
1478.851440	100.482
1489.567871	100.540
1500.361816	100.599
1511.234131	100.658
1522.185059	100.714
1533.215454	100.766
1544.325806	100.816
1555.516602	100.865
1566.788574	100.912
1578.142090	100.954
1589.578003	100.990
1601.096680	101.017
1612.698975	101.036
1624.385254	101.047
1636.156250	101.055
1648.012451	101.063
1659.954590	101.074
1671.983398	101.088
1684.099243	101.108
1696.302856	101.133
1708.594971	101.166
1720.976196	101.206
1733.447144	101.253
1746.008423	101.306
1758.660645	101.363
1771.404663	101.424
1784.240967	101.490
1797.170288	101.562
1810.193359	101.640
1823.310791	101.722
1836.523193	101.809
1849.831421	101.898
1863.236084	101.989
1876.737793	102.081
1890.337524	102.174
1904.035645	102.269
1917.833008	102.365
1931.730469	102.462
1945.728638	102.559
1959.828125	102.657
1974.029907	102.753
1988.334473	102.849
2002.742798	102.945
2017.255493	103.039
2031.873291	103.132
2046.597168	103.224
2061.427734	103.318
2076.365479	103.417
2091.411865	103.518
2106.566895	103.622
2121.832031	103.727
2137.207764	103.835
2152.694824	103.947
2168.294189	104.065
2184.006592	104.188
2199.832764	104.314
2215.773682	104.444
2231.830078	104.577
2248.002686	104.715
2264.292725	104.858
2280.700684	105.006
2297.227539	105.157
2313.874268	105.313
2330.641602	105.470
2347.530273	105.629
2364.541504	105.790
2381.676025	105.951
2398.934570	106.108
2416.318359	106.261
2433.827881	106.406
2451.464355	106.545
2469.228760	106.678
2487.121826	106.806
2505.144531	106.930
2523.297852	107.048
2541.582764	107.162
2560.000000	107.273
2578.550781	107.380
2597.236084	107.484
2616.056641	107.587
2635.013672	107.686
2654.108154	107.782
2673.340820	107.876
2692.713135	107.967
2712.225586	108.055
2731.879395	108.141
2751.675781	108.225
2771.615479	108.305
2791.699707	108.382
2811.929688	108.460
2832.305908	108.536
2852.830078	108.609
2873.502930	108.677
2894.325439	108.738
2915.298828	108.793
2936.424316	108.844
2957.702881	108.891
2979.135742	108.933
3000.723633	108.968
3022.468262	108.994
3044.370117	109.011
3066.430908	109.021
3088.651611	109.026
3111.033203	109.027
3133.577148	109.024
3156.284180	109.016
3179.156006	109.005
3202.193359	108.991
3225.397949	108.975
3248.770508	108.959
3272.312500	108.941
3296.024902	108.921
3319.909180	108.898
3343.966797	108.872
3368.198486	108.844
3392.605713	108.811
3417.189941	108.774
3441.952393	108.730
3466.894287	108.678
3492.016846	108.621
3517.321289	108.563
3542.809326	108.505
3568.481934	108.449
3594.340576	108.393
3620.386719	108.340
3646.621582	108.289
3673.046387	108.243
3699.662842	108.202
3726.472168	108.165
3753.475586	108.132
3780.675049	108.105
3808.071289	108.084
3835.666016	108.066
3863.460938	108.051
3891.457275	108.038
3919.656250	108.025
3948.059814	108.010
3976.668945	107.989
4005.485596	107.960
4034.510986	107.922
4063.746582	107.879
4093.194336	107.831
4122.855469	107.782
4152.730957	107.728
4182.823730	107.670
4213.133789	107.607
4243.664062	107.542
4274.415527	107.475
4305.389648	107.407
4336.588379	107.336
4368.013184	107.261
4399.665527	107.183
4431.547363	107.101
4463.660156	107.014
4496.005371	106.923
4528.585449	106.827
4561.401367	106.728
4594.455078	106.626
4627.748535	106.523
4661.283203	106.420
4695.060547	106.320
4729.083008	106.225
4763.352051	106.139
4797.869141	106.066
4832.636719	106.007
4867.655762	105.965
4902.928711	105.940
4938.457520	105.932
4974.243652	105.939
5010.289062	105.957
5046.595703	105.985
5083.165527	106.019
5120.000000	106.054
5157.101562	106.089
5194.472168	106.119
5232.113281	106.145
5270.027344	106.165
5308.216309	106.181
5346.681641	106.191
5385.426270	106.194
5424.451172	106.192
5463.758789	106.187
5503.351562	106.183
5543.230957	106.180
5583.399414	106.180
5623.859375	106.185
5664.611816	106.195
5705.660156	106.210
5747.005859	106.237
5788.650879	106.288
5830.597656	106.379
5872.848633	106.513
5915.405762	106.669
5958.271484	106.825
6001.447266	106.968
6044.936523	107.099
6088.740234	107.231
6132.861816	107.375
6177.303223	107.541
6222.066406	107.737
6267.154297	107.967
6312.568359	108.227
6358.312012	108.505
6404.386719	108.782
6450.795898	109.043
6497.541016	109.284
6544.625000	109.511
6592.049805	109.729
6639.818359	109.946
6687.933594	110.162
6736.396973	110.376
6785.211426	110.583
6834.379883	110.776
6883.904785	110.948
6933.788574	111.088
6984.033691	111.187
7034.642578	111.231
7085.618652	111.211
7136.963867	111.118
7188.681152	110.949
7240.773438	110.701
7293.243164	110.373
7346.092773	109.966
7399.325684	109.482
7452.944336	108.926
7506.951172	108.305
7561.350098	107.625
7616.142578	106.894
7671.332031	106.121
7726.921875	105.313
7782.914551	104.479
7839.312500	103.628
7896.119629	102.767
7953.337891	101.905
8010.971191	101.050
8069.021973	100.210
8127.493164	99.393
8186.388672	98.610
8245.710938	97.871
8305.461914	97.185
8365.647461	96.558
8426.267578	95.993
8487.328125	95.491
8548.831055	95.049
8610.779297	94.661
8673.176758	94.319
8736.026367	94.013
8799.331055	93.732
8863.094727	93.465
8927.320312	93.203
8992.010742	92.936
9057.170898	92.656
9122.802734	92.356
9188.910156	92.033
9255.497070	91.685
9322.566406	91.313
9390.121094	90.919
9458.166016	90.513
9526.704102	90.106
9595.738281	89.715
9665.273438	89.355
9735.311523	89.045
9805.857422	88.808
9876.915039	88.662
9948.487305	88.620
10020.578125	88.686
10093.191406	88.853
10166.331055	89.108
10240.000000	89.430
10314.203125	89.796
10388.944336	90.188
10464.226562	90.588
10540.054688	90.984
10616.432617	91.368
10693.363281	91.733
10770.852539	92.076
10848.902344	92.398
10927.517578	92.697
11006.703125	92.974
11086.461914	93.231
11166.798828	93.467
11247.718750	93.685
11329.223633	93.886
11411.320312	94.072
11494.011719	94.246
11577.301758	94.411
11661.195312	94.568
11745.697266	94.720
11830.811523	94.867
11916.542969	95.011
12002.894531	95.152
12089.873047	95.291
12177.480469	95.425
12265.723633	95.554
12354.606445	95.677
12444.132812	95.792
12534.308594	95.897
12625.136719	95.990
12716.624023	96.066
12808.773438	96.125
12901.591797	96.166
12995.082031	96.187
13089.250000	96.188
13184.099609	96.170
13279.636719	96.136
13375.867188	96.090
13472.793945	96.035
13570.422852	95.981
13668.759766	95.935
13767.809570	95.914
13867.577148	95.943
13968.067383	96.055
14069.285156	96.275
14171.237305	96.601
14273.927734	97.002
14377.362305	97.424
14481.546875	97.806
14586.486328	98.103
14692.185547	98.323
14798.651367	98.522
14905.888672	98.769
15013.902344	99.099
15122.700195	99.483
15232.285156	99.844
15342.664062	100.078
15453.843750	100.085
15565.829102	99.785
15678.625000	99.141
15792.239258	98.157
15906.675781	96.874
16021.942383	95.354
16138.043945	93.668
16254.986328	91.890
16372.777344	90.096
16491.421875	88.365
16610.923828	86.762
16731.294922	85.317
16852.535156	84.013
16974.656250	82.809
17097.662109	81.663
17221.558594	80.546
17346.353516	79.433
17472.052734	78.304
17598.662109	77.145
17726.189453	75.943
17854.640625	74.686
17984.021484	73.370
18114.341797	72.010
18245.605469	70.666
18377.820312	69.462
18510.994141	68.607
18645.132812	68.305
18780.242188	68.588
18916.332031	69.289
19053.408203	70.185
19191.476562	71.108
19330.546875	71.945
19470.623047	72.611
19611.714844	73.036
19753.830078	73.188
19896.974609	73.131
