* Measurement data measured by REW V5.31
* Source: Headset (USB-C to 3.5mm Headphone Jack Adapter), MICROPHONE (Master Volume), L, volume: 0.250. Timing signal peak level -45.2 dBFS, measurement signal peak level -47.5 dBFS
* Format: 1M Log Swept Sine, 1 sweep at 0.0 dBFS using an acoustic timing reference
* Dated: 10-Apr-2024 16:41:59
* REW Settings:
*  C-weighting compensation: Off
*  Target level: 75.0 dB
* Note: ; Delay 22.1296 ms (7.590 m, 24 ft 10.8 in) using IR start time relative to Acoustic reference played from HEADPHONE R with no timing offset
* Measurement: Buds2 R3
* Smoothing: 1/12 octave
* Frequency Step: 1/48 octave
* Start Frequency: 20.000 Hz
*
* Freq(Hz)	SPL(dB)	Phase(degrees)
20.000000	70.097	-164.6071
20.299999	69.406	-163.2208
20.600000	69.191	-159.0756
20.900000	69.524	-155.3882
21.200001	70.109	-154.2719
21.400000	70.478	-154.8894
21.799999	70.968	-157.7742
22.000000	71.089	-159.3496
22.400000	71.207	-161.7817
22.700001	71.312	-162.9588
23.000000	71.490	-164.0885
23.299999	71.711	-165.6945
23.600000	71.904	-167.9801
24.000000	72.006	-171.7171
24.299999	71.941	-174.4925
24.700001	71.725	-177.4040
25.000000	71.547	-178.7892
25.400000	71.404	-179.8953
25.799999	71.408	179.0034
26.200001	71.495	177.1944
26.500000	71.552	175.3159
26.900000	71.570	172.4088
27.200001	71.538	170.1774
27.600000	71.461	167.3800
28.000000	71.388	164.8230
28.500000	71.344	161.7220
29.000000	71.337	158.4185
29.500000	71.323	154.8952
30.000000	71.283	151.4185
30.400000	71.247	148.8475
30.700001	71.231	147.0665
31.100000	71.238	144.8223
31.500000	71.282	142.5956
32.000000	71.370	139.6460
32.500000	71.452	136.4822
33.000000	71.500	133.2991
33.500000	71.523	130.3391
34.000000	71.553	127.6452
34.500000	71.606	125.0284
35.000000	71.664	122.3115
35.500000	71.699	119.5419
36.000000	71.713	116.8869
36.500000	71.728	114.3737
37.000000	71.756	111.8424
37.500000	71.778	109.1799
38.200001	71.762	105.4648
38.700001	71.743	103.0332
39.500000	71.770	99.1999
40.000000	71.803	96.4943
40.599998	71.801	93.0084
41.200001	71.751	89.6986
41.799999	71.710	86.7662
42.500000	71.729	83.3904
43.099998	71.768	80.1091
43.700001	71.769	76.5428
44.400002	71.704	72.5375
45.000000	71.634	69.5102
45.500000	71.597	67.2023
46.200001	71.589	63.9904
46.799999	71.605	61.0593
47.500000	71.620	57.3576
48.200001	71.600	53.4512
48.700001	71.554	50.6950
49.400002	71.469	47.1139
50.000000	71.410	44.3127
50.799999	71.381	40.6023
51.500000	71.378	37.1350
52.200001	71.369	33.5646
53.000000	71.362	29.5431
53.799999	71.377	25.4713
54.500000	71.389	21.7628
55.200001	71.385	18.0398
56.000000	71.371	13.9277
57.000000	71.366	8.8396
58.000000	71.346	3.5294
59.000000	71.269	-1.8527
60.000000	71.141	-7.0229
60.799999	71.024	-10.8987
61.500000	70.933	-14.1252
62.200001	70.865	-17.3400
63.000000	70.808	-21.1499
64.000000	70.750	-26.0796
65.000000	70.713	-31.1399
66.000000	70.685	-36.4275
67.000000	70.644	-41.7971
68.000000	70.592	-47.0787
69.000000	70.536	-52.2355
70.000000	70.478	-57.2670
71.000000	70.421	-62.1665
72.000000	70.373	-66.9843
73.000000	70.336	-71.8812
74.000000	70.292	-76.9113
75.000000	70.233	-81.9634
76.199997	70.157	-87.9363
77.500000	70.084	-94.3848
78.800003	70.013	-100.8988
80.000000	69.941	-106.9577
81.199997	69.859	-113.0398
82.500000	69.758	-119.6073
83.800003	69.653	-126.1570
85.000000	69.560	-132.2430
86.199997	69.467	-138.4122
87.500000	69.362	-145.1165
88.500000	69.280	-150.2296
90.000000	69.169	-157.7747
91.199997	69.094	-163.7841
92.500000	69.017	-170.3659
93.800003	68.936	-176.9516
95.000000	68.861	176.9608
96.199997	68.784	170.8203
97.500000	68.694	164.1718
98.800003	68.606	157.5682
100.000000	68.529	151.4709
101.500000	68.435	143.8184
103.000000	68.338	136.1313
104.400002	68.240	128.9208
106.000000	68.116	120.7293
107.500000	68.005	113.1420
109.000000	67.911	105.5247
110.599998	67.822	97.2913
112.000000	67.743	90.0369
113.800003	67.635	80.7824
115.000000	67.562	74.6931
117.199997	67.435	63.6190
118.000000	67.391	59.5701
120.599998	67.244	46.2347
122.000000	67.162	38.9598
124.099998	67.035	27.9290
125.000000	66.979	23.1743
126.500000	66.883	15.2527
128.000000	66.784	7.3934
131.500000	66.568	-10.6973
132.000000	66.539	-13.2827
134.000000	66.419	-23.6603
136.000000	66.299	-34.0962
138.000000	66.186	-44.6030
140.000000	66.086	-55.1340
143.000000	65.958	-70.8595
145.000000	65.879	-81.2953
147.500000	65.778	-94.3814
150.000000	65.672	-107.5865
152.500000	65.562	-120.8732
155.000000	65.456	-134.1544
157.500000	65.356	-147.4341
160.000000	65.261	-160.7336
162.500000	65.169	-174.0603
165.000000	65.076	172.5730
167.500000	64.982	159.1312
170.000000	64.887	145.6082
172.500000	64.796	132.0388
175.000000	64.712	118.4714
177.500000	64.636	104.9388
180.000000	64.567	91.4016
182.500000	64.500	77.8040
185.000000	64.430	64.1357
187.500000	64.358	50.3813
190.000000	64.286	36.5845
192.500000	64.220	22.8093
195.000000	64.161	9.0894
197.500000	64.112	-4.6241
200.000000	64.071	-18.4309
203.000000	64.023	-35.1615
206.000000	63.973	-51.9534
209.000000	63.922	-68.7496
212.000000	63.869	-85.5967
214.000000	63.835	-96.8694
218.000000	63.780	-119.5713
220.000000	63.760	-131.0177
224.000000	63.729	-154.0032
227.000000	63.706	-171.2561
230.000000	63.680	171.4482
233.000000	63.652	154.1053
236.000000	63.625	136.7417
240.000000	63.588	113.5693
243.000000	63.556	96.1201
247.000000	63.514	72.7531
250.000000	63.485	55.1862
254.000000	63.457	31.6947
258.000000	63.438	8.1056
262.000000	63.423	-15.5463
265.000000	63.411	-33.3440
269.000000	63.392	-57.1428
272.000000	63.380	-75.0286
276.000000	63.369	-98.9827
280.000000	63.366	-123.0769
285.000000	63.375	-153.2745
290.000000	63.389	176.4149
295.000000	63.398	145.8922
300.000000	63.391	115.2499
304.000000	63.380	90.7372
307.000000	63.375	72.3330
311.000000	63.370	47.7642
315.000000	63.369	23.0942
320.000000	63.371	-8.0127
325.000000	63.368	-39.2754
330.000000	63.361	-70.4648
335.000000	63.369	-101.6348
340.000000	63.388	-132.8987
345.000000	63.408	-164.2874
350.000000	63.430	164.1072
355.000000	63.451	132.2512
360.000000	63.467	100.2393
365.000000	63.478	68.1462
370.000000	63.486	35.9778
375.000000	63.493	3.7256
382.000000	63.493	-41.5654
387.000000	63.488	-74.0034
395.000000	63.482	-125.9905
400.000000	63.481	-158.5530
406.000000	63.480	162.2778
412.000000	63.480	123.0042
418.000000	63.477	83.6204
425.000000	63.469	37.4832
431.000000	63.458	-2.2134
437.000000	63.448	-41.9563
444.000000	63.440	-88.4141
450.000000	63.432	-128.3232
455.000000	63.425	-161.6514
462.000000	63.417	151.5447
468.000000	63.414	111.2986
475.000000	63.411	64.2124
482.000000	63.403	16.9734
487.000000	63.396	-16.8276
494.000000	63.389	-64.1975
500.000000	63.389	-104.9302
508.000000	63.387	-159.5061
515.000000	63.381	152.6184
522.000000	63.371	104.7480
530.000000	63.360	49.9888
538.000000	63.350	-4.9629
545.000000	63.340	-53.2068
552.000000	63.328	-101.5635
560.000000	63.314	-156.9016
570.000000	63.303	133.7390
580.000000	63.298	64.0388
590.000000	63.288	-5.8770
600.000000	63.274	-75.8872
608.000000	63.265	-132.0244
615.000000	63.259	178.7068
622.000000	63.255	129.3257
630.000000	63.254	72.7947
640.000000	63.252	1.9526
650.000000	63.247	-69.0889
660.000000	63.244	-140.1611
670.000000	63.244	148.6445
680.000000	63.243	77.0874
690.000000	63.235	5.3242
700.000000	63.226	-66.5503
710.000000	63.223	-138.6021
720.000000	63.225	149.1855
730.000000	63.231	76.9102
740.000000	63.242	4.5713
750.000000	63.255	-68.0181
762.000000	63.268	-155.5464
775.000000	63.282	109.4443
788.000000	63.307	14.2788
800.000000	63.337	-73.8281
812.000000	63.366	-162.1138
825.000000	63.395	102.0874
838.000000	63.429	5.9893
850.000000	63.464	-83.0020
862.000000	63.503	-172.1602
875.000000	63.551	91.0166
885.000000	63.593	16.3979
900.000000	63.663	-95.7534
912.000000	63.726	174.2905
925.000000	63.801	76.5347
938.000000	63.879	-21.5996
950.000000	63.951	-112.4331
962.000000	64.023	156.5464
975.000000	64.101	57.7651
988.000000	64.180	-41.1484
1000.000000	64.259	-132.5449
1015.000000	64.368	112.9814
1030.000000	64.484	-1.8745
1044.000000	64.595	-109.4810
1060.000000	64.720	126.9761
1075.000000	64.831	10.6113
1090.000000	64.933	-106.1162
1106.000000	65.028	129.1362
1120.000000	65.100	19.7261
1138.000000	65.171	-121.5020
1150.000000	65.203	144.1328
1172.000000	65.242	-28.6416
1180.000000	65.257	-91.3428
1206.000000	65.334	65.1602
1220.000000	65.402	-44.5654
1241.000000	65.533	149.9912
1250.000000	65.595	78.7754
1265.000000	65.702	-40.2012
1280.000000	65.812	-159.4951
1315.000000	66.072	-78.9043
1320.000000	66.108	-118.9316
1340.000000	66.247	80.6348
1360.000000	66.377	-80.2646
1380.000000	66.497	118.4580
1400.000000	66.610	-43.1494
1430.000000	66.770	73.8340
1450.000000	66.869	-88.6064
1475.000000	66.988	67.9043
1500.000000	67.106	-136.0781
1525.000000	67.226	19.3408
1550.000000	67.343	174.3281
1575.000000	67.459	-31.1328
1600.000000	67.571	122.7217
1625.000000	67.676	-83.9043
1650.000000	67.783	69.1523
1675.000000	67.893	-138.2148
1700.000000	68.006	13.9150
1725.000000	68.117	165.4707
1750.000000	68.222	-43.4326
1775.000000	68.325	107.3926
1800.000000	68.428	-102.1133
1825.000000	68.533	47.8525
1850.000000	68.638	-162.7314
1875.000000	68.744	-13.7402
1900.000000	68.849	134.9189
1925.000000	68.957	-76.7686
1950.000000	69.065	70.9941
1975.000000	69.170	-141.8066
2000.000000	69.270	5.0156
2030.000000	69.389	108.9004
2060.000000	69.509	-147.6514
2090.000000	69.631	-44.8740
2120.000000	69.751	57.1777
2140.000000	69.829	-115.0889
2180.000000	69.981	-100.1367
2200.000000	70.056	87.0215
2240.000000	70.207	100.4844
2270.000000	70.317	-160.0527
2300.000000	70.426	-61.0488
2330.000000	70.534	37.4922
2360.000000	70.639	135.5117
2400.000000	70.777	145.4395
2430.000000	70.878	-117.7246
2470.000000	71.004	-109.5234
2500.000000	71.093	-13.9688
2540.000000	71.201	-7.2773
2580.000000	71.298	-1.3379
2620.000000	71.381	3.7266
2650.000000	71.433	96.9102
2690.000000	71.485	100.4375
2720.000000	71.511	173.5859
2760.000000	71.527	-2.6348
2800.000000	71.524	-3.6250
2850.000000	71.497	69.9590
2900.000000	71.442	127.1094
2950.000000	71.359	168.3066
3000.000000	71.248	-165.5977
3040.000000	71.147	132.9180
3070.000000	71.069	-9.1406
3110.000000	70.963	-86.3281
3150.000000	70.862	-172.1719
3200.000000	70.747	158.7285
3250.000000	70.651	116.9043
3300.000000	70.577	62.2637
3350.000000	70.514	-5.4102
3400.000000	70.444	-85.7891
3450.000000	70.354	-178.1523
3500.000000	70.237	78.2100
3550.000000	70.094	-36.2334
3600.000000	69.931	-161.1738
3650.000000	69.756	63.8145
3700.000000	69.576	-81.0518
3750.000000	69.399	124.4258
3820.000000	69.163	36.2324
3870.000000	69.007	-140.7305
3950.000000	68.781	133.4707
4000.000000	68.658	-66.5850
4060.000000	68.526	114.2168
4120.000000	68.409	-76.9229
4180.000000	68.306	80.1484
4250.000000	68.201	-110.9707
4310.000000	68.120	21.9434
4370.000000	68.044	144.1719
4440.000000	67.963	-86.3516
4500.000000	67.901	13.7217
4550.000000	67.852	89.6055
4620.000000	67.788	-175.4404
4680.000000	67.736	-104.2842
4750.000000	67.678	-32.7227
4820.000000	67.624	26.7461
4870.000000	67.586	61.9590
4940.000000	67.533	101.4688
5000.000000	67.490	126.5645
5080.000000	67.440	147.6836
5150.000000	67.406	154.7793
5220.000000	67.384	151.6191
5300.000000	67.379	135.9756
5380.000000	67.406	107.9072
5450.000000	67.464	73.3770
5520.000000	67.561	29.7324
5600.000000	67.725	-31.1621
5700.000000	68.016	-123.8330
5800.000000	68.384	125.2031
5900.000000	68.798	-3.6797
6000.000000	69.226	-149.9326
6080.000000	69.560	81.0742
6150.000000	69.839	-40.1582
6220.000000	70.103	-168.9111
6300.000000	70.389	35.0420
6400.000000	70.735	-172.9062
6500.000000	71.081	-34.8008
6600.000000	71.444	89.8242
6700.000000	71.848	-158.4639
6800.000000	72.325	-59.3057
6900.000000	72.907	27.4082
7000.000000	73.617	101.5508
7100.000000	74.459	162.7764
7200.000000	75.405	-157.8398
7300.000000	76.390	-56.7627
7400.000000	77.323	-77.3740
7500.000000	78.111	-119.8594
7620.000000	78.755	-126.1152
7750.000000	79.012	-134.1113
7880.000000	78.828	-172.1592
8000.000000	78.351	99.8896
8120.000000	77.676	-11.3389
8250.000000	76.796	-127.5547
8380.000000	75.791	89.9873
8500.000000	74.748	-91.9053
8620.000000	73.576	65.1348
8750.000000	72.161	-147.6211
8850.000000	70.984	-49.9863
9000.000000	69.108	71.8105
9120.000000	67.543	148.5898
9250.000000	65.830	-148.2988
9380.000000	64.162	-105.5801
9500.000000	62.723	-84.0234
9620.000000	61.421	-79.5020
9750.000000	60.175	-93.6455
9880.000000	59.093	-127.3564
10000.000000	58.226	-175.5752
10150.000000	57.297	101.4951
10300.000000	56.510	-5.9736
10440.000000	55.880	-127.7637
10600.000000	55.257	68.4785
10750.000000	54.742	-108.4121
10900.000000	54.300	52.2393
11060.000000	53.929	175.5332
11200.000000	53.688	-51.0156
11380.000000	53.475	-8.0225
11500.000000	53.388	122.7588
11720.000000	53.346	-62.1133
11800.000000	53.366	103.3809
12060.000000	53.528	-131.0234
12200.000000	53.660	98.8428
12410.000000	53.911	42.6250
12500.000000	54.039	157.3184
12650.000000	54.276	-31.2344
12800.000000	54.534	118.6172
13150.000000	55.178	20.9629
13200.000000	55.277	47.2480
13400.000000	55.702	128.8926
13600.000000	56.177	177.6602
13800.000000	56.734	-168.9336
14000.000000	57.430	171.0186
14300.000000	58.805	58.5605
14500.000000	59.871	-45.8389
14750.000000	61.178	129.6523
15000.000000	62.257	-106.3320
15250.000000	62.978	-24.7539
15500.000000	63.329	150.3789
15750.000000	63.406	-27.7305
16000.000000	63.340	-142.8242
16250.000000	63.193	-173.5566
16500.000000	62.919	73.5693
16750.000000	62.400	-48.9600
17000.000000	61.523	121.0850
17250.000000	60.244	-167.3369
17500.000000	58.599	171.3330
17750.000000	56.687	46.0078
18000.000000	54.637	-107.2490
18250.000000	52.573	52.3584
18500.000000	50.605	-172.0264
18750.000000	48.822	-61.7373
19000.000000	47.287	0.2266
19250.000000	46.012	70.0039
19500.000000	44.936	116.5020
19750.000000	44.027	109.7900
20000.000000	43.462	66.1631
