* Measurement data measured by REW V5.31
* Source: Headset (USB-C to 3.5mm Headphone Jack Adapter), MICROPHONE, L, volume: 0.250. Timing signal peak level -47.3 dBFS, measurement signal peak level -45.1 dBFS
* Format: 1M Log Swept Sine, 1 sweep at 0.0 dBFS using an acoustic timing reference
* Dated: 11-Apr-2024 15:52:11
* REW Settings:
*  C-weighting compensation: Off
*  Target level: 75.0 dB
* Note: ; Delay 0.0617 ms (21 mm, 0.83 in) using estimated IR delay relative to Acoustic reference played from SPEAKER L with no timing offset Clock adjustment: 42.1 ppm
* Measurement: Chu2Velvet L2
* Smoothing: 1/48 octave
* Frequency Step: 1/96 octave
* Start Frequency: 20.000 Hz
*
* Freq(Hz)	SPL(dB)	Phase(degrees)
20.000000	93.920	-127.2173
20.144928	93.737	-126.6193
20.290907	93.662	-125.6923
20.437943	93.685	-124.5742
20.586044	93.799	-123.8093
20.735220	93.998	-123.3087
20.885475	94.232	-123.2485
21.036821	94.475	-123.7359
21.189262	94.711	-124.5951
21.342808	94.908	-125.7249
21.497467	95.067	-127.1442
21.653246	95.183	-128.5570
21.810154	95.255	-129.9996
21.968201	95.295	-131.3476
22.127390	95.311	-132.4829
22.287735	95.312	-133.4614
22.449242	95.317	-134.2299
22.611917	95.327	-134.8032
22.775772	95.353	-135.2840
22.940815	95.398	-135.6536
23.107054	95.457	-136.0153
23.274498	95.530	-136.3923
23.443153	95.609	-136.7950
23.613033	95.689	-137.2519
23.784142	95.768	-137.7403
23.956491	95.843	-138.2496
24.130091	95.913	-138.7791
24.304947	95.979	-139.3142
24.481071	96.041	-139.8625
24.658470	96.099	-140.4384
24.837156	96.150	-141.0411
25.017136	96.190	-141.6811
25.198421	96.215	-142.3539
25.381020	96.220	-143.0133
25.564941	96.202	-143.6573
25.750195	96.160	-144.1807
25.936790	96.097	-144.5818
26.124741	96.023	-144.7579
26.314051	95.946	-144.7122
26.504732	95.884	-144.4310
26.696796	95.847	-143.9453
26.890253	95.849	-143.3681
27.085112	95.892	-142.7632
27.281382	95.974	-142.2946
27.479073	96.086	-142.0081
27.678198	96.212	-142.0016
27.878765	96.338	-142.2462
28.080786	96.450	-142.7582
28.284271	96.538	-143.4287
28.489231	96.597	-144.2434
28.695675	96.626	-145.0663
28.903616	96.628	-145.8848
29.113064	96.611	-146.6023
29.324028	96.583	-147.2246
29.536524	96.552	-147.7208
29.750557	96.527	-148.1372
29.966141	96.513	-148.4837
30.183289	96.511	-148.8384
30.402010	96.521	-149.2187
30.622314	96.537	-149.6764
30.844217	96.553	-150.2052
31.067726	96.563	-150.8096
31.292856	96.561	-151.4407
31.519617	96.549	-152.0690
31.748020	96.525	-152.6446
31.978081	96.497	-153.1303
32.209808	96.471	-153.5159
32.443211	96.453	-153.8054
32.678310	96.450	-154.0458
32.915108	96.464	-154.2682
33.153625	96.492	-154.5484
33.393871	96.528	-154.9046
33.635857	96.565	-155.3607
33.879597	96.594	-155.8925
34.125103	96.611	-156.4624
34.372387	96.615	-157.0316
34.621464	96.608	-157.5376
34.872345	96.595	-157.9665
35.125042	96.584	-158.3037
35.379574	96.581	-158.5747
35.635948	96.589	-158.8225
35.894180	96.609	-159.0837
36.154285	96.637	-159.4105
36.416275	96.666	-159.8235
36.680161	96.692	-160.3228
36.945961	96.707	-160.8988
37.213688	96.707	-161.5076
37.483353	96.693	-162.1064
37.754974	96.665	-162.6559
38.028561	96.628	-163.1124
38.304131	96.588	-163.4516
38.581699	96.554	-163.6781
38.861279	96.531	-163.8103
39.142883	96.527	-163.8888
39.426529	96.542	-163.9800
39.712231	96.574	-164.1389
40.000000	96.617	-164.4079
40.289856	96.663	-164.8144
40.581814	96.702	-165.3573
40.875885	96.726	-165.9958
41.172089	96.732	-166.6721
41.470440	96.719	-167.3231
41.770950	96.691	-167.8892
42.073643	96.659	-168.3344
42.378525	96.630	-168.6758
42.685616	96.611	-168.9668
42.994934	96.601	-169.2637
43.306492	96.594	-169.6029
43.620308	96.584	-169.9810
43.936401	96.568	-170.3509
44.254780	96.548	-170.6550
44.575470	96.535	-170.8872
44.898483	96.536	-171.1065
45.223835	96.550	-171.4041
45.551544	96.565	-171.8456
45.881630	96.567	-172.4177
46.214108	96.543	-173.0133
46.548996	96.497	-173.4760
46.886307	96.450	-173.6987
47.226067	96.430	-173.7248
47.568283	96.449	-173.7564
47.912983	96.498	-174.0250
48.260181	96.543	-174.6293
48.609894	96.552	-175.4586
48.962143	96.510	-176.2488
49.316940	96.436	-176.7311
49.674313	96.369	-176.8059
50.034271	96.348	-176.6424
50.396843	96.379	-176.5927
50.762039	96.430	-176.9403
51.129883	96.450	-177.6826
51.500389	96.405	-178.5142
51.873581	96.301	-178.9985
52.249481	96.194	-178.8390
52.628101	96.155	-178.1430
53.009464	96.223	-177.4599
53.393593	96.369	-177.4352
53.780506	96.509	-178.3460
54.170223	96.559	-179.9440
54.562763	96.478	178.3749
54.958145	96.290	177.2839
55.356396	96.075	177.2139
55.757530	95.933	178.0707
56.161572	95.930	179.1950
56.568542	96.043	179.8033
56.978462	96.196	179.5298
57.391350	96.309	178.5296
57.807232	96.346	177.2114
58.226128	96.306	175.9598
58.648056	96.211	175.0101
59.073048	96.090	174.4633
59.501114	95.969	174.3414
59.932281	95.875	174.5939
60.366577	95.831	175.0602
60.804020	95.842	175.4823
61.244629	95.889	175.6324
61.688435	95.941	175.4442
62.135452	95.972	175.0357
62.585712	95.978	174.5969
63.039234	95.971	174.2363
63.496040	95.965	173.9239
63.956161	95.964	173.5515
64.419617	95.959	173.0574
64.886421	95.940	172.5020
65.356621	95.909	172.0114
65.830215	95.883	171.6576
66.307251	95.877	171.3448
66.787743	95.889	170.8759
67.271713	95.894	170.1486
67.759193	95.863	169.3191
68.250206	95.797	168.7156
68.744774	95.729	168.5610
69.242928	95.703	168.7187
69.744690	95.726	168.7808
70.250084	95.761	168.4512
70.759148	95.759	167.8381
71.271896	95.702	167.3159
71.788361	95.618	167.2152
72.308571	95.551	167.5361
72.832550	95.529	167.9726
73.360321	95.544	168.1642
73.891922	95.563	167.9601
74.427376	95.555	167.4316
74.966705	95.505	166.7643
75.509949	95.417	166.1700
76.057121	95.309	165.7901
76.608261	95.209	165.6641
77.163399	95.141	165.7153
77.722557	95.118	165.7693
78.285767	95.133	165.6424
78.853058	95.166	165.2185
79.424461	95.187	164.5468
80.000000	95.183	163.8392
80.579712	95.158	163.2849
81.163628	95.128	162.8826
81.751770	95.094	162.4827
82.344177	95.039	162.0746
82.940880	94.960	161.8694
83.541901	94.881	161.9668
84.147285	94.824	162.1628
84.757050	94.777	162.2236
85.371231	94.726	162.2297
85.989868	94.682	162.3659
86.612984	94.666	162.5358
87.240616	94.676	162.4828
87.872803	94.686	162.1386
88.509560	94.678	161.6823
89.150940	94.656	161.3155
89.796967	94.634	161.1217
90.447670	94.625	161.0047
91.103088	94.622	160.7563
91.763260	94.601	160.3557
92.428215	94.554	160.0410
93.097992	94.502	159.9577
93.772614	94.466	159.8976
94.452133	94.436	159.5869
95.136566	94.389	159.0645
95.825966	94.320	158.5476
96.520363	94.246	158.1709
97.219788	94.185	157.9514
97.924286	94.153	157.8267
98.633881	94.153	157.6592
99.348625	94.169	157.3300
100.068542	94.178	156.8676
100.793686	94.168	156.4323
101.524078	94.142	156.1773
102.259766	94.113	156.1193
103.000778	94.091	156.1160
103.747162	94.070	156.0145
104.498962	94.038	155.8212
105.256203	93.996	155.6311
106.018929	93.952	155.4303
106.787186	93.905	155.1563
107.561012	93.855	154.8806
108.340446	93.812	154.6836
109.125526	93.780	154.4827
109.916290	93.754	154.2092
110.712791	93.726	153.9398
111.515060	93.697	153.7205
112.323143	93.666	153.5090
113.137085	93.631	153.3363
113.956924	93.599	153.2684
114.782700	93.576	153.1986
115.614464	93.553	152.9749
116.452255	93.517	152.7154
117.296112	93.476	152.5803
118.146095	93.441	152.4497
119.002228	93.402	152.2341
119.864563	93.356	152.0574
120.733154	93.311	151.9412
121.608040	93.268	151.8036
122.489258	93.225	151.6647
123.376869	93.188	151.5460
124.270905	93.155	151.3981
125.171425	93.126	151.2163
126.078468	93.098	151.0305
126.992081	93.071	150.8483
127.912323	93.044	150.6496
128.839233	93.010	150.4074
129.772842	92.967	150.2192
130.713242	92.926	150.1611
131.660431	92.893	150.0798
132.614502	92.862	149.9095
133.575485	92.829	149.7434
134.543427	92.796	149.5891
135.518387	92.762	149.4294
136.500412	92.726	149.2877
137.489548	92.691	149.1943
138.485855	92.657	149.1140
139.489380	92.623	148.9743
140.500168	92.583	148.7863
141.518295	92.538	148.6434
142.543793	92.499	148.5579
143.576721	92.467	148.4035
144.617142	92.434	148.1711
145.665100	92.398	147.9726
146.720642	92.361	147.8492
147.783844	92.326	147.7400
148.854752	92.287	147.5780
149.933411	92.239	147.4136
151.019897	92.189	147.3586
152.114243	92.147	147.3325
153.216522	92.111	147.2111
154.326797	92.075	147.0497
155.445114	92.043	146.9400
156.571533	92.017	146.8269
157.706116	91.992	146.6992
158.848923	91.968	146.6206
160.000000	91.944	146.5315
161.159424	91.916	146.4064
162.327255	91.883	146.2775
163.503540	91.844	146.1365
164.688354	91.801	146.0511
165.881760	91.760	146.0103
167.083801	91.720	145.9318
168.294571	91.678	145.8375
169.514099	91.634	145.7894
170.742462	91.584	145.7159
171.979736	91.526	145.5935
173.225967	91.462	145.4934
174.481232	91.400	145.4122
175.745605	91.349	145.3383
177.019119	91.308	145.2180
178.301880	91.271	145.0409
179.593933	91.233	144.9202
180.895340	91.197	144.8399
182.206177	91.164	144.7718
183.526520	91.130	144.6968
184.856430	91.099	144.6475
186.195984	91.072	144.6154
187.545227	91.048	144.6130
188.904266	91.028	144.6320
190.273132	91.005	144.5670
191.651932	90.969	144.4400
193.040726	90.924	144.3778
194.439575	90.884	144.4207
195.848572	90.851	144.4108
197.267761	90.817	144.3991
198.697250	90.782	144.4633
200.137085	90.746	144.5347
201.587372	90.713	144.6377
203.048157	90.687	144.6540
204.519531	90.661	144.4886
206.001556	90.633	144.3934
207.494324	90.615	144.4882
208.997925	90.603	144.4003
210.512405	90.581	144.2927
212.037857	90.558	144.3246
213.574371	90.539	144.2220
215.122025	90.515	144.0091
216.680893	90.489	143.9364
218.251053	90.469	143.9877
219.832581	90.453	143.9329
221.425583	90.425	143.7339
223.030121	90.381	143.5786
224.646286	90.333	143.4857
226.274170	90.290	143.4510
227.913849	90.261	143.4692
229.565399	90.241	143.3833
231.228928	90.215	143.1944
232.904510	90.178	143.0743
234.592224	90.135	142.9547
236.292191	90.089	142.8487
238.004456	90.048	142.8046
239.729126	90.014	142.8490
241.466309	89.986	142.8655
243.216080	89.956	142.8638
244.978516	89.922	142.8246
246.753738	89.887	142.7741
248.541809	89.854	142.6781
250.342850	89.820	142.6019
252.156937	89.789	142.6214
253.984161	89.762	142.5449
255.824646	89.738	142.5030
257.678467	89.714	142.3981
259.545685	89.683	142.3495
261.426483	89.652	142.4818
263.320862	89.621	142.4716
265.229004	89.586	142.3744
267.150970	89.552	142.3675
269.086853	89.523	142.3748
271.036774	89.493	142.3536
273.000824	89.457	142.3546
274.979095	89.426	142.3992
276.971710	89.404	142.3230
278.978760	89.379	142.1096
281.000336	89.349	142.0877
283.036591	89.326	142.2709
285.087585	89.311	142.4106
287.153442	89.292	142.3400
289.234283	89.260	142.1544
291.330200	89.218	142.0132
293.441284	89.179	142.0517
295.567688	89.152	142.1306
297.709503	89.130	142.1176
299.866821	89.104	142.1072
302.039795	89.077	142.1232
304.228485	89.053	142.1127
306.433044	89.030	142.0710
308.653595	89.006	141.9540
310.890228	88.982	141.8589
313.143066	88.961	141.7991
315.412231	88.942	141.6835
317.697845	88.922	141.5657
320.000000	88.901	141.5067
322.318848	88.878	141.5537
324.654510	88.852	141.6574
327.007080	88.822	141.7165
329.376709	88.792	141.6744
331.763519	88.767	141.5788
334.167603	88.745	141.4821
336.589142	88.721	141.4476
339.028198	88.696	141.4532
341.484924	88.673	141.4683
343.959473	88.653	141.4853
346.451935	88.633	141.4259
348.962463	88.609	141.3638
351.491211	88.587	141.3466
354.038239	88.563	141.3369
356.603760	88.531	141.3475
359.187866	88.497	141.3766
361.790680	88.465	141.3766
364.412354	88.437	141.3536
367.053040	88.411	141.3556
369.712860	88.391	141.3786
372.391968	88.374	141.4211
375.090454	88.357	141.4698
377.808533	88.338	141.4353
380.546265	88.317	141.2973
383.303864	88.295	141.1824
386.081451	88.274	141.1688
388.879150	88.254	141.1840
391.697144	88.231	141.1982
394.535522	88.207	141.2226
397.394501	88.183	141.2205
400.274170	88.161	141.1895
403.174744	88.142	141.1762
406.096313	88.122	141.1775
409.039062	88.100	141.1623
412.003113	88.080	141.1685
414.988647	88.065	141.1796
417.995850	88.051	141.1687
421.024811	88.031	141.1469
424.075714	88.004	141.1270
427.148743	87.978	141.1283
430.244049	87.956	141.1490
433.361786	87.938	141.1627
436.502106	87.920	141.1511
439.665161	87.904	141.1125
442.851166	87.890	141.0689
446.060242	87.876	141.1199
449.292572	87.863	141.1842
452.548340	87.847	141.1609
455.827698	87.829	141.1144
459.130798	87.810	141.0695
462.457855	87.789	141.0392
465.809021	87.768	141.0219
469.184448	87.749	141.0508
472.584381	87.733	141.1033
476.008911	87.719	141.1078
479.458252	87.707	141.1013
482.932617	87.699	141.1311
486.432159	87.690	141.1777
489.957031	87.674	141.1685
493.507477	87.654	141.1541
497.083618	87.635	141.1262
500.685699	87.619	141.0687
504.313873	87.604	141.0522
507.968323	87.591	141.1071
511.649292	87.583	141.1208
515.356934	87.575	141.0490
519.091370	87.564	141.0092
522.852966	87.551	141.0687
526.641724	87.538	141.1310
530.458008	87.527	141.1578
534.301941	87.519	141.1152
538.173706	87.509	141.0544
542.073547	87.496	141.0741
546.001648	87.482	141.1381
549.958191	87.469	141.1301
553.943420	87.457	141.1066
557.957520	87.448	141.1138
562.000671	87.441	141.1358
566.073181	87.432	141.1487
570.175171	87.419	141.1032
574.306885	87.406	141.0445
578.468567	87.399	141.0547
582.660400	87.397	141.1398
586.882568	87.396	141.2000
591.135376	87.390	141.2052
595.419006	87.382	141.2126
599.733643	87.373	141.1784
604.079590	87.364	141.1321
608.456970	87.354	141.1487
612.866089	87.346	141.1791
617.307190	87.339	141.1880
621.780457	87.333	141.2249
626.286133	87.330	141.2372
630.824463	87.327	141.2203
635.395691	87.324	141.2309
640.000000	87.322	141.2994
644.637695	87.320	141.3738
649.309021	87.316	141.4307
654.014160	87.312	141.4412
658.753418	87.308	141.4139
663.527039	87.310	141.4156
668.335205	87.314	141.4565
673.178284	87.319	141.4496
678.056396	87.322	141.4909
682.969849	87.321	141.5267
687.918945	87.320	141.5432
692.903870	87.323	141.5468
697.924927	87.328	141.5948
702.982422	87.329	141.6758
708.076477	87.328	141.7090
713.207520	87.330	141.7482
718.375732	87.335	141.7506
723.581360	87.345	141.7495
728.824707	87.357	141.7515
734.106079	87.366	141.7887
739.425720	87.369	141.8463
744.783936	87.372	141.8472
750.180908	87.381	141.9136
755.617065	87.397	142.0460
761.092529	87.411	142.0792
766.607727	87.421	142.0954
772.162903	87.429	142.1239
777.758301	87.439	142.1313
783.394287	87.450	142.1556
789.071045	87.466	142.2029
794.789001	87.488	142.2714
800.548340	87.511	142.3100
806.349487	87.531	142.3347
812.192627	87.548	142.3920
818.078125	87.564	142.4348
824.006226	87.579	142.4557
829.977295	87.597	142.4492
835.991699	87.619	142.4520
842.049622	87.642	142.4988
848.151428	87.668	142.5508
854.297485	87.697	142.5885
860.488098	87.724	142.6149
866.723572	87.750	142.6721
873.004211	87.776	142.7250
879.330322	87.801	142.7570
885.702332	87.827	142.7713
892.120483	87.855	142.7661
898.585144	87.889	142.7936
905.096680	87.925	142.7980
911.655396	87.962	142.7832
918.261597	88.003	142.7944
924.915710	88.045	142.8202
931.618042	88.087	142.8660
938.368896	88.127	142.8639
945.168762	88.159	142.7881
952.017822	88.184	142.7800
958.916504	88.200	142.7979
965.865234	88.218	142.7955
972.864319	88.247	142.7565
979.914062	88.288	142.6877
987.014954	88.339	142.6497
994.167236	88.398	142.5868
1001.371399	88.464	142.5174
1008.627747	88.533	142.4600
1015.936646	88.598	142.3582
1023.298584	88.659	142.2697
1030.713867	88.719	142.1885
1038.182739	88.780	142.0754
1045.705933	88.840	141.9280
1053.283447	88.898	141.7833
1060.916016	88.955	141.6250
1068.603882	89.013	141.4607
1076.347412	89.072	141.2899
1084.147095	89.132	141.1220
1092.003296	89.190	140.9141
1099.916382	89.246	140.6932
1107.886841	89.303	140.4938
1115.915039	89.359	140.2545
1124.001343	89.415	139.9912
1132.146362	89.472	139.7161
1140.350342	89.528	139.4173
1148.613770	89.581	139.1241
1156.937134	89.631	138.8320
1165.320801	89.682	138.5256
1173.765137	89.734	138.1896
1182.270752	89.789	137.8589
1190.838013	89.845	137.5695
1199.467285	89.900	137.2402
1208.159180	89.953	136.8558
1216.913940	90.006	136.4680
1225.732178	90.061	136.1164
1234.614380	90.117	135.7811
1243.560913	90.171	135.4153
1252.572266	90.223	134.9864
1261.648926	90.275	134.5419
1270.791382	90.331	134.1501
1280.000000	90.387	133.7743
1289.275391	90.441	133.3859
1298.618042	90.494	132.9670
1308.028320	90.549	132.5434
1317.506836	90.605	132.1220
1327.054077	90.663	131.6616
1336.670410	90.719	131.1893
1346.356567	90.773	130.7464
1356.112793	90.827	130.3267
1365.939697	90.884	129.8731
1375.837891	90.942	129.4218
1385.807739	90.997	128.9673
1395.849854	91.051	128.4775
1405.964844	91.107	127.9804
1416.152954	91.165	127.5327
1426.415039	91.222	127.1040
1436.751465	91.276	126.6489
1447.162720	91.327	126.1710
1457.649414	91.381	125.6844
1468.212158	91.440	125.2041
1478.851440	91.500	124.7520
1489.567871	91.562	124.3121
1500.361816	91.623	123.8468
1511.234131	91.682	123.3498
1522.185059	91.741	122.8462
1533.215454	91.800	122.3432
1544.325806	91.858	121.8559
1555.516602	91.916	121.3806
1566.788574	91.977	120.8820
1578.142090	92.038	120.3594
1589.578003	92.098	119.8496
1601.096680	92.162	119.3486
1612.698975	92.228	118.8320
1624.385254	92.294	118.3002
1636.156250	92.359	117.7749
1648.012451	92.424	117.2450
1659.954590	92.490	116.7176
1671.983398	92.559	116.1594
1684.099243	92.628	115.5867
1696.302856	92.697	115.0564
1708.594971	92.766	114.5352
1720.976196	92.834	113.9736
1733.447144	92.903	113.4017
1746.008423	92.974	112.8251
1758.660645	93.049	112.2248
1771.404663	93.126	111.6226
1784.240967	93.202	111.0333
1797.170288	93.276	110.4207
1810.193359	93.350	109.7801
1823.310791	93.427	109.1345
1836.523193	93.505	108.5046
1849.831421	93.585	107.8813
1863.236084	93.663	107.2575
1876.737793	93.740	106.6055
1890.337524	93.816	105.9177
1904.035645	93.895	105.2224
1917.833008	93.977	104.5387
1931.730469	94.061	103.8414
1945.728638	94.144	103.1378
1959.828125	94.226	102.4295
1974.029907	94.310	101.7039
1988.334473	94.394	100.9613
2002.742798	94.479	100.2184
2017.255493	94.565	99.4549
2031.873291	94.654	98.7025
2046.597168	94.745	97.9364
2061.427734	94.836	97.1311
2076.365479	94.926	96.3097
2091.411865	95.017	95.4937
2106.566895	95.109	94.6806
2121.832031	95.202	93.8503
2137.207764	95.297	92.9851
2152.694824	95.396	92.1078
2168.294189	95.495	91.2255
2184.006592	95.593	90.3103
2199.832764	95.692	89.3771
2215.773682	95.790	88.4358
2231.830078	95.889	87.4752
2248.002686	95.989	86.4828
2264.292725	96.090	85.4568
2280.700684	96.190	84.4240
2297.227539	96.289	83.3836
2313.874268	96.386	82.3157
2330.641602	96.485	81.2259
2347.530273	96.583	80.1314
2364.541504	96.682	79.0227
2381.676025	96.781	77.8667
2398.934570	96.880	76.6826
2416.318359	96.977	75.5057
2433.827881	97.074	74.3091
2451.464355	97.169	73.0733
2469.228760	97.265	71.8242
2487.121826	97.360	70.5734
2505.144531	97.455	69.2768
2523.297852	97.550	67.9432
2541.582764	97.643	66.6106
2560.000000	97.732	65.2784
2578.550781	97.819	63.8958
2597.236084	97.905	62.4882
2616.056641	97.990	61.0697
2635.013672	98.076	59.6196
2654.108154	98.160	58.1389
2673.340820	98.242	56.6502
2692.713135	98.320	55.1551
2712.225586	98.396	53.6328
2731.879395	98.470	52.0685
2751.675781	98.540	50.4769
2771.615479	98.607	48.8723
2791.699707	98.670	47.2534
2811.929688	98.728	45.6145
2832.305908	98.780	43.9521
2852.830078	98.828	42.2711
2873.502930	98.875	40.5790
2894.325439	98.918	38.8802
2915.298828	98.958	37.1657
2936.424316	98.995	35.4272
2957.702881	99.029	33.6894
2979.135742	99.058	31.9524
3000.723633	99.083	30.2043
3022.468262	99.102	28.4423
3044.370117	99.115	26.6782
3066.430908	99.123	24.9000
3088.651611	99.128	23.1224
3111.033203	99.132	21.3627
3133.577148	99.136	19.6101
3156.284180	99.140	17.8500
3179.156006	99.144	16.0752
3202.193359	99.146	14.3134
3225.397949	99.144	12.5675
3248.770508	99.142	10.8303
3272.312500	99.141	9.1060
3296.024902	99.139	7.3958
3319.909180	99.134	5.6830
3343.966797	99.125	3.9590
3368.198486	99.108	2.2461
3392.605713	99.086	0.5468
3417.189941	99.057	-1.1353
3441.952393	99.023	-2.7963
3466.894287	98.981	-4.4465
3492.016846	98.935	-6.0885
3517.321289	98.885	-7.7358
3542.809326	98.832	-9.3929
3568.481934	98.779	-11.0255
3594.340576	98.724	-12.6383
3620.386719	98.669	-14.2557
3646.621582	98.615	-15.8627
3673.046387	98.565	-17.4630
3699.662842	98.518	-19.0421
3726.472168	98.471	-20.6205
3753.475586	98.427	-22.1896
3780.675049	98.388	-23.7356
3808.071289	98.351	-25.2783
3835.666016	98.313	-26.8203
3863.460938	98.275	-28.3537
3891.457275	98.238	-29.8654
3919.656250	98.201	-31.3544
3948.059814	98.162	-32.8099
3976.668945	98.122	-34.2557
4005.485596	98.075	-35.6927
4034.510986	98.018	-37.0990
4063.746582	97.955	-38.5212
4093.194336	97.892	-39.9764
4122.855469	97.828	-41.4471
4152.730957	97.760	-42.9225
4182.823730	97.687	-44.4060
4213.133789	97.613	-45.9078
4243.664062	97.539	-47.4335
4274.415527	97.465	-48.9698
4305.389648	97.389	-50.5265
4336.588379	97.311	-52.0994
4368.013184	97.231	-53.6855
4399.665527	97.149	-55.2592
4431.547363	97.067	-56.8341
4463.660156	96.985	-58.4047
4496.005371	96.902	-59.9520
4528.585449	96.819	-61.4939
4561.401367	96.736	-63.0480
4594.455078	96.652	-64.5887
4627.748535	96.569	-66.0791
4661.283203	96.486	-67.5750
4695.060547	96.401	-69.0693
4729.083008	96.316	-70.5408
4763.352051	96.232	-72.0172
4797.869141	96.149	-73.5165
4832.636719	96.064	-74.9829
4867.655762	95.980	-76.4132
4902.928711	95.897	-77.8530
4938.457520	95.815	-79.2849
4974.243652	95.733	-80.7034
5010.289062	95.649	-82.0962
5046.595703	95.566	-83.4530
5083.165527	95.482	-84.8053
5120.000000	95.395	-86.1445
5157.101562	95.306	-87.4525
5194.472168	95.215	-88.7409
5232.113281	95.122	-90.0187
5270.027344	95.025	-91.2764
5308.216309	94.928	-92.5259
5346.681641	94.831	-93.7378
5385.426270	94.732	-94.9225
5424.451172	94.632	-96.1117
5463.758789	94.533	-97.3053
5503.351562	94.435	-98.4657
5543.230957	94.337	-99.6068
5583.399414	94.238	-100.7211
5623.859375	94.143	-101.8207
5664.611816	94.053	-102.8699
5705.660156	93.969	-103.8751
5747.005859	93.891	-104.8326
5788.650879	93.819	-105.7499
5830.597656	93.753	-106.6414
5872.848633	93.695	-107.4971
5915.405762	93.645	-108.3353
5958.271484	93.606	-109.1505
6001.447266	93.573	-109.9649
6044.936523	93.541	-110.7686
6088.740234	93.513	-111.5804
6132.861816	93.494	-112.3879
6177.303223	93.484	-113.2153
6222.066406	93.479	-114.0605
6267.154297	93.481	-114.8954
6312.568359	93.490	-115.7155
6358.312012	93.509	-116.5436
6404.386719	93.536	-117.4086
6450.795898	93.570	-118.2922
6497.541016	93.613	-119.1803
6544.625000	93.669	-120.0905
6592.049805	93.735	-121.0343
6639.818359	93.809	-122.0385
6687.933594	93.894	-123.0721
6736.396973	93.992	-124.1170
6785.211426	94.104	-125.2213
6834.379883	94.230	-126.4100
6883.904785	94.367	-127.6578
6933.788574	94.519	-128.9803
6984.033691	94.687	-130.4025
7034.642578	94.872	-131.9677
7085.618652	95.072	-133.6827
7136.963867	95.286	-135.5591
7188.681152	95.517	-137.6213
7240.773438	95.760	-139.9083
7293.243164	96.010	-142.4635
7346.092773	96.260	-145.3544
7399.325684	96.506	-148.5964
7452.944336	96.745	-152.1904
7506.951172	96.964	-156.1746
7561.350098	97.149	-160.5997
7616.142578	97.286	-165.4364
7671.332031	97.363	-170.6586
7726.921875	97.365	-176.2058
7782.914551	97.279	178.0565
7839.312500	97.097	172.2766
7896.119629	96.821	166.5560
7953.337891	96.460	161.0300
8010.971191	96.028	155.8434
8069.021973	95.537	151.0686
8127.493164	95.000	146.7104
8186.388672	94.435	142.7879
8245.710938	93.857	139.3042
8305.461914	93.274	136.2543
8365.647461	92.692	133.5761
8426.267578	92.116	131.2030
8487.328125	91.551	129.0851
8548.831055	90.999	127.2103
8610.779297	90.462	125.5959
8673.176758	89.943	124.1890
8736.026367	89.439	122.9571
8799.331055	88.949	121.9213
8863.094727	88.477	120.9973
8927.320312	88.024	120.2048
8992.010742	87.586	119.5322
9057.170898	87.161	118.9661
9122.802734	86.749	118.5156
9188.910156	86.355	118.1715
9255.497070	85.980	117.9157
9322.566406	85.619	117.6947
9390.121094	85.266	117.6401
9458.166016	84.923	117.6841
9526.704102	84.599	117.7562
9595.738281	84.295	117.8753
9665.273438	84.005	118.0274
9735.311523	83.734	118.2629
9805.857422	83.485	118.5000
9876.915039	83.258	118.7528
9948.487305	83.050	119.0512
10020.578125	82.859	119.3926
10093.191406	82.682	119.7780
10166.331055	82.520	120.2114
10240.000000	82.381	120.7047
10314.203125	82.262	121.1237
10388.944336	82.157	121.4608
10464.226562	82.067	121.8655
10540.054688	82.005	122.3319
10616.432617	81.970	122.7577
10693.363281	81.956	123.0883
10770.852539	81.959	123.4167
10848.902344	81.986	123.7896
10927.517578	82.036	124.1470
11006.703125	82.105	124.4050
11086.461914	82.199	124.5401
11166.798828	82.321	124.6386
11247.718750	82.468	124.6794
11329.223633	82.630	124.6761
11411.320312	82.817	124.6142
11494.011719	83.049	124.4459
11577.301758	83.323	124.0931
11661.195312	83.631	123.5773
11745.697266	83.969	122.7932
11830.811523	84.346	121.6949
11916.542969	84.769	120.2856
12002.894531	85.234	118.4727
12089.873047	85.736	116.0168
12177.480469	86.254	112.5532
12265.723633	86.722	107.5196
12354.606445	86.991	100.4111
12444.132812	86.818	91.3463
12534.308594	85.984	83.0090
12625.136719	84.698	82.9761
12716.624023	84.102	97.1505
12808.773438	85.059	109.7133
12901.591797	86.697	111.5736
12995.082031	88.258	107.9336
13089.250000	89.591	101.7200
13184.099609	90.698	93.8130
13279.636719	91.579	84.5220
13375.867188	92.211	74.2050
13472.793945	92.579	63.3176
13570.422852	92.682	52.3959
13668.759766	92.550	41.9838
13767.809570	92.236	32.4803
13867.577148	91.812	24.0839
13968.067383	91.363	16.7751
14069.285156	90.973	10.3826
14171.237305	90.678	4.7155
14273.927734	90.467	-0.4528
14377.362305	90.321	-5.3202
14481.546875	90.220	-10.0101
14586.486328	90.146	-14.6517
14692.185547	90.100	-19.4758
14798.651367	90.093	-24.6403
14905.888672	90.118	-30.2391
15013.902344	90.154	-36.3829
15122.700195	90.175	-43.1702
15232.285156	90.166	-50.6572
15342.664062	90.099	-58.8851
15453.843750	89.929	-67.8027
15565.829102	89.613	-77.3088
15678.625000	89.128	-87.1528
15792.239258	88.481	-97.0317
15906.675781	87.680	-106.7248
16021.942383	86.718	-115.9814
16138.043945	85.598	-124.6045
16254.986328	84.371	-132.5779
16372.777344	83.105	-139.8401
16491.421875	81.880	-146.3032
16610.923828	80.786	-152.0511
16731.294922	79.845	-157.1963
16852.535156	79.023	-161.8424
16974.656250	78.298	-166.1017
17097.662109	77.667	-170.0010
17221.558594	77.133	-173.7124
17346.353516	76.687	-177.5226
17472.052734	76.323	178.5830
17598.662109	76.050	174.5237
17726.189453	75.872	170.0952
17854.640625	75.790	165.2314
17984.021484	75.797	159.7454
18114.341797	75.896	153.6714
18245.605469	76.105	146.7804
18377.820312	76.430	138.9695
18510.994141	76.847	129.7778
18645.132812	77.322	118.6733
18780.242188	77.821	105.4030
18916.332031	78.279	89.8323
19053.408203	78.573	71.7644
19191.476562	78.561	51.2609
19330.546875	78.154	29.1482
19470.623047	77.314	6.4138
19611.714844	76.067	-15.8673
19753.830078	74.541	-37.0873
19896.974609	73.050	-56.8735
