* Measurement data measured by REW V5.31
* Source: Headset (USB-C to 3.5mm Headphone Jack Adapter), MICROPHONE, L, volume: 0.250. Timing signal peak level -46.7 dBFS, measurement signal peak level -40.9 dBFS
* Format: 1M Log Swept Sine, 1 sweep at 0.0 dBFS using an acoustic timing reference
* Dated: 11-Apr-2024 15:44:27
* REW Settings:
*  C-weighting compensation: Off
*  Target level: 75.0 dB
* Note: ; Delay -0.4097 ms (-141 mm, -5.53 in) using estimated IR delay relative to Acoustic reference played from SPEAKER R with no timing offset Clock adjustment: -1.5 ppm
* Measurement: Chu2 R2
* Smoothing: 1/48 octave
* Frequency Step: 1/96 octave
* Start Frequency: 20.000 Hz
*
* Freq(Hz)	SPL(dB)	Phase(degrees)
20.000000	94.356	-111.3657
20.144928	94.519	-112.6903
20.290907	94.649	-114.1981
20.437943	94.747	-115.8202
20.586044	94.811	-117.3467
20.735220	94.840	-118.8557
20.885475	94.846	-120.2016
21.036821	94.835	-121.3180
21.189262	94.817	-122.2486
21.342808	94.806	-122.9538
21.497467	94.806	-123.4367
21.653246	94.828	-123.8209
21.810154	94.875	-124.0832
21.968201	94.943	-124.3275
22.127390	95.031	-124.6267
22.287735	95.132	-124.9660
22.449242	95.235	-125.4087
22.611917	95.338	-125.9364
22.775772	95.432	-126.5162
22.940815	95.515	-127.1583
23.107054	95.585	-127.8008
23.274498	95.643	-128.4366
23.443153	95.690	-129.0465
23.613033	95.731	-129.6071
23.784142	95.766	-130.1329
23.956491	95.799	-130.6219
24.130091	95.831	-131.0853
24.304947	95.863	-131.5475
24.481071	95.894	-132.0083
24.658470	95.922	-132.4917
24.837156	95.947	-132.9946
25.017136	95.966	-133.5211
25.198421	95.977	-134.0701
25.381020	95.981	-134.6249
25.564941	95.975	-135.1857
25.750195	95.959	-135.7220
25.936790	95.935	-136.2334
26.124741	95.903	-136.6845
26.314051	95.866	-137.0744
26.504732	95.828	-137.3765
26.696796	95.792	-137.5940
26.890253	95.766	-137.7260
27.085112	95.752	-137.7895
27.281382	95.757	-137.8152
27.479073	95.780	-137.8381
27.678198	95.822	-137.9005
27.878765	95.881	-138.0421
28.080786	95.953	-138.2901
28.284271	96.029	-138.6579
28.489231	96.106	-139.1499
28.695675	96.175	-139.7396
28.903616	96.235	-140.4152
29.113064	96.282	-141.1305
29.324028	96.316	-141.8623
29.536524	96.336	-142.5786
29.750557	96.345	-143.2492
29.966141	96.345	-143.8624
30.183289	96.339	-144.3977
30.402010	96.331	-144.8556
30.622314	96.322	-145.2312
30.844217	96.315	-145.5372
31.067726	96.312	-145.7778
31.292856	96.315	-145.9778
31.519617	96.324	-146.1478
31.748020	96.339	-146.3064
31.978081	96.359	-146.4670
32.209808	96.382	-146.6350
32.443211	96.407	-146.8165
32.678310	96.434	-147.0163
32.915108	96.463	-147.2388
33.153625	96.494	-147.5007
33.393871	96.525	-147.8148
33.635857	96.554	-148.1944
33.879597	96.577	-148.6457
34.125103	96.588	-149.1507
34.372387	96.585	-149.6926
34.621464	96.567	-150.2131
34.872345	96.537	-150.6794
35.125042	96.500	-151.0588
35.379574	96.467	-151.3412
35.635948	96.444	-151.5651
35.894180	96.435	-151.7666
36.154285	96.440	-152.0170
36.416275	96.452	-152.3538
36.680161	96.462	-152.7775
36.945961	96.464	-153.2715
37.213688	96.454	-153.7643
37.483353	96.436	-154.2051
37.754974	96.416	-154.5605
38.028561	96.403	-154.8173
38.304131	96.404	-155.0230
38.581699	96.420	-155.2305
38.861279	96.448	-155.4860
39.142883	96.480	-155.8251
39.426529	96.509	-156.2385
39.712231	96.529	-156.6921
40.000000	96.538	-157.1508
40.289856	96.537	-157.5796
40.581814	96.529	-157.9558
40.875885	96.519	-158.2749
41.172089	96.507	-158.5383
41.470440	96.498	-158.7516
41.770950	96.493	-158.9258
42.073643	96.495	-159.0834
42.378525	96.504	-159.2649
42.685616	96.517	-159.5095
42.994934	96.527	-159.8375
43.306492	96.527	-160.2383
43.620308	96.512	-160.6652
43.936401	96.481	-161.0430
44.254780	96.443	-161.3045
44.575470	96.411	-161.4413
44.898483	96.396	-161.5094
45.223835	96.401	-161.6019
45.551544	96.420	-161.8043
45.881630	96.441	-162.1516
46.214108	96.451	-162.6116
46.548996	96.445	-163.1053
46.886307	96.427	-163.5542
47.226067	96.403	-163.9219
47.568283	96.382	-164.2208
47.912983	96.366	-164.4806
48.260181	96.353	-164.7160
48.609894	96.344	-164.9215
48.962143	96.341	-165.0967
49.316940	96.348	-165.2724
49.674313	96.362	-165.5059
50.034271	96.375	-165.8387
50.396843	96.376	-166.2508
50.762039	96.358	-166.6572
51.129883	96.326	-166.9610
51.500389	96.296	-167.1301
51.873581	96.279	-167.2320
52.249481	96.276	-167.3862
52.628101	96.276	-167.6649
53.009464	96.266	-168.0306
53.393593	96.242	-168.3737
53.780506	96.215	-168.6150
54.170223	96.200	-168.7848
54.562763	96.199	-168.9989
54.958145	96.201	-169.3461
55.356396	96.189	-169.7958
55.757530	96.157	-170.2115
56.161572	96.116	-170.4561
56.568542	96.088	-170.5048
56.978462	96.086	-170.4666
57.391350	96.110	-170.4984
57.807232	96.147	-170.6951
58.226128	96.181	-171.0568
58.648056	96.200	-171.5303
59.073048	96.198	-172.0561
59.501114	96.174	-172.5713
59.932281	96.126	-172.9985
60.366577	96.064	-173.2607
60.804020	96.002	-173.3325
61.244629	95.953	-173.2685
61.688435	95.922	-173.1689
62.135452	95.906	-173.1076
62.585712	95.900	-173.0971
63.039234	95.905	-173.1400
63.496040	95.921	-173.2883
63.956161	95.940	-173.6219
64.419617	95.945	-174.1475
64.886421	95.925	-174.7449
65.356621	95.883	-175.2538
65.830215	95.836	-175.6003
66.307251	95.799	-175.8613
66.787743	95.770	-176.1516
67.271713	95.736	-176.4885
67.759193	95.691	-176.7732
68.250206	95.643	-176.9034
68.744774	95.606	-176.8647
69.242928	95.591	-176.7480
69.744690	95.600	-176.7047
70.250084	95.617	-176.8883
70.759148	95.616	-177.3357
71.271896	95.574	-177.8927
71.788361	95.494	-178.2832
72.308571	95.403	-178.3508
72.832550	95.332	-178.1821
73.360321	95.293	-177.9889
73.891922	95.282	-177.9126
74.427376	95.289	-178.0237
74.966705	95.300	-178.3461
75.509949	95.301	-178.8198
76.057121	95.287	-179.3364
76.608261	95.260	-179.8503
77.163399	95.217	179.6695
77.722557	95.157	179.4368
78.285767	95.112	179.6462
78.853058	95.117	-179.9809
79.424461	95.153	-179.9268
80.000000	95.166	179.9107
80.579712	95.161	-179.9206
81.163628	95.196	-179.4989
81.751770	95.258	-179.6127
82.344177	95.263	179.6818
82.940880	95.193	179.3405
83.541901	95.138	179.6570
84.147285	95.136	179.7297
84.757050	95.111	179.1559
85.371231	95.028	178.8094
85.989868	94.972	179.1613
86.612984	94.986	179.2145
87.240616	94.982	178.4563
87.872803	94.899	177.7976
88.509560	94.816	178.0239
89.150940	94.803	178.4449
89.796967	94.818	178.2845
90.447670	94.796	177.8891
91.103088	94.753	177.8911
91.763260	94.737	178.1086
92.428215	94.740	178.0440
93.097992	94.722	177.6675
93.772614	94.668	177.3263
94.452133	94.599	177.2469
95.136566	94.543	177.3873
95.825966	94.516	177.5747
96.520363	94.512	177.6126
97.219788	94.510	177.4007
97.924286	94.489	177.0445
98.633881	94.444	176.7609
99.348625	94.388	176.6690
100.068542	94.338	176.7421
100.793686	94.304	176.8829
101.524078	94.286	176.9666
102.259766	94.273	176.9177
103.000778	94.255	176.7670
103.747162	94.229	176.5625
104.498962	94.192	176.3322
105.256203	94.145	176.1633
106.018929	94.097	176.1136
106.787186	94.053	176.1100
107.561012	94.012	176.1429
108.340446	93.977	176.2986
109.125526	93.957	176.4992
109.916290	93.949	176.6104
110.712791	93.944	176.6708
111.515060	93.946	176.6906
112.323143	93.950	176.5701
113.137085	93.947	176.3000
113.956924	93.930	175.9451
114.782700	93.895	175.5850
115.614464	93.848	175.3111
116.452255	93.798	175.1218
117.296112	93.745	174.9540
118.146095	93.688	174.8226
119.002228	93.630	174.7844
119.864563	93.579	174.8096
120.733154	93.537	174.8205
121.608040	93.502	174.8176
122.489258	93.474	174.8123
123.376869	93.453	174.8030
124.270905	93.436	174.8495
125.171425	93.425	174.9492
126.078468	93.414	175.0561
126.992081	93.396	175.2084
127.912323	93.368	175.4206
128.839233	93.329	175.6606
129.772842	93.280	175.9425
130.713242	93.226	176.2425
131.660431	93.172	176.4637
132.614502	93.117	176.5999
133.575485	93.067	176.6574
134.543427	93.020	176.6026
135.518387	92.974	176.5518
136.500412	92.939	176.5573
137.489548	92.910	176.5292
138.485855	92.882	176.5429
139.489380	92.856	176.6425
140.500168	92.829	176.7455
141.518295	92.799	176.8862
142.543793	92.768	177.0161
143.576721	92.732	177.0822
144.617142	92.692	177.1820
145.665100	92.654	177.2657
146.720642	92.615	177.3100
147.783844	92.577	177.3865
148.854752	92.543	177.4672
149.933411	92.509	177.5243
151.019897	92.474	177.5881
152.114243	92.436	177.6700
153.216522	92.396	177.7842
154.326797	92.358	177.9458
155.445114	92.326	178.1018
156.571533	92.297	178.2265
157.706116	92.270	178.3549
158.848923	92.243	178.4246
160.000000	92.213	178.5239
161.159424	92.185	178.6446
162.327255	92.159	178.7654
163.503540	92.128	178.8408
164.688354	92.090	178.9969
165.881760	92.050	179.1697
167.083801	92.009	179.3991
168.294571	91.968	179.5051
169.514099	91.920	179.6319
170.742462	91.868	179.7655
171.979736	91.814	179.9855
173.225967	91.768	-179.7610
174.481232	91.721	-179.6358
175.745605	91.669	-179.4561
177.019119	91.614	-179.2600
178.301880	91.565	-178.8872
179.593933	91.527	-178.6569
180.895340	91.485	-178.5190
182.206177	91.447	-178.2118
183.526520	91.416	-177.9888
184.856430	91.390	-177.6808
186.195984	91.377	-177.3388
187.545227	91.366	-177.1096
188.904266	91.353	-176.8273
190.273132	91.335	-176.5367
191.651932	91.313	-176.2195
193.040726	91.295	-175.8157
194.439575	91.285	-175.5236
195.848572	91.275	-175.3488
197.267761	91.259	-175.2055
198.697250	91.241	-174.9858
200.137085	91.226	-174.7615
201.587372	91.206	-174.5714
203.048157	91.182	-174.3591
204.519531	91.155	-174.1275
206.001556	91.130	-173.8631
207.494324	91.105	-173.6402
208.997925	91.076	-173.4538
210.512405	91.041	-173.2504
212.037857	91.007	-173.0031
213.574371	90.979	-172.7803
215.122025	90.957	-172.6008
216.680893	90.934	-172.4635
218.251053	90.905	-172.2853
219.832581	90.869	-172.0616
221.425583	90.825	-171.7722
223.030121	90.781	-171.4088
224.646286	90.744	-171.0334
226.274170	90.717	-170.6756
227.913849	90.695	-170.3849
229.565399	90.671	-170.1014
231.228928	90.643	-169.8694
232.904510	90.607	-169.6637
234.592224	90.570	-169.4036
236.292191	90.540	-169.1279
238.004456	90.513	-168.8866
239.729126	90.487	-168.6236
241.466309	90.459	-168.3387
243.216080	90.429	-168.0515
244.978516	90.401	-167.7512
246.753738	90.374	-167.4093
248.541809	90.347	-166.9967
250.342850	90.315	-166.5637
252.156937	90.278	-166.1485
253.984161	90.242	-165.8264
255.824646	90.212	-165.6215
257.678467	90.185	-165.4272
259.545685	90.159	-165.1019
261.426483	90.132	-164.6855
263.320862	90.102	-164.2833
265.229004	90.072	-163.9207
267.150970	90.043	-163.5845
269.086853	90.017	-163.2234
271.036774	89.989	-162.8405
273.000824	89.960	-162.4559
274.979095	89.927	-162.0858
276.971710	89.892	-161.6973
278.978760	89.858	-161.2207
281.000336	89.829	-160.7106
283.036591	89.804	-160.3161
285.087585	89.779	-159.9941
287.153442	89.754	-159.6020
289.234283	89.733	-159.1957
291.330200	89.713	-158.8148
293.441284	89.687	-158.4224
295.567688	89.656	-158.0013
297.709503	89.623	-157.5627
299.866821	89.592	-157.1324
302.039795	89.568	-156.6841
304.228485	89.547	-156.2204
306.433044	89.522	-155.7371
308.653595	89.495	-155.1880
310.890228	89.472	-154.7159
313.143066	89.451	-154.3117
315.412231	89.429	-153.9032
317.697845	89.405	-153.4428
320.000000	89.384	-152.9083
322.318848	89.368	-152.4090
324.654510	89.353	-151.9795
327.007080	89.334	-151.5091
329.376709	89.314	-150.9781
331.763519	89.294	-150.4932
334.167603	89.272	-150.0505
336.589142	89.245	-149.6163
339.028198	89.218	-149.1297
341.484924	89.194	-148.5733
343.959473	89.176	-148.0238
346.451935	89.157	-147.5165
348.962463	89.136	-147.0001
351.491211	89.114	-146.4986
354.038239	89.092	-146.0090
356.603760	89.068	-145.5218
359.187866	89.041	-145.0154
361.790680	89.014	-144.4299
364.412354	88.992	-143.8426
367.053040	88.974	-143.2809
369.712860	88.957	-142.7098
372.391968	88.938	-142.1719
375.090454	88.917	-141.6779
377.808533	88.893	-141.1854
380.546265	88.868	-140.5904
383.303864	88.844	-139.9249
386.081451	88.821	-139.2944
388.879150	88.801	-138.6787
391.697144	88.786	-138.0873
394.535522	88.770	-137.5596
397.394501	88.748	-136.9608
400.274170	88.727	-136.2934
403.174744	88.712	-135.6868
406.096313	88.697	-135.1196
409.039062	88.681	-134.4979
412.003113	88.663	-133.8427
414.988647	88.646	-133.1832
417.995850	88.626	-132.5285
421.024811	88.603	-131.8754
424.075714	88.584	-131.2177
427.148743	88.571	-130.5961
430.244049	88.557	-129.9073
433.361786	88.540	-129.1743
436.502106	88.521	-128.4958
439.665161	88.507	-127.9000
442.851166	88.498	-127.2659
446.060242	88.489	-126.5642
449.292572	88.475	-125.8547
452.548340	88.459	-125.1556
455.827698	88.443	-124.4740
459.130798	88.428	-123.7728
462.457855	88.411	-123.0574
465.809021	88.392	-122.3428
469.184448	88.373	-121.6288
472.584381	88.361	-120.9243
476.008911	88.352	-120.1835
479.458252	88.340	-119.4352
482.932617	88.327	-118.6778
486.432159	88.317	-117.9114
489.957031	88.309	-117.2055
493.507477	88.301	-116.4935
497.083618	88.291	-115.7232
500.685699	88.279	-114.9654
504.313873	88.266	-114.1679
507.968323	88.248	-113.3072
511.649292	88.228	-112.4544
515.356934	88.213	-111.6146
519.091370	88.203	-110.8113
522.852966	88.197	-110.0363
526.641724	88.189	-109.2592
530.458008	88.179	-108.4649
534.301941	88.170	-107.6599
538.173706	88.160	-106.8439
542.073547	88.150	-105.9987
546.001648	88.142	-105.1264
549.958191	88.133	-104.2225
553.943420	88.128	-103.3940
557.957520	88.125	-102.6017
562.000671	88.121	-101.7294
566.073181	88.113	-100.8504
570.175171	88.100	-99.9524
574.306885	88.087	-99.0131
578.468567	88.076	-98.0992
582.660400	88.069	-97.2547
586.882568	88.066	-96.3561
591.135376	88.063	-95.4381
595.419006	88.056	-94.5201
599.733643	88.049	-93.5547
604.079590	88.044	-92.5423
608.456970	88.039	-91.5250
612.866089	88.035	-90.6262
617.307190	88.032	-89.7222
621.780457	88.029	-88.7344
626.286133	88.029	-87.7235
630.824463	88.030	-86.7378
635.395691	88.031	-85.7535
640.000000	88.027	-84.7606
644.637695	88.022	-83.7626
649.309021	88.017	-82.6940
654.014160	88.012	-81.6835
658.753418	88.008	-80.7077
663.527039	88.006	-79.6334
668.335205	88.008	-78.5425
673.178284	88.010	-77.4935
678.056396	88.012	-76.4468
682.969849	88.015	-75.3461
687.918945	88.018	-74.2147
692.903870	88.019	-73.0802
697.924927	88.019	-72.0029
702.982422	88.021	-70.9354
708.076477	88.024	-69.8109
713.207520	88.028	-68.6854
718.375732	88.032	-67.5468
723.581360	88.035	-66.3866
728.824707	88.040	-65.2468
734.106079	88.045	-64.0671
739.425720	88.052	-62.8133
744.783936	88.062	-61.5785
750.180908	88.073	-60.3548
755.617065	88.082	-59.1505
761.092529	88.089	-57.9262
766.607727	88.098	-56.6534
772.162903	88.107	-55.3732
777.758301	88.116	-54.1161
783.394287	88.126	-52.8236
789.071045	88.142	-51.5053
794.789001	88.159	-50.1951
800.548340	88.178	-48.9121
806.349487	88.197	-47.6190
812.192627	88.215	-46.2677
818.078125	88.234	-44.9100
824.006226	88.254	-43.5815
829.977295	88.277	-42.2246
835.991699	88.303	-40.8575
842.049622	88.329	-39.5446
848.151428	88.354	-38.1997
854.297485	88.378	-36.8353
860.488098	88.404	-35.4439
866.723572	88.431	-33.9806
873.004211	88.457	-32.4868
879.330322	88.483	-31.0433
885.702332	88.510	-29.5979
892.120483	88.542	-28.0872
898.585144	88.576	-26.6906
905.096680	88.611	-25.2924
911.655396	88.650	-23.8358
918.261597	88.693	-22.3675
924.915710	88.740	-20.9178
931.618042	88.787	-19.4229
938.368896	88.832	-17.9111
945.168762	88.868	-16.4382
952.017822	88.893	-14.9119
958.916504	88.912	-13.3640
965.865234	88.931	-11.8970
972.864319	88.959	-10.4376
979.914062	89.001	-8.9505
987.014954	89.057	-7.4102
994.167236	89.121	-5.8496
1001.371399	89.188	-4.2865
1008.627747	89.254	-2.7805
1015.936646	89.319	-1.3057
1023.298584	89.387	0.1964
1030.713867	89.454	1.7327
1038.182739	89.517	3.2617
1045.705933	89.577	4.7729
1053.283447	89.637	6.2799
1060.916016	89.699	7.7871
1068.603882	89.760	9.2885
1076.347412	89.818	10.8314
1084.147095	89.873	12.3412
1092.003296	89.926	13.8477
1099.916382	89.985	15.3542
1107.886841	90.048	16.8807
1115.915039	90.111	18.4133
1124.001343	90.174	20.0022
1132.146362	90.234	21.5323
1140.350342	90.292	23.0084
1148.613770	90.349	24.5081
1156.937134	90.406	26.0185
1165.320801	90.465	27.5167
1173.765137	90.523	29.0629
1182.270752	90.580	30.6454
1190.838013	90.636	32.1891
1199.467285	90.690	33.6953
1208.159180	90.745	35.1984
1216.913940	90.801	36.7374
1225.732178	90.860	38.3057
1234.614380	90.919	39.8648
1243.560913	90.976	41.4295
1252.572266	91.029	42.9970
1261.648926	91.083	44.5993
1270.791382	91.141	46.1959
1280.000000	91.200	47.7807
1289.275391	91.257	49.3745
1298.618042	91.314	50.9837
1308.028320	91.372	52.6238
1317.506836	91.431	54.2411
1327.054077	91.488	55.8480
1336.670410	91.546	57.4824
1346.356567	91.605	59.1484
1356.112793	91.664	60.8290
1365.939697	91.725	62.5200
1375.837891	91.783	64.1943
1385.807739	91.839	65.8685
1395.849854	91.894	67.5831
1405.964844	91.947	69.3218
1416.152954	91.998	71.0828
1426.415039	92.051	72.8589
1436.751465	92.107	74.6441
1447.162720	92.165	76.4330
1457.649414	92.224	78.2280
1468.212158	92.284	80.0408
1478.851440	92.341	81.8445
1489.567871	92.396	83.6941
1500.361816	92.453	85.5745
1511.234131	92.511	87.4220
1522.185059	92.569	89.2917
1533.215454	92.626	91.1826
1544.325806	92.684	93.0685
1555.516602	92.743	94.9547
1566.788574	92.803	96.8635
1578.142090	92.866	98.7910
1589.578003	92.931	100.7224
1601.096680	92.997	102.6605
1612.698975	93.060	104.6175
1624.385254	93.121	106.5784
1636.156250	93.183	108.5708
1648.012451	93.246	110.5742
1659.954590	93.309	112.5667
1671.983398	93.373	114.5621
1684.099243	93.437	116.5976
1696.302856	93.503	118.6439
1708.594971	93.572	120.6719
1720.976196	93.645	122.7081
1733.447144	93.719	124.7670
1746.008423	93.791	126.8145
1758.660645	93.862	128.8724
1771.404663	93.935	130.9471
1784.240967	94.007	133.0238
1797.170288	94.079	135.1109
1810.193359	94.151	137.2147
1823.310791	94.227	139.2980
1836.523193	94.303	141.3753
1849.831421	94.380	143.4742
1863.236084	94.459	145.6000
1876.737793	94.539	147.7164
1890.337524	94.620	149.8172
1904.035645	94.701	151.9350
1917.833008	94.781	154.0886
1931.730469	94.860	156.2533
1945.728638	94.941	158.4092
1959.828125	95.024	160.5594
1974.029907	95.108	162.7160
1988.334473	95.194	164.8566
2002.742798	95.279	167.0131
2017.255493	95.365	169.1805
2031.873291	95.452	171.3401
2046.597168	95.540	173.5104
2061.427734	95.626	175.6891
2076.365479	95.711	177.8796
2091.411865	95.796	-179.9253
2106.566895	95.883	-177.7373
2121.832031	95.973	-175.5468
2137.207764	96.065	-173.3358
2152.694824	96.158	-171.1309
2168.294189	96.251	-168.9507
2184.006592	96.344	-166.7681
2199.832764	96.438	-164.5533
2215.773682	96.533	-162.3542
2231.830078	96.629	-160.1746
2248.002686	96.727	-158.0156
2264.292725	96.826	-155.8757
2280.700684	96.924	-153.7318
2297.227539	97.020	-151.5913
2313.874268	97.115	-149.4300
2330.641602	97.208	-147.2965
2347.530273	97.300	-145.1924
2364.541504	97.392	-143.0645
2381.676025	97.484	-140.9408
2398.934570	97.575	-138.8222
2416.318359	97.663	-136.6935
2433.827881	97.751	-134.5685
2451.464355	97.839	-132.4540
2469.228760	97.926	-130.3339
2487.121826	98.012	-128.2144
2505.144531	98.098	-126.1147
2523.297852	98.182	-124.0263
2541.582764	98.267	-121.9240
2560.000000	98.348	-119.8306
2578.550781	98.426	-117.7574
2597.236084	98.501	-115.6937
2616.056641	98.574	-113.6292
2635.013672	98.645	-111.5721
2654.108154	98.714	-109.5396
2673.340820	98.781	-107.4899
2692.713135	98.843	-105.4220
2712.225586	98.902	-103.3635
2731.879395	98.957	-101.3337
2751.675781	99.009	-99.2984
2771.615479	99.059	-97.2489
2791.699707	99.104	-95.2111
2811.929688	99.145	-93.1865
2832.305908	99.181	-91.1498
2852.830078	99.214	-89.0836
2873.502930	99.244	-87.0110
2894.325439	99.269	-84.9399
2915.298828	99.291	-82.8793
2936.424316	99.310	-80.8131
2957.702881	99.326	-78.7211
2979.135742	99.340	-76.6068
3000.723633	99.351	-74.4798
3022.468262	99.357	-72.3420
3044.370117	99.359	-70.1872
3066.430908	99.356	-68.0250
3088.651611	99.349	-65.8488
3111.033203	99.337	-63.6560
3133.577148	99.322	-61.4424
3156.284180	99.307	-59.2054
3179.156006	99.295	-56.9573
3202.193359	99.283	-54.7069
3225.397949	99.269	-52.4314
3248.770508	99.255	-50.1187
3272.312500	99.242	-47.7711
3296.024902	99.227	-45.3959
3319.909180	99.210	-42.9961
3343.966797	99.187	-40.5774
3368.198486	99.158	-38.1407
3392.605713	99.122	-35.6736
3417.189941	99.080	-33.1703
3441.952393	99.034	-30.6285
3466.894287	98.983	-28.0576
3492.016846	98.928	-25.4799
3517.321289	98.870	-22.8780
3542.809326	98.810	-20.2383
3568.481934	98.749	-17.5552
3594.340576	98.686	-14.8271
3620.386719	98.623	-12.0835
3646.621582	98.561	-9.3150
3673.046387	98.501	-6.5443
3699.662842	98.445	-3.7502
3726.472168	98.395	-0.9105
3753.475586	98.355	1.9489
3780.675049	98.326	4.8126
3808.071289	98.304	7.7064
3835.666016	98.284	10.6406
3863.460938	98.263	13.5786
3891.457275	98.238	16.5110
3919.656250	98.210	19.4220
3948.059814	98.179	22.3277
3976.668945	98.143	25.2032
4005.485596	98.096	28.0765
4034.510986	98.034	31.0070
4063.746582	97.961	33.9475
4093.194336	97.883	36.8888
4122.855469	97.799	39.8774
4152.730957	97.709	42.9067
4182.823730	97.614	45.9641
4213.133789	97.521	49.0494
4243.664062	97.431	52.1666
4274.415527	97.346	55.2900
4305.389648	97.262	58.4077
4336.588379	97.180	61.5072
4368.013184	97.099	64.5904
4399.665527	97.019	67.6776
4431.547363	96.941	70.7544
4463.660156	96.864	73.8120
4496.005371	96.784	76.8706
4528.585449	96.701	79.9421
4561.401367	96.612	83.0140
4594.455078	96.519	86.1039
4627.748535	96.423	89.2241
4661.283203	96.324	92.3184
4695.060547	96.225	95.4418
4729.083008	96.124	98.6036
4763.352051	96.021	101.7861
4797.869141	95.915	105.0151
4832.636719	95.806	108.3136
4867.655762	95.695	111.6423
4902.928711	95.587	114.9969
4938.457520	95.482	118.4020
4974.243652	95.376	121.8377
5010.289062	95.270	125.3031
5046.595703	95.163	128.8018
5083.165527	95.057	132.3329
5120.000000	94.951	135.9032
5157.101562	94.843	139.5083
5194.472168	94.732	143.1281
5232.113281	94.620	146.7850
5270.027344	94.509	150.4852
5308.216309	94.396	154.1880
5346.681641	94.279	157.9041
5385.426270	94.160	161.6699
5424.451172	94.041	165.4771
5463.758789	93.922	169.2932
5503.351562	93.805	173.1111
5543.230957	93.692	176.9393
5583.399414	93.584	-179.2012
5623.859375	93.480	-175.2919
5664.611816	93.378	-171.3600
5705.660156	93.280	-167.3895
5747.005859	93.187	-163.3808
5788.650879	93.099	-159.3408
5830.597656	93.015	-155.2741
5872.848633	92.933	-151.1714
5915.405762	92.855	-147.0734
5958.271484	92.779	-142.9797
6001.447266	92.704	-138.8191
6044.936523	92.630	-134.6036
6088.740234	92.561	-130.3605
6132.861816	92.495	-126.1282
6177.303223	92.432	-121.8875
6222.066406	92.375	-117.6329
6267.154297	92.324	-113.3563
6312.568359	92.280	-109.0461
6358.312012	92.241	-104.7077
6404.386719	92.205	-100.3428
6450.795898	92.172	-95.9793
6497.541016	92.147	-91.6370
6544.625000	92.131	-87.3026
6592.049805	92.126	-82.9724
6639.818359	92.131	-78.6364
6687.933594	92.143	-74.3170
6736.396973	92.162	-70.0154
6785.211426	92.187	-65.6906
6834.379883	92.219	-61.3586
6883.904785	92.259	-57.0175
6933.788574	92.312	-52.6924
6984.033691	92.382	-48.4168
7034.642578	92.470	-44.1507
7085.618652	92.572	-39.8930
7136.963867	92.685	-35.6611
7188.681152	92.813	-31.4487
7240.773438	92.958	-27.3083
7293.243164	93.120	-23.2437
7346.092773	93.300	-19.2252
7399.325684	93.499	-15.3004
7452.944336	93.718	-11.4653
7506.951172	93.960	-7.7003
7561.350098	94.223	-4.0701
7616.142578	94.508	-0.6398
7671.332031	94.816	2.5925
7726.921875	95.145	5.5812
7782.914551	95.495	8.2735
7839.312500	95.859	10.6315
7896.119629	96.236	12.5759
7953.337891	96.621	14.0579
8010.971191	97.003	15.0182
8069.021973	97.368	15.3792
8127.493164	97.695	15.1141
8186.388672	97.961	14.2560
8245.710938	98.139	12.8780
8305.461914	98.207	11.1323
8365.647461	98.146	9.2068
8426.267578	97.950	7.3221
8487.328125	97.624	5.7015
8548.831055	97.185	4.5522
8610.779297	96.653	3.9847
8673.176758	96.054	4.0535
8736.026367	95.413	4.7723
8799.331055	94.755	6.1311
8863.094727	94.098	8.0550
8927.320312	93.452	10.4617
8992.010742	92.825	13.3057
9057.170898	92.220	16.5516
9122.802734	91.641	20.0971
9188.910156	91.089	23.9023
9255.497070	90.563	27.9387
9322.566406	90.060	32.1626
9390.121094	89.583	36.5713
9458.166016	89.130	41.1220
9526.704102	88.701	45.7861
9595.738281	88.296	50.5936
9665.273438	87.914	55.4672
9735.311523	87.552	60.3490
9805.857422	87.208	65.2972
9876.915039	86.886	70.3217
9948.487305	86.587	75.3804
10020.578125	86.309	80.5193
10093.191406	86.053	85.7355
10166.331055	85.822	90.9750
10240.000000	85.613	96.2231
10314.203125	85.423	101.5030
10388.944336	85.255	106.7529
10464.226562	85.113	112.0533
10540.054688	84.997	117.4000
10616.432617	84.901	122.7101
10693.363281	84.827	128.0356
10770.852539	84.773	133.3601
10848.902344	84.736	138.5542
10927.517578	84.723	143.6936
11006.703125	84.738	148.8351
11086.461914	84.779	153.9502
11166.798828	84.851	158.9207
11247.718750	84.960	163.7634
11329.223633	85.098	168.5229
11411.320312	85.266	173.0610
11494.011719	85.473	177.3075
11577.301758	85.725	-178.7649
11661.195312	86.015	-175.3002
11745.697266	86.335	-172.4727
11830.811523	86.666	-170.4802
11916.542969	86.951	-169.6647
12002.894531	87.079	-170.6360
12089.873047	86.854	-173.6509
12177.480469	86.021	-177.3168
12265.723633	84.468	-176.4724
12354.606445	82.834	-161.2852
12444.132812	82.727	-135.8896
12534.308594	84.150	-122.0919
12625.136719	85.749	-117.6989
12716.624023	87.056	-116.9900
12808.773438	88.066	-117.8950
12901.591797	88.823	-119.7747
12995.082031	89.356	-122.3123
13089.250000	89.680	-125.2219
13184.099609	89.806	-128.1887
13279.636719	89.748	-130.9519
13375.867188	89.537	-133.2861
13472.793945	89.213	-135.0176
13570.422852	88.812	-135.9940
13668.759766	88.362	-136.2231
13767.809570	87.894	-135.8527
13867.577148	87.436	-135.0022
13968.067383	87.030	-133.7295
14069.285156	86.722	-132.1007
14171.237305	86.517	-130.2173
14273.927734	86.388	-128.1965
14377.362305	86.316	-126.0443
14481.546875	86.274	-123.8630
14586.486328	86.230	-121.6851
14692.185547	86.187	-119.6244
14798.651367	86.164	-117.7812
14905.888672	86.161	-116.1232
15013.902344	86.173	-114.7185
15122.700195	86.198	-113.6567
15232.285156	86.237	-113.0260
15342.664062	86.285	-112.7526
15453.843750	86.321	-112.9291
15565.829102	86.316	-113.6930
15678.625000	86.265	-114.9775
15792.239258	86.174	-116.8334
15906.675781	86.028	-119.2427
16021.942383	85.795	-122.1305
16138.043945	85.450	-125.4712
16254.986328	85.002	-129.1714
16372.777344	84.485	-133.1671
16491.421875	83.955	-137.4286
16610.923828	83.470	-141.8464
16731.294922	83.009	-146.3270
16852.535156	82.522	-150.7257
16974.656250	81.985	-154.9803
17097.662109	81.388	-159.1453
17221.558594	80.742	-163.1716
17346.353516	80.065	-167.0123
17472.052734	79.360	-170.7415
17598.662109	78.618	-174.5587
17726.189453	77.841	-178.5574
17854.640625	77.046	177.3638
17984.021484	76.252	173.4707
18114.341797	75.447	169.8401
18245.605469	74.608	165.8350
18377.820312	73.745	161.6689
18510.994141	72.882	157.6890
18645.132812	72.023	153.3921
18780.242188	71.161	148.3690
18916.332031	70.313	142.8743
19053.408203	69.465	137.2642
19191.476562	68.598	130.9429
19330.546875	67.725	123.4995
19470.623047	66.819	115.6506
19611.714844	65.851	107.2781
19753.830078	64.916	98.5798
19896.974609	64.123	89.1677
