* Measurement data measured by REW V5.31
* Source: Headset (USB-C to 3.5mm Headphone Jack Adapter), MICROPHONE, L, volume: 0.250. Timing signal peak level -46.7 dBFS, measurement signal peak level -45.2 dBFS
* Format: 1M Log Swept Sine, 1 sweep at 0.0 dBFS using an acoustic timing reference
* Dated: 11-Apr-2024 15:53:11
* REW Settings:
*  C-weighting compensation: Off
*  Target level: 75.0 dB
* Note: ; Delay -0.0547 ms (-19 mm, -0.74 in) using estimated IR delay relative to Acoustic reference played from SPEAKER L with no timing offset Clock adjustment: 24.7 ppm
* Measurement: Chu2Velvet L4
* Smoothing: 1/48 octave
* Frequency Step: 1/96 octave
* Start Frequency: 20.000 Hz
*
* Freq(Hz)	SPL(dB)	Phase(degrees)
20.000000	95.630	-120.4810
20.144928	95.679	-120.9794
20.290907	95.732	-121.5438
20.437943	95.785	-122.1580
20.586044	95.831	-122.8349
20.735220	95.869	-123.5824
20.885475	95.895	-124.3437
21.036821	95.906	-125.1197
21.189262	95.903	-125.8856
21.342808	95.888	-126.5770
21.497467	95.862	-127.2118
21.653246	95.833	-127.7549
21.810154	95.802	-128.1913
21.968201	95.775	-128.5526
22.127390	95.758	-128.8394
22.287735	95.751	-129.0719
22.449242	95.756	-129.3074
22.611917	95.771	-129.5348
22.775772	95.793	-129.8014
22.940815	95.820	-130.1085
23.107054	95.847	-130.4460
23.274498	95.872	-130.8218
23.443153	95.893	-131.2060
23.613033	95.911	-131.5832
23.784142	95.926	-131.9480
23.956491	95.942	-132.2773
24.130091	95.959	-132.5827
24.304947	95.982	-132.8701
24.481071	96.011	-133.1456
24.658470	96.045	-133.4415
24.837156	96.084	-133.7553
25.017136	96.125	-134.1096
25.198421	96.166	-134.5003
25.381020	96.204	-134.9174
25.564941	96.237	-135.3593
25.750195	96.266	-135.7958
25.936790	96.290	-136.2280
26.124741	96.313	-136.6357
26.314051	96.334	-137.0226
26.504732	96.359	-137.3947
26.696796	96.385	-137.7578
26.890253	96.415	-138.1342
27.085112	96.446	-138.5259
27.281382	96.476	-138.9494
27.479073	96.504	-139.3967
27.678198	96.527	-139.8687
27.878765	96.544	-140.3466
28.080786	96.554	-140.8236
28.284271	96.559	-141.2786
28.489231	96.558	-141.7068
28.695675	96.555	-142.0963
28.903616	96.551	-142.4472
29.113064	96.547	-142.7590
29.324028	96.545	-143.0385
29.536524	96.547	-143.2901
29.750557	96.553	-143.5321
29.966141	96.566	-143.7707
30.183289	96.583	-144.0327
30.402010	96.604	-144.3240
30.622314	96.625	-144.6626
30.844217	96.644	-145.0392
31.067726	96.656	-145.4523
31.292856	96.660	-145.8644
31.519617	96.657	-146.2571
31.748020	96.650	-146.5959
31.978081	96.645	-146.8755
32.209808	96.647	-147.1012
32.443211	96.661	-147.3138
32.678310	96.688	-147.5685
32.915108	96.723	-147.9027
33.153625	96.759	-148.3615
33.393871	96.784	-148.9141
33.635857	96.792	-149.5404
33.879597	96.780	-150.1319
34.125103	96.752	-150.6356
34.372387	96.717	-150.9883
34.621464	96.692	-151.1907
34.872345	96.687	-151.3149
35.125042	96.707	-151.4333
35.379574	96.745	-151.6866
35.635948	96.786	-152.0972
35.894180	96.814	-152.6622
36.154285	96.814	-153.2895
36.416275	96.787	-153.8229
36.680161	96.744	-154.1793
36.945961	96.705	-154.2779
37.213688	96.697	-154.1961
37.483353	96.729	-154.1077
37.754974	96.798	-154.1718
38.028561	96.882	-154.5618
38.304131	96.945	-155.2800
38.581699	96.963	-156.1814
38.861279	96.925	-157.0887
39.142883	96.836	-157.7511
39.426529	96.728	-157.9723
39.712231	96.642	-157.7716
40.000000	96.609	-157.2915
40.289856	96.644	-156.7956
40.581814	96.731	-156.6057
40.875885	96.834	-156.8534
41.172089	96.918	-157.4830
41.470440	96.961	-158.3513
41.770950	96.957	-159.2670
42.073643	96.918	-160.0595
42.378525	96.863	-160.6829
42.685616	96.806	-161.1903
42.994934	96.749	-161.6475
43.306492	96.684	-162.0816
43.620308	96.603	-162.4398
43.936401	96.508	-162.5858
44.254780	96.421	-162.3849
44.575470	96.375	-161.8474
44.898483	96.399	-161.1634
45.223835	96.495	-160.6312
45.551544	96.643	-160.5153
45.881630	96.800	-160.9244
46.214108	96.929	-161.7800
46.548996	97.007	-162.8801
46.886307	97.033	-164.0047
47.226067	97.022	-165.0066
47.568283	96.989	-165.8466
47.912983	96.945	-166.5557
48.260181	96.893	-167.1712
48.609894	96.833	-167.6965
48.962143	96.768	-168.1088
49.316940	96.703	-168.3985
49.674313	96.647	-168.5992
50.034271	96.601	-168.7752
50.396843	96.560	-168.9747
50.762039	96.519	-169.1926
51.129883	96.476	-169.3827
51.500389	96.436	-169.5098
51.873581	96.409	-169.5933
52.249481	96.396	-169.6973
52.628101	96.395	-169.8737
53.009464	96.398	-170.1131
53.393593	96.402	-170.3556
53.780506	96.413	-170.5511
54.170223	96.439	-170.7135
54.562763	96.483	-170.9122
54.958145	96.536	-171.2112
55.356396	96.588	-171.6151
55.757530	96.630	-172.0722
56.161572	96.659	-172.5185
56.568542	96.676	-172.9154
56.978462	96.682	-173.2458
57.391350	96.678	-173.4875
57.807232	96.666	-173.6094
58.226128	96.652	-173.6071
58.648056	96.644	-173.5322
59.073048	96.639	-173.4695
59.501114	96.631	-173.4753
59.932281	96.608	-173.5289
60.366577	96.571	-173.5603
60.804020	96.526	-173.5271
61.244629	96.483	-173.4615
61.688435	96.447	-173.4420
62.135452	96.412	-173.5271
62.585712	96.374	-173.7128
63.039234	96.329	-173.9575
63.496040	96.281	-174.2294
63.956161	96.233	-174.5160
64.419617	96.186	-174.8045
64.886421	96.143	-175.0716
65.356621	96.108	-175.3060
65.830215	96.086	-175.5287
66.307251	96.072	-175.7739
66.787743	96.063	-176.0443
67.271713	96.053	-176.3062
67.759193	96.044	-176.5345
68.250206	96.036	-176.7479
68.744774	96.025	-176.9708
69.242928	96.006	-177.1682
69.744690	95.981	-177.2639
70.250084	95.964	-177.2483
70.759148	95.963	-177.2498
71.271896	95.969	-177.4243
71.788361	95.960	-177.7815
72.308571	95.924	-178.1514
72.832550	95.874	-178.3626
73.360321	95.831	-178.4225
73.891922	95.804	-178.4839
74.427376	95.783	-178.6468
74.966705	95.758	-178.8498
75.509949	95.732	-178.9907
76.057121	95.716	-179.0833
76.608261	95.710	-179.2402
77.163399	95.704	-179.5290
77.722557	95.683	-179.9113
78.285767	95.643	179.7090
78.853058	95.589	179.4377
79.424461	95.532	179.3297
80.000000	95.488	179.3450
80.579712	95.463	179.3641
81.163628	95.451	179.2852
81.751770	95.441	179.1038
82.344177	95.427	178.8596
82.940880	95.404	178.5885
83.541901	95.372	178.3429
84.147285	95.333	178.1984
84.757050	95.298	178.1771
85.371231	95.273	178.2149
85.989868	95.257	178.2409
86.612984	95.245	178.2572
87.240616	95.239	178.2893
87.872803	95.241	178.2911
88.509560	95.247	178.1315
89.150940	95.236	177.7588
89.796967	95.191	177.3414
90.447670	95.122	177.1619
91.103088	95.063	177.2807
91.763260	95.033	177.4101
92.428215	95.015	177.2946
93.097992	94.985	177.0184
93.772614	94.940	176.8241
94.452133	94.896	176.7598
95.136566	94.862	176.7061
95.825966	94.834	176.6135
96.520363	94.809	176.4885
97.219788	94.782	176.3273
97.924286	94.751	176.2127
98.633881	94.724	176.2390
99.348625	94.711	176.2914
100.068542	94.701	176.2325
100.793686	94.681	176.1760
101.524078	94.657	176.2135
102.259766	94.632	176.2280
103.000778	94.597	176.2253
103.747162	94.559	176.3335
104.498962	94.528	176.4487
105.256203	94.497	176.4107
106.018929	94.458	176.3091
106.787186	94.415	176.2321
107.561012	94.371	176.1051
108.340446	94.323	175.9594
109.125526	94.277	175.9196
109.916290	94.242	175.9218
110.712791	94.213	175.8463
111.515060	94.182	175.7693
112.323143	94.152	175.7798
113.137085	94.127	175.8014
113.956924	94.102	175.7610
114.782700	94.070	175.6926
115.614464	94.032	175.6653
116.452255	93.993	175.6971
117.296112	93.957	175.7238
118.146095	93.922	175.7100
119.002228	93.885	175.7156
119.864563	93.852	175.7406
120.733154	93.820	175.7219
121.608040	93.788	175.7211
122.489258	93.761	175.7547
123.376869	93.734	175.6774
124.270905	93.695	175.5731
125.171425	93.651	175.6351
126.078468	93.616	175.7502
126.992081	93.584	175.8236
127.912323	93.555	175.9005
128.839233	93.525	175.9233
129.772842	93.489	175.9324
130.713242	93.453	176.0172
131.660431	93.423	176.0915
132.614502	93.393	176.1009
133.575485	93.363	176.1221
134.543427	93.334	176.1735
135.518387	93.307	176.1642
136.500412	93.272	176.1152
137.489548	93.233	176.1627
138.485855	93.199	176.2761
139.489380	93.168	176.3419
140.500168	93.135	176.3812
141.518295	93.098	176.4462
142.543793	93.063	176.5779
143.576721	93.033	176.7106
144.617142	93.001	176.7314
145.665100	92.961	176.7752
146.720642	92.921	176.8911
147.783844	92.883	177.0046
148.854752	92.850	177.0977
149.933411	92.814	177.0920
151.019897	92.771	177.0771
152.114243	92.726	177.1729
153.216522	92.687	177.3243
154.326797	92.659	177.4644
155.445114	92.636	177.5544
156.571533	92.615	177.6219
157.706116	92.593	177.6946
158.848923	92.567	177.7664
160.000000	92.537	177.8887
161.159424	92.507	178.0465
162.327255	92.475	178.1954
163.503540	92.442	178.3640
164.688354	92.410	178.5434
165.881760	92.376	178.6978
167.083801	92.339	178.8098
168.294571	92.297	178.9018
169.514099	92.248	178.9810
170.742462	92.192	179.0800
171.979736	92.133	179.2003
173.225967	92.073	179.3035
174.481232	92.016	179.4089
175.745605	91.965	179.5464
177.019119	91.922	179.7243
178.301880	91.889	179.9363
179.593933	91.863	-179.8729
180.895340	91.840	-179.7119
182.206177	91.815	-179.5699
183.526520	91.788	-179.4046
184.856430	91.763	-179.1759
186.195984	91.743	-178.9554
187.545227	91.722	-178.8211
188.904266	91.696	-178.6824
190.273132	91.666	-178.5344
191.651932	91.634	-178.3796
193.040726	91.599	-178.2239
194.439575	91.565	-178.0189
195.848572	91.532	-177.7966
197.267761	91.499	-177.6115
198.697250	91.461	-177.4385
200.137085	91.421	-177.2480
201.587372	91.384	-177.0381
203.048157	91.349	-176.8514
204.519531	91.314	-176.6873
206.001556	91.280	-176.4485
207.494324	91.250	-176.2036
208.997925	91.218	-176.0085
210.512405	91.182	-175.7787
212.037857	91.145	-175.5057
213.574371	91.107	-175.2996
215.122025	91.065	-175.0737
216.680893	91.026	-174.7595
218.251053	90.991	-174.5115
219.832581	90.957	-174.3084
221.425583	90.923	-174.0580
223.030121	90.892	-173.8007
224.646286	90.861	-173.5689
226.274170	90.824	-173.3072
227.913849	90.786	-172.9793
229.565399	90.751	-172.6325
231.228928	90.720	-172.2889
232.904510	90.691	-172.0057
234.592224	90.660	-171.7705
236.292191	90.624	-171.5003
238.004456	90.588	-171.1936
239.729126	90.557	-170.8715
241.466309	90.531	-170.5889
243.216080	90.509	-170.3548
244.978516	90.489	-170.1444
246.753738	90.471	-169.9443
248.541809	90.452	-169.7308
250.342850	90.435	-169.4842
252.156937	90.417	-169.2358
253.984161	90.394	-168.9965
255.824646	90.363	-168.7264
257.678467	90.328	-168.4686
259.545685	90.292	-168.2268
261.426483	90.261	-168.0007
263.320862	90.235	-167.7318
265.229004	90.210	-167.4249
267.150970	90.182	-167.1247
269.086853	90.148	-166.8024
271.036774	90.113	-166.4940
273.000824	90.079	-166.2146
274.979095	90.048	-165.9494
276.971710	90.016	-165.7012
278.978760	89.983	-165.4161
281.000336	89.952	-165.0665
283.036591	89.926	-164.7276
285.087585	89.898	-164.4749
287.153442	89.864	-164.1675
289.234283	89.832	-163.7955
291.330200	89.807	-163.4264
293.441284	89.787	-163.0650
295.567688	89.766	-162.7461
297.709503	89.740	-162.4542
299.866821	89.707	-162.1452
302.039795	89.673	-161.8016
304.228485	89.641	-161.4359
306.433044	89.613	-161.0925
308.653595	89.588	-160.7651
310.890228	89.564	-160.4242
313.143066	89.541	-160.0266
315.412231	89.519	-159.6198
317.697845	89.497	-159.2306
320.000000	89.474	-158.8658
322.318848	89.449	-158.5182
324.654510	89.422	-158.1678
327.007080	89.393	-157.8017
329.376709	89.367	-157.4159
331.763519	89.345	-157.0486
334.167603	89.326	-156.7212
336.589142	89.310	-156.4562
339.028198	89.298	-156.1705
341.484924	89.284	-155.8155
343.959473	89.263	-155.4002
346.451935	89.237	-155.0506
348.962463	89.210	-154.7826
351.491211	89.187	-154.4319
354.038239	89.165	-154.0198
356.603760	89.139	-153.6517
359.187866	89.111	-153.2905
361.790680	89.085	-152.9055
364.412354	89.063	-152.5097
367.053040	89.041	-152.1055
369.712860	89.020	-151.6974
372.391968	89.001	-151.3341
375.090454	88.983	-150.9950
377.808533	88.966	-150.6323
380.546265	88.947	-150.2493
383.303864	88.924	-149.8317
386.081451	88.901	-149.4264
388.879150	88.880	-149.0865
391.697144	88.862	-148.7002
394.535522	88.844	-148.3376
397.394501	88.823	-148.0230
400.274170	88.800	-147.6484
403.174744	88.778	-147.2235
406.096313	88.757	-146.7610
409.039062	88.737	-146.3287
412.003113	88.718	-145.9538
414.988647	88.698	-145.5899
417.995850	88.677	-145.2118
421.024811	88.657	-144.7818
424.075714	88.639	-144.3408
427.148743	88.621	-143.9237
430.244049	88.603	-143.5453
433.361786	88.582	-143.1903
436.502106	88.563	-142.7934
439.665161	88.544	-142.3743
442.851166	88.527	-141.9400
446.060242	88.512	-141.5066
449.292572	88.497	-141.0900
452.548340	88.476	-140.6409
455.827698	88.453	-140.1912
459.130798	88.434	-139.7585
462.457855	88.417	-139.3727
465.809021	88.400	-138.9930
469.184448	88.385	-138.5753
472.584381	88.373	-138.1261
476.008911	88.362	-137.7126
479.458252	88.350	-137.3073
482.932617	88.336	-136.8732
486.432159	88.321	-136.4603
489.957031	88.306	-136.0673
493.507477	88.290	-135.6131
497.083618	88.274	-135.1093
500.685699	88.260	-134.6540
504.313873	88.245	-134.3000
507.968323	88.232	-133.9535
511.649292	88.220	-133.5430
515.356934	88.206	-133.1235
519.091370	88.193	-132.7137
522.852966	88.182	-132.2634
526.641724	88.168	-131.7914
530.458008	88.154	-131.3112
534.301941	88.145	-130.8640
538.173706	88.139	-130.4093
542.073547	88.131	-129.9240
546.001648	88.119	-129.4462
549.958191	88.104	-128.9712
553.943420	88.091	-128.4980
557.957520	88.078	-128.0538
562.000671	88.065	-127.6212
566.073181	88.055	-127.2244
570.175171	88.047	-126.7792
574.306885	88.039	-126.2906
578.468567	88.028	-125.8484
582.660400	88.015	-125.3768
586.882568	88.004	-124.8456
591.135376	87.997	-124.3279
595.419006	87.993	-123.8444
599.733643	87.990	-123.4191
604.079590	87.982	-122.9622
608.456970	87.970	-122.4542
612.866089	87.962	-121.9498
617.307190	87.960	-121.4165
621.780457	87.959	-120.9461
626.286133	87.954	-120.4894
630.824463	87.947	-119.9554
635.395691	87.941	-119.4417
640.000000	87.938	-119.0050
644.637695	87.935	-118.5400
649.309021	87.934	-117.9634
654.014160	87.936	-117.4050
658.753418	87.937	-116.8834
663.527039	87.935	-116.3434
668.335205	87.933	-115.8319
673.178284	87.936	-115.3237
678.056396	87.939	-114.8458
682.969849	87.938	-114.3302
687.918945	87.935	-113.7341
692.903870	87.931	-113.1399
697.924927	87.931	-112.5697
702.982422	87.935	-112.0302
708.076477	87.941	-111.4856
713.207520	87.947	-110.9496
718.375732	87.952	-110.3848
723.581360	87.958	-109.7849
728.824707	87.964	-109.2078
734.106079	87.970	-108.6547
739.425720	87.977	-108.0874
744.783936	87.986	-107.5119
750.180908	87.997	-106.9507
755.617065	88.007	-106.3628
761.092529	88.016	-105.7572
766.607727	88.023	-105.1822
772.162903	88.029	-104.6068
777.758301	88.037	-103.9836
783.394287	88.050	-103.3734
789.071045	88.064	-102.8110
794.789001	88.075	-102.2368
800.548340	88.089	-101.6381
806.349487	88.109	-101.0233
812.192627	88.132	-100.3827
818.078125	88.151	-99.7363
824.006226	88.169	-99.1096
829.977295	88.189	-98.4752
835.991699	88.209	-97.8695
842.049622	88.228	-97.1946
848.151428	88.251	-96.5163
854.297485	88.277	-95.9398
860.488098	88.301	-95.3455
866.723572	88.326	-94.7118
873.004211	88.357	-94.0392
879.330322	88.386	-93.3806
885.702332	88.414	-92.7427
892.120483	88.443	-92.0869
898.585144	88.477	-91.4338
905.096680	88.516	-90.8046
911.655396	88.554	-90.1883
918.261597	88.590	-89.5680
924.915710	88.626	-88.9533
931.618042	88.666	-88.2561
938.368896	88.708	-87.5492
945.168762	88.747	-86.9735
952.017822	88.778	-86.3892
958.916504	88.799	-85.7872
965.865234	88.819	-85.1906
972.864319	88.846	-84.5334
979.914062	88.888	-83.9257
987.014954	88.942	-83.3359
994.167236	89.003	-82.7314
1001.371399	89.069	-82.1252
1008.627747	89.139	-81.5451
1015.936646	89.208	-80.9720
1023.298584	89.276	-80.3973
1030.713867	89.342	-79.8595
1038.182739	89.404	-79.3391
1045.705933	89.462	-78.7872
1053.283447	89.518	-78.2379
1060.916016	89.574	-77.7005
1068.603882	89.630	-77.1658
1076.347412	89.690	-76.6690
1084.147095	89.752	-76.2002
1092.003296	89.813	-75.7114
1099.916382	89.871	-75.2193
1107.886841	89.930	-74.7516
1115.915039	89.993	-74.2990
1124.001343	90.057	-73.8322
1132.146362	90.117	-73.4206
1140.350342	90.173	-73.0210
1148.613770	90.229	-72.6139
1156.937134	90.286	-72.2139
1165.320801	90.342	-71.8166
1173.765137	90.398	-71.4243
1182.270752	90.456	-71.0689
1190.838013	90.515	-70.7390
1199.467285	90.573	-70.3574
1208.159180	90.631	-69.9789
1216.913940	90.691	-69.6251
1225.732178	90.748	-69.2747
1234.614380	90.803	-68.9298
1243.560913	90.857	-68.5969
1252.572266	90.912	-68.2495
1261.648926	90.968	-67.9265
1270.791382	91.025	-67.6070
1280.000000	91.084	-67.2539
1289.275391	91.144	-66.9461
1298.618042	91.203	-66.6712
1308.028320	91.261	-66.3706
1317.506836	91.319	-66.0521
1327.054077	91.378	-65.7400
1336.670410	91.438	-65.4225
1346.356567	91.499	-65.1216
1356.112793	91.556	-64.8234
1365.939697	91.609	-64.4921
1375.837891	91.662	-64.1836
1385.807739	91.716	-63.8732
1395.849854	91.773	-63.5805
1405.964844	91.830	-63.3047
1416.152954	91.889	-62.9982
1426.415039	91.949	-62.6737
1436.751465	92.006	-62.3514
1447.162720	92.062	-62.0435
1457.649414	92.119	-61.7246
1468.212158	92.177	-61.3940
1478.851440	92.236	-61.0844
1489.567871	92.294	-60.7854
1500.361816	92.352	-60.4670
1511.234131	92.409	-60.1594
1522.185059	92.468	-59.8503
1533.215454	92.527	-59.5304
1544.325806	92.588	-59.2255
1555.516602	92.647	-58.9379
1566.788574	92.706	-58.6367
1578.142090	92.767	-58.3149
1589.578003	92.828	-57.9904
1601.096680	92.889	-57.6865
1612.698975	92.950	-57.3896
1624.385254	93.013	-57.0875
1636.156250	93.078	-56.7838
1648.012451	93.144	-56.4762
1659.954590	93.212	-56.1522
1671.983398	93.282	-55.8384
1684.099243	93.351	-55.5345
1696.302856	93.419	-55.2480
1708.594971	93.487	-54.9520
1720.976196	93.557	-54.6441
1733.447144	93.626	-54.3458
1746.008423	93.696	-54.0801
1758.660645	93.766	-53.8041
1771.404663	93.838	-53.5268
1784.240967	93.911	-53.2518
1797.170288	93.986	-52.9752
1810.193359	94.063	-52.6999
1823.310791	94.140	-52.4242
1836.523193	94.216	-52.1639
1849.831421	94.293	-51.9265
1863.236084	94.371	-51.7049
1876.737793	94.449	-51.4679
1890.337524	94.530	-51.2159
1904.035645	94.610	-50.9759
1917.833008	94.689	-50.7421
1931.730469	94.769	-50.5217
1945.728638	94.850	-50.3231
1959.828125	94.932	-50.1137
1974.029907	95.016	-49.9140
1988.334473	95.101	-49.7188
2002.742798	95.186	-49.5383
2017.255493	95.272	-49.3712
2031.873291	95.360	-49.1968
2046.597168	95.449	-49.0231
2061.427734	95.540	-48.8476
2076.365479	95.631	-48.6855
2091.411865	95.720	-48.5511
2106.566895	95.812	-48.4301
2121.832031	95.905	-48.3012
2137.207764	95.998	-48.1832
2152.694824	96.090	-48.0984
2168.294189	96.182	-48.0467
2184.006592	96.276	-47.9847
2199.832764	96.371	-47.9186
2215.773682	96.468	-47.8759
2231.830078	96.565	-47.8376
2248.002686	96.663	-47.7898
2264.292725	96.760	-47.7732
2280.700684	96.857	-47.7859
2297.227539	96.955	-47.8066
2313.874268	97.053	-47.8576
2330.641602	97.150	-47.9411
2347.530273	97.250	-48.0447
2364.541504	97.352	-48.1452
2381.676025	97.454	-48.2644
2398.934570	97.554	-48.4067
2416.318359	97.652	-48.5536
2433.827881	97.748	-48.7062
2451.464355	97.844	-48.8861
2469.228760	97.941	-49.0798
2487.121826	98.038	-49.2834
2505.144531	98.133	-49.5397
2523.297852	98.227	-49.8262
2541.582764	98.319	-50.1194
2560.000000	98.410	-50.4306
2578.550781	98.500	-50.7728
2597.236084	98.589	-51.1249
2616.056641	98.677	-51.4915
2635.013672	98.765	-51.8824
2654.108154	98.850	-52.3020
2673.340820	98.930	-52.7440
2692.713135	99.006	-53.1920
2712.225586	99.079	-53.6776
2731.879395	99.150	-54.1995
2751.675781	99.219	-54.7252
2771.615479	99.285	-55.2566
2791.699707	99.347	-55.8090
2811.929688	99.405	-56.3753
2832.305908	99.458	-56.9349
2852.830078	99.508	-57.4952
2873.502930	99.554	-58.0855
2894.325439	99.596	-58.7103
2915.298828	99.634	-59.3415
2936.424316	99.667	-59.9791
2957.702881	99.696	-60.6306
2979.135742	99.721	-61.2975
3000.723633	99.741	-61.9585
3022.468262	99.756	-62.6075
3044.370117	99.767	-63.2559
3066.430908	99.776	-63.9153
3088.651611	99.782	-64.5714
3111.033203	99.785	-65.2103
3133.577148	99.783	-65.8352
3156.284180	99.778	-66.4726
3179.156006	99.773	-67.1255
3202.193359	99.767	-67.7663
3225.397949	99.760	-68.3895
3248.770508	99.750	-69.0072
3272.312500	99.741	-69.6103
3296.024902	99.731	-70.1962
3319.909180	99.717	-70.7709
3343.966797	99.697	-71.3304
3368.198486	99.670	-71.8693
3392.605713	99.636	-72.3972
3417.189941	99.597	-72.9167
3441.952393	99.548	-73.4054
3466.894287	99.493	-73.8871
3492.016846	99.433	-74.3725
3517.321289	99.372	-74.8366
3542.809326	99.308	-75.2835
3568.481934	99.242	-75.7150
3594.340576	99.174	-76.1254
3620.386719	99.106	-76.5080
3646.621582	99.041	-76.8674
3673.046387	98.980	-77.2436
3699.662842	98.918	-77.6024
3726.472168	98.857	-77.9292
3753.475586	98.798	-78.2513
3780.675049	98.744	-78.5578
3808.071289	98.694	-78.8522
3835.666016	98.645	-79.1404
3863.460938	98.596	-79.4036
3891.457275	98.544	-79.6445
3919.656250	98.490	-79.8611
3948.059814	98.436	-80.0500
3976.668945	98.379	-80.2535
4005.485596	98.312	-80.4409
4034.510986	98.231	-80.5847
4063.746582	98.143	-80.7153
4093.194336	98.052	-80.8394
4122.855469	97.958	-80.9539
4152.730957	97.860	-81.0802
4182.823730	97.760	-81.1989
4213.133789	97.661	-81.3182
4243.664062	97.563	-81.4680
4274.415527	97.467	-81.6181
4305.389648	97.374	-81.7400
4336.588379	97.281	-81.8848
4368.013184	97.186	-82.0418
4399.665527	97.090	-82.1709
4431.547363	96.993	-82.3126
4463.660156	96.898	-82.4785
4496.005371	96.803	-82.6254
4528.585449	96.708	-82.7706
4561.401367	96.612	-82.9259
4594.455078	96.514	-83.0694
4627.748535	96.414	-83.1969
4661.283203	96.314	-83.3120
4695.060547	96.215	-83.4122
4729.083008	96.114	-83.5015
4763.352051	96.013	-83.5961
4797.869141	95.910	-83.6857
4832.636719	95.804	-83.7314
4867.655762	95.697	-83.7532
4902.928711	95.588	-83.8009
4938.457520	95.478	-83.8295
4974.243652	95.369	-83.8178
5010.289062	95.260	-83.7388
5046.595703	95.151	-83.6574
5083.165527	95.043	-83.5493
5120.000000	94.935	-83.4041
5157.101562	94.824	-83.2467
5194.472168	94.709	-83.0523
5232.113281	94.591	-82.8280
5270.027344	94.472	-82.5958
5308.216309	94.350	-82.3748
5346.681641	94.224	-82.1318
5385.426270	94.093	-81.8667
5424.451172	93.957	-81.5925
5463.758789	93.819	-81.2839
5503.351562	93.684	-80.9179
5543.230957	93.553	-80.5385
5583.399414	93.424	-80.1427
5623.859375	93.300	-79.6842
5664.611816	93.181	-79.1817
5705.660156	93.066	-78.6752
5747.005859	92.954	-78.1267
5788.650879	92.846	-77.5338
5830.597656	92.743	-76.9366
5872.848633	92.644	-76.3191
5915.405762	92.550	-75.6773
5958.271484	92.461	-75.0296
6001.447266	92.371	-74.3851
6044.936523	92.277	-73.6889
6088.740234	92.182	-72.9529
6132.861816	92.089	-72.2051
6177.303223	91.998	-71.4382
6222.066406	91.910	-70.6528
6267.154297	91.828	-69.8087
6312.568359	91.751	-68.9264
6358.312012	91.678	-68.0524
6404.386719	91.609	-67.1617
6450.795898	91.542	-66.2188
6497.541016	91.480	-65.2714
6544.625000	91.424	-64.3386
6592.049805	91.372	-63.3983
6639.818359	91.327	-62.4011
6687.933594	91.294	-61.3534
6736.396973	91.271	-60.2932
6785.211426	91.252	-59.2443
6834.379883	91.240	-58.2071
6883.904785	91.236	-57.1375
6933.788574	91.241	-56.0172
6984.033691	91.257	-54.9071
7034.642578	91.282	-53.8304
7085.618652	91.318	-52.7268
7136.963867	91.369	-51.5961
7188.681152	91.432	-50.5266
7240.773438	91.507	-49.5252
7293.243164	91.595	-48.5496
7346.092773	91.700	-47.5722
7399.325684	91.821	-46.6141
7452.944336	91.952	-45.7215
7506.951172	92.096	-44.8763
7561.350098	92.256	-44.0540
7616.142578	92.436	-43.2840
7671.332031	92.636	-42.6453
7726.921875	92.855	-42.1383
7782.914551	93.094	-41.7295
7839.312500	93.353	-41.4700
7896.119629	93.637	-41.3938
7953.337891	93.949	-41.5634
8010.971191	94.289	-41.9930
8069.021973	94.655	-42.7085
8127.493164	95.041	-43.8110
8186.388672	95.441	-45.3374
8245.710938	95.846	-47.3138
8305.461914	96.244	-49.8414
8365.647461	96.617	-52.9682
8426.267578	96.942	-56.6591
8487.328125	97.196	-60.9172
8548.831055	97.358	-65.6501
8610.779297	97.415	-70.7180
8673.176758	97.355	-75.9612
8736.026367	97.174	-81.1776
8799.331055	96.879	-86.1615
8863.094727	96.483	-90.7363
8927.320312	96.004	-94.8030
8992.010742	95.460	-98.3200
9057.170898	94.867	-101.2741
9122.802734	94.246	-103.6708
9188.910156	93.612	-105.5436
9255.497070	92.974	-106.9276
9322.566406	92.339	-107.8968
9390.121094	91.716	-108.4830
9458.166016	91.113	-108.7323
9526.704102	90.533	-108.7285
9595.738281	89.976	-108.4377
9665.273438	89.439	-107.9020
9735.311523	88.927	-107.2148
9805.857422	88.442	-106.4086
9876.915039	87.983	-105.4294
9948.487305	87.553	-104.2795
10020.578125	87.151	-103.0811
10093.191406	86.774	-101.7875
10166.331055	86.420	-100.3805
10240.000000	86.090	-98.9647
10314.203125	85.785	-97.4978
10388.944336	85.506	-95.9363
10464.226562	85.251	-94.3262
10540.054688	85.018	-92.7010
10616.432617	84.807	-91.0732
10693.363281	84.621	-89.4493
10770.852539	84.456	-87.7948
10848.902344	84.316	-86.1468
10927.517578	84.208	-84.5769
11006.703125	84.126	-83.0215
11086.461914	84.063	-81.4687
11166.798828	84.019	-80.0017
11247.718750	83.999	-78.6145
11329.223633	84.006	-77.2603
11411.320312	84.038	-75.9824
11494.011719	84.091	-74.8180
11577.301758	84.170	-73.8131
11661.195312	84.285	-72.9323
11745.697266	84.433	-72.2208
11830.811523	84.609	-71.7017
11916.542969	84.816	-71.4388
12002.894531	85.063	-71.5638
12089.873047	85.348	-72.2596
12177.480469	85.645	-73.7433
12265.723633	85.901	-76.4252
12354.606445	85.994	-80.9755
12444.132812	85.711	-87.4871
12534.308594	84.819	-93.6664
12625.136719	83.428	-92.5659
12716.624023	82.497	-78.3572
12808.773438	82.943	-64.5095
12901.591797	84.120	-59.8623
12995.082031	85.289	-59.9006
13089.250000	86.286	-61.8224
13184.099609	87.139	-64.8210
13279.636719	87.883	-68.6193
13375.867188	88.534	-73.1266
13472.793945	89.087	-78.3589
13570.422852	89.524	-84.2673
13668.759766	89.829	-90.7031
13767.809570	89.995	-97.4539
13867.577148	90.026	-104.2891
13968.067383	89.956	-110.9710
14069.285156	89.833	-117.2580
14171.237305	89.682	-123.0268
14273.927734	89.502	-128.1976
14377.362305	89.297	-132.7962
14481.546875	89.068	-136.9416
14586.486328	88.812	-140.6850
14692.185547	88.552	-144.0815
14798.651367	88.315	-147.3360
14905.888672	88.112	-150.5385
15013.902344	87.935	-153.8299
15122.700195	87.774	-157.2772
15232.285156	87.631	-160.9726
15342.664062	87.509	-165.0017
15453.843750	87.388	-169.4440
15565.829102	87.230	-174.4496
15678.625000	87.009	179.9334
15792.239258	86.715	173.8230
15906.675781	86.326	167.2599
16021.942383	85.812	160.3885
16138.043945	85.152	153.5086
16254.986328	84.370	146.8295
16372.777344	83.530	140.4607
16491.421875	82.726	134.5183
16610.923828	82.049	129.0925
16731.294922	81.500	123.9533
16852.535156	81.025	118.8754
16974.656250	80.594	113.7460
17097.662109	80.196	108.4623
17221.558594	79.815	102.9626
17346.353516	79.427	97.3167
17472.052734	79.014	91.5362
17598.662109	78.584	85.6293
17726.189453	78.147	79.6834
17854.640625	77.709	73.6306
17984.021484	77.283	67.5719
18114.341797	76.879	61.4991
18245.605469	76.515	55.3316
18377.820312	76.208	49.2377
18510.994141	75.974	42.5965
18645.132812	75.823	35.3177
18780.242188	75.741	27.2372
18916.332031	75.714	18.4420
19053.408203	75.744	8.6400
19191.476562	75.841	-2.5141
19330.546875	75.982	-15.1914
19470.623047	76.139	-29.4049
19611.714844	76.273	-45.8124
19753.830078	76.319	-64.6421
19896.974609	76.247	-85.7330
