* Measurement data measured by REW V5.31
* Source: Headset (USB-C to 3.5mm Headphone Jack Adapter), MICROPHONE (Master Volume), L, volume: 0.250. Timing signal peak level -30.2 dBFS, measurement signal peak level -28.1 dBFS
* Format: 1M Log Swept Sine, 1 sweep at 0.0 dBFS using an acoustic timing reference
* Dated: 10-Apr-2024 19:28:48
* REW Settings:
*  C-weighting compensation: Off
*  Target level: 75.0 dB
* Note: ; Delay -0.0440 ms (-15 mm, -0.59 in) using estimated IR delay relative to Acoustic reference played from SPEAKER L with no timing offset Clock adjustment: -24.2 ppm
* Measurement: L3 Chu2
* Smoothing: 1/48 octave
* Frequency Step: 1/96 octave
* Start Frequency: 20.000 Hz
*
* Freq(Hz)	SPL(dB)	Phase(degrees)
20.000000	95.642	-125.0177
20.144928	95.681	-125.4805
20.290907	95.718	-125.9305
20.437943	95.754	-126.3726
20.586044	95.791	-126.8049
20.735220	95.829	-127.2263
20.885475	95.867	-127.6478
21.036821	95.907	-128.0710
21.189262	95.948	-128.4984
21.342808	95.988	-128.9387
21.497467	96.027	-129.3899
21.653246	96.065	-129.8497
21.810154	96.100	-130.3210
21.968201	96.132	-130.7944
22.127390	96.161	-131.2658
22.287735	96.187	-131.7338
22.449242	96.211	-132.1883
22.611917	96.233	-132.6319
22.775772	96.254	-133.0621
22.940815	96.273	-133.4782
23.107054	96.293	-133.8860
23.274498	96.313	-134.2855
23.443153	96.333	-134.6811
23.613033	96.352	-135.0761
23.784142	96.371	-135.4697
23.956491	96.389	-135.8637
24.130091	96.407	-136.2565
24.304947	96.423	-136.6455
24.481071	96.438	-137.0309
24.658470	96.453	-137.4104
24.837156	96.468	-137.7846
25.017136	96.483	-138.1558
25.198421	96.499	-138.5243
25.381020	96.515	-138.8956
25.564941	96.532	-139.2696
25.750195	96.549	-139.6501
25.936790	96.566	-140.0364
26.124741	96.582	-140.4277
26.314051	96.597	-140.8233
26.504732	96.612	-141.2193
26.696796	96.626	-141.6154
26.890253	96.640	-142.0085
27.085112	96.655	-142.3996
27.281382	96.669	-142.7887
27.479073	96.684	-143.1774
27.678198	96.699	-143.5673
27.878765	96.715	-143.9591
28.080786	96.731	-144.3539
28.284271	96.748	-144.7506
28.489231	96.764	-145.1491
28.695675	96.780	-145.5479
28.903616	96.796	-145.9471
29.113064	96.812	-146.3472
29.324028	96.829	-146.7496
29.536524	96.845	-147.1557
29.750557	96.861	-147.5661
29.966141	96.876	-147.9813
30.183289	96.889	-148.3978
30.402010	96.901	-148.8127
30.622314	96.911	-149.2201
30.844217	96.919	-149.6149
31.067726	96.925	-149.9940
31.292856	96.931	-150.3557
31.519617	96.938	-150.7032
31.748020	96.948	-151.0401
31.978081	96.958	-151.3762
32.209808	96.971	-151.7153
32.443211	96.984	-152.0656
32.678310	96.997	-152.4268
32.915108	97.008	-152.7993
33.153625	97.017	-153.1768
33.393871	97.025	-153.5543
33.635857	97.031	-153.9268
33.879597	97.036	-154.2902
34.125103	97.041	-154.6467
34.372387	97.046	-154.9985
34.621464	97.053	-155.3543
34.872345	97.060	-155.7187
35.125042	97.067	-156.0965
35.379574	97.072	-156.4881
35.635948	97.076	-156.8877
35.894180	97.078	-157.2902
36.154285	97.077	-157.6855
36.416275	97.075	-158.0686
36.680161	97.073	-158.4394
36.945961	97.073	-158.8001
37.213688	97.073	-159.1600
37.483353	97.075	-159.5248
37.754974	97.078	-159.8969
38.028561	97.080	-160.2751
38.304131	97.081	-160.6502
38.581699	97.081	-161.0156
38.861279	97.081	-161.3677
39.142883	97.082	-161.7078
39.426529	97.084	-162.0455
39.712231	97.087	-162.3877
40.000000	97.089	-162.7349
40.289856	97.088	-163.0814
40.581814	97.084	-163.4113
40.875885	97.080	-163.7130
41.172089	97.079	-163.9898
41.470440	97.081	-164.2574
41.770950	97.089	-164.5413
42.073643	97.098	-164.8678
42.378525	97.103	-165.2389
42.685616	97.101	-165.6297
42.994934	97.091	-166.0063
43.306492	97.076	-166.3409
43.620308	97.062	-166.6284
43.936401	97.054	-166.8962
44.254780	97.051	-167.1915
44.575470	97.049	-167.5396
44.898483	97.041	-167.9268
45.223835	97.027	-168.3134
45.551544	97.009	-168.6632
45.881630	96.994	-168.9758
46.214108	96.988	-169.2998
46.548996	96.987	-169.7071
46.886307	96.980	-170.2332
47.226067	96.952	-170.8255
47.568283	96.901	-171.3510
47.912983	96.836	-171.6722
48.260181	96.781	-171.7393
48.609894	96.758	-171.6425
48.962143	96.776	-171.5734
49.316940	96.819	-171.7059
49.674313	96.863	-172.0867
50.034271	96.886	-172.6181
50.396843	96.883	-173.1369
50.762039	96.869	-173.5262
51.129883	96.858	-173.7858
51.500389	96.859	-174.0113
51.873581	96.868	-174.3023
52.249481	96.872	-174.6783
52.628101	96.863	-175.0750
53.009464	96.845	-175.4141
53.393593	96.826	-175.6749
53.780506	96.814	-175.9060
54.170223	96.804	-176.1676
54.562763	96.789	-176.4665
54.958145	96.765	-176.7498
55.356396	96.739	-176.9622
55.757530	96.719	-177.1072
56.161572	96.713	-177.2575
56.568542	96.715	-177.4970
56.978462	96.716	-177.8520
57.391350	96.706	-178.2755
57.807232	96.684	-178.6923
58.226128	96.656	-179.0560
58.648056	96.627	-179.3686
59.073048	96.602	-179.6564
59.501114	96.578	-179.9366
59.932281	96.555	179.7950
60.366577	96.534	179.5480
60.804020	96.516	179.3184
61.244629	96.502	179.0872
61.688435	96.492	178.8350
62.135452	96.482	178.5538
62.585712	96.469	178.2493
63.039234	96.452	177.9343
63.496040	96.430	177.6240
63.956161	96.403	177.3358
64.419617	96.374	177.0851
64.886421	96.346	176.8772
65.356621	96.322	176.7018
65.830215	96.304	176.5350
66.307251	96.291	176.3503
66.787743	96.281	176.1298
67.271713	96.272	175.8682
67.759193	96.259	175.5744
68.250206	96.242	175.2689
68.744774	96.221	174.9740
69.242928	96.198	174.7017
69.744690	96.175	174.4456
70.250084	96.153	174.1896
70.759148	96.130	173.9250
71.271896	96.105	173.6565
71.788361	96.078	173.3939
72.308571	96.050	173.1423
72.832550	96.022	172.9013
73.360321	95.993	172.6700
73.891922	95.966	172.4458
74.427376	95.941	172.2229
74.966705	95.917	171.9949
75.509949	95.895	171.7594
76.057121	95.873	171.5195
76.608261	95.850	171.2817
77.163399	95.827	171.0524
77.722557	95.803	170.8362
78.285767	95.779	170.6347
78.853058	95.756	170.4465
79.424461	95.732	170.2659
80.000000	95.709	170.0840
80.579712	95.685	169.8943
81.163628	95.660	169.6939
81.751770	95.633	169.4821
82.344177	95.603	169.2595
82.940880	95.571	169.0354
83.541901	95.538	168.8248
84.147285	95.507	168.6322
84.757050	95.479	168.4387
85.371231	95.453	168.2219
85.989868	95.427	167.9853
86.612984	95.399	167.7629
87.240616	95.372	167.5788
87.872803	95.347	167.4178
88.509560	95.325	167.2406
89.150940	95.300	167.0357
89.796967	95.270	166.8309
90.447670	95.235	166.6608
91.103088	95.199	166.5336
91.763260	95.165	166.4278
92.428215	95.135	166.3094
93.097992	95.108	166.1533
93.772614	95.079	165.9625
94.452133	95.047	165.7657
95.136566	95.014	165.5886
95.825966	94.982	165.4253
96.520363	94.952	165.2459
97.219788	94.919	165.0404
97.924286	94.880	164.8482
98.633881	94.840	164.7173
99.348625	94.804	164.6331
100.068542	94.775	164.5152
100.793686	94.744	164.3125
101.524078	94.707	164.0801
102.259766	94.665	163.9030
103.000778	94.626	163.7706
103.747162	94.592	163.6277
104.498962	94.559	163.4798
105.256203	94.529	163.3405
106.018929	94.499	163.1919
106.787186	94.468	163.0502
107.561012	94.435	162.9244
108.340446	94.400	162.7817
109.125526	94.360	162.6448
109.916290	94.318	162.5486
110.712791	94.279	162.4382
111.515060	94.238	162.2868
112.323143	94.197	162.1421
113.137085	94.158	161.9916
113.956924	94.119	161.8128
114.782700	94.079	161.6577
115.614464	94.042	161.5384
116.452255	94.007	161.4074
117.296112	93.967	161.2742
118.146095	93.924	161.1823
119.002228	93.880	161.1314
119.864563	93.838	161.0943
120.733154	93.796	161.0422
121.608040	93.754	160.9577
122.489258	93.711	160.8661
123.376869	93.669	160.7764
124.270905	93.626	160.6681
125.171425	93.582	160.5993
126.078468	93.540	160.5855
126.992081	93.498	160.5477
127.912323	93.450	160.5362
128.839233	93.399	160.5802
129.772842	93.344	160.5981
130.713242	93.283	160.6431
131.660431	93.221	160.7297
132.614502	93.158	160.7969
133.575485	93.097	160.9503
134.543427	93.048	161.2125
135.518387	93.013	161.4836
136.500412	92.988	161.7624
137.489548	92.969	162.0337
138.485855	92.955	162.3742
139.489380	92.956	162.8177
140.500168	92.975	163.1428
141.518295	93.002	163.2818
142.543793	93.031	163.3443
143.576721	93.065	163.2865
144.617142	93.094	163.0073
145.665100	93.107	162.6705
146.720642	93.112	162.4597
147.783844	93.118	162.2981
148.854752	93.122	162.0491
149.933411	93.115	161.7443
151.019897	93.094	161.4300
152.114243	93.059	161.1237
153.216522	93.016	160.9205
154.326797	92.978	160.7973
155.445114	92.949	160.6543
156.571533	92.924	160.4870
157.706116	92.899	160.3265
158.848923	92.873	160.1872
160.000000	92.845	160.0735
161.159424	92.817	159.9633
162.327255	92.787	159.8538
163.503540	92.754	159.7576
164.688354	92.719	159.6839
165.881760	92.681	159.6191
167.083801	92.639	159.5420
168.294571	92.591	159.4655
169.514099	92.540	159.4137
170.742462	92.486	159.3773
171.979736	92.430	159.3254
173.225967	92.373	159.2596
174.481232	92.317	159.2131
175.745605	92.265	159.1892
177.019119	92.218	159.1637
178.301880	92.173	159.1384
179.593933	92.132	159.1232
180.895340	92.097	159.1158
182.206177	92.066	159.1079
183.526520	92.038	159.0993
184.856430	92.010	159.0948
186.195984	91.982	159.0871
187.545227	91.954	159.0840
188.904266	91.927	159.0891
190.273132	91.900	159.0963
191.651932	91.873	159.1067
193.040726	91.845	159.1147
194.439575	91.813	159.1325
195.848572	91.777	159.1746
197.267761	91.738	159.2211
198.697250	91.699	159.2568
200.137085	91.662	159.2791
201.587372	91.625	159.2933
203.048157	91.589	159.3053
204.519531	91.551	159.3413
206.001556	91.513	159.3865
207.494324	91.473	159.4446
208.997925	91.434	159.5204
210.512405	91.399	159.5870
212.037857	91.365	159.6272
213.574371	91.330	159.6390
215.122025	91.291	159.6681
216.680893	91.250	159.7427
218.251053	91.211	159.8652
219.832581	91.174	159.9613
221.425583	91.137	160.0371
223.030121	91.100	160.1091
224.646286	91.064	160.1769
226.274170	91.029	160.2637
227.913849	90.996	160.3667
229.565399	90.964	160.4794
231.228928	90.933	160.5968
232.904510	90.902	160.7056
234.592224	90.872	160.8016
236.292191	90.843	160.9157
238.004456	90.819	161.0461
239.729126	90.797	161.1634
241.466309	90.774	161.2542
243.216080	90.747	161.3550
244.978516	90.720	161.4751
246.753738	90.695	161.5636
248.541809	90.670	161.6245
250.342850	90.645	161.6827
252.156937	90.618	161.7562
253.984161	90.591	161.8373
255.824646	90.564	161.9070
257.678467	90.536	161.9638
259.545685	90.508	162.0215
261.426483	90.481	162.0854
263.320862	90.454	162.1519
265.229004	90.427	162.2202
267.150970	90.399	162.2897
269.086853	90.371	162.3630
271.036774	90.342	162.4481
273.000824	90.311	162.5447
274.979095	90.281	162.6473
276.971710	90.249	162.7445
278.978760	90.218	162.8301
281.000336	90.187	162.9178
283.036591	90.157	163.0097
285.087585	90.129	163.1092
287.153442	90.101	163.2279
289.234283	90.073	163.3541
291.330200	90.045	163.4809
293.441284	90.016	163.6089
295.567688	89.987	163.7196
297.709503	89.958	163.8287
299.866821	89.931	163.9437
302.039795	89.904	164.0666
304.228485	89.877	164.2001
306.433044	89.850	164.3335
308.653595	89.823	164.4648
310.890228	89.796	164.6057
313.143066	89.769	164.7447
315.412231	89.742	164.8738
317.697845	89.715	165.0056
320.000000	89.688	165.1421
322.318848	89.662	165.2838
324.654510	89.635	165.4328
327.007080	89.609	165.5872
329.376709	89.584	165.7407
331.763519	89.559	165.8876
334.167603	89.534	166.0356
336.589142	89.509	166.1843
339.028198	89.484	166.3307
341.484924	89.460	166.4799
343.959473	89.436	166.6379
346.451935	89.412	166.8006
348.962463	89.388	166.9579
351.491211	89.364	167.1185
354.038239	89.341	167.2871
356.603760	89.318	167.4561
359.187866	89.295	167.6162
361.790680	89.271	167.7797
364.412354	89.248	167.9526
367.053040	89.225	168.1227
369.712860	89.203	168.2920
372.391968	89.181	168.4648
375.090454	89.160	168.6401
377.808533	89.137	168.8204
380.546265	89.115	169.0051
383.303864	89.093	169.1852
386.081451	89.071	169.3587
388.879150	89.051	169.5347
391.697144	89.030	169.7212
394.535522	89.010	169.9092
397.394501	88.989	170.0921
400.274170	88.969	170.2774
403.174744	88.949	170.4727
406.096313	88.928	170.6670
409.039062	88.909	170.8651
412.003113	88.889	171.0673
414.988647	88.870	171.2657
417.995850	88.850	171.4642
421.024811	88.831	171.6706
424.075714	88.813	171.8774
427.148743	88.795	172.0741
430.244049	88.777	172.2726
433.361786	88.760	172.4773
436.502106	88.742	172.6866
439.665161	88.724	172.8988
442.851166	88.706	173.1075
446.060242	88.688	173.3162
449.292572	88.671	173.5306
452.548340	88.655	173.7491
455.827698	88.639	173.9655
459.130798	88.623	174.1849
462.457855	88.607	174.4070
465.809021	88.592	174.6351
469.184448	88.577	174.8690
472.584381	88.562	175.0994
476.008911	88.546	175.3198
479.458252	88.531	175.5418
482.932617	88.516	175.7679
486.432159	88.501	175.9969
489.957031	88.487	176.2344
493.507477	88.473	176.4719
497.083618	88.460	176.7089
500.685699	88.446	176.9509
504.313873	88.432	177.1881
507.968323	88.418	177.4297
511.649292	88.406	177.6838
515.356934	88.394	177.9334
519.091370	88.382	178.1724
522.852966	88.369	178.4147
526.641724	88.357	178.6664
530.458008	88.345	178.9227
534.301941	88.334	179.1812
538.173706	88.323	179.4366
542.073547	88.312	179.6924
546.001648	88.302	179.9534
549.958191	88.292	-179.7790
553.943420	88.282	-179.5127
557.957520	88.272	-179.2462
562.000671	88.262	-178.9764
566.073181	88.253	-178.7057
570.175171	88.245	-178.4335
574.306885	88.237	-178.1612
578.468567	88.229	-177.8814
582.660400	88.221	-177.5961
586.882568	88.214	-177.3096
591.135376	88.206	-177.0266
595.419006	88.199	-176.7407
599.733643	88.192	-176.4441
604.079590	88.185	-176.1499
608.456970	88.179	-175.8579
612.866089	88.174	-175.5647
617.307190	88.169	-175.2678
621.780457	88.165	-174.9628
626.286133	88.160	-174.6564
630.824463	88.156	-174.3525
635.395691	88.153	-174.0430
640.000000	88.151	-173.7251
644.637695	88.148	-173.4050
649.309021	88.146	-173.0820
654.014160	88.145	-172.7599
658.753418	88.144	-172.4383
663.527039	88.145	-172.1134
668.335205	88.146	-171.7854
673.178284	88.146	-171.4542
678.056396	88.148	-171.1195
682.969849	88.149	-170.7811
687.918945	88.152	-170.4464
692.903870	88.155	-170.1098
697.924927	88.158	-169.7677
702.982422	88.162	-169.4182
708.076477	88.167	-169.0676
713.207520	88.172	-168.7196
718.375732	88.177	-168.3681
723.581360	88.183	-168.0081
728.824707	88.190	-167.6460
734.106079	88.196	-167.2852
739.425720	88.204	-166.9184
744.783936	88.212	-166.5474
750.180908	88.221	-166.1767
755.617065	88.232	-165.8014
761.092529	88.243	-165.4300
766.607727	88.253	-165.0558
772.162903	88.265	-164.6703
777.758301	88.276	-164.2791
783.394287	88.289	-163.8912
789.071045	88.303	-163.5066
794.789001	88.318	-163.1109
800.548340	88.334	-162.7095
806.349487	88.351	-162.3076
812.192627	88.369	-161.9078
818.078125	88.387	-161.5112
824.006226	88.408	-161.1079
829.977295	88.429	-160.6979
835.991699	88.450	-160.2909
842.049622	88.473	-159.8811
848.151428	88.497	-159.4617
854.297485	88.522	-159.0342
860.488098	88.548	-158.6082
866.723572	88.576	-158.1904
873.004211	88.604	-157.7707
879.330322	88.634	-157.3483
885.702332	88.663	-156.9274
892.120483	88.693	-156.5044
898.585144	88.724	-156.0789
905.096680	88.758	-155.6615
911.655396	88.794	-155.2451
918.261597	88.832	-154.8276
924.915710	88.872	-154.4143
931.618042	88.913	-154.0088
938.368896	88.954	-153.6046
945.168762	88.992	-153.1982
952.017822	89.022	-152.7943
958.916504	89.043	-152.3979
965.865234	89.062	-152.0046
972.864319	89.090	-151.6085
979.914062	89.131	-151.2188
987.014954	89.187	-150.8478
994.167236	89.249	-150.4800
1001.371399	89.314	-150.1110
1008.627747	89.380	-149.7498
1015.936646	89.447	-149.4014
1023.298584	89.513	-149.0606
1030.713867	89.577	-148.7288
1038.182739	89.638	-148.4043
1045.705933	89.696	-148.0868
1053.283447	89.755	-147.7769
1060.916016	89.813	-147.4775
1068.603882	89.872	-147.1903
1076.347412	89.931	-146.9160
1084.147095	89.990	-146.6507
1092.003296	90.049	-146.3914
1099.916382	90.108	-146.1431
1107.886841	90.166	-145.9103
1115.915039	90.224	-145.6864
1124.001343	90.283	-145.4698
1132.146362	90.341	-145.2634
1140.350342	90.400	-145.0654
1148.613770	90.459	-144.8781
1156.937134	90.516	-144.7000
1165.320801	90.573	-144.5259
1173.765137	90.630	-144.3652
1182.270752	90.687	-144.2171
1190.838013	90.743	-144.0703
1199.467285	90.799	-143.9274
1208.159180	90.855	-143.7987
1216.913940	90.910	-143.6762
1225.732178	90.966	-143.5526
1234.614380	91.022	-143.4374
1243.560913	91.079	-143.3283
1252.572266	91.136	-143.2227
1261.648926	91.193	-143.1235
1270.791382	91.250	-143.0262
1280.000000	91.307	-142.9294
1289.275391	91.365	-142.8399
1298.618042	91.423	-142.7551
1308.028320	91.481	-142.6703
1317.506836	91.540	-142.5853
1327.054077	91.598	-142.5039
1336.670410	91.655	-142.4239
1346.356567	91.713	-142.3433
1356.112793	91.770	-142.2650
1365.939697	91.827	-142.1892
1375.837891	91.885	-142.1101
1385.807739	91.942	-142.0333
1395.849854	91.999	-141.9553
1405.964844	92.056	-141.8750
1416.152954	92.113	-141.7955
1426.415039	92.170	-141.7169
1436.751465	92.226	-141.6369
1447.162720	92.283	-141.5575
1457.649414	92.341	-141.4783
1468.212158	92.399	-141.3968
1478.851440	92.457	-141.3174
1489.567871	92.516	-141.2359
1500.361816	92.575	-141.1530
1511.234131	92.633	-141.0681
1522.185059	92.691	-140.9835
1533.215454	92.749	-140.8976
1544.325806	92.809	-140.8105
1555.516602	92.870	-140.7289
1566.788574	92.932	-140.6500
1578.142090	92.994	-140.5689
1589.578003	93.056	-140.4849
1601.096680	93.118	-140.4014
1612.698975	93.181	-140.3169
1624.385254	93.244	-140.2326
1636.156250	93.309	-140.1532
1648.012451	93.375	-140.0833
1659.954590	93.442	-140.0148
1671.983398	93.510	-139.9443
1684.099243	93.578	-139.8735
1696.302856	93.646	-139.8077
1708.594971	93.714	-139.7477
1720.976196	93.782	-139.6907
1733.447144	93.851	-139.6340
1746.008423	93.920	-139.5843
1758.660645	93.991	-139.5421
1771.404663	94.063	-139.5065
1784.240967	94.136	-139.4747
1797.170288	94.210	-139.4426
1810.193359	94.285	-139.4132
1823.310791	94.361	-139.3875
1836.523193	94.437	-139.3655
1849.831421	94.513	-139.3456
1863.236084	94.591	-139.3327
1876.737793	94.670	-139.3288
1890.337524	94.749	-139.3251
1904.035645	94.829	-139.3250
1917.833008	94.910	-139.3335
1931.730469	94.990	-139.3457
1945.728638	95.071	-139.3627
1959.828125	95.151	-139.3862
1974.029907	95.233	-139.4121
1988.334473	95.314	-139.4438
2002.742798	95.397	-139.4805
2017.255493	95.481	-139.5214
2031.873291	95.567	-139.5662
2046.597168	95.654	-139.6153
2061.427734	95.742	-139.6684
2076.365479	95.832	-139.7242
2091.411865	95.923	-139.7839
2106.566895	96.016	-139.8519
2121.832031	96.112	-139.9337
2137.207764	96.209	-140.0335
2152.694824	96.308	-140.1591
2168.294189	96.409	-140.3133
2184.006592	96.511	-140.4930
2199.832764	96.614	-140.6973
2215.773682	96.715	-140.9236
2231.830078	96.815	-141.1707
2248.002686	96.914	-141.4343
2264.292725	97.012	-141.7117
2280.700684	97.109	-142.0021
2297.227539	97.206	-142.3041
2313.874268	97.302	-142.6187
2330.641602	97.398	-142.9480
2347.530273	97.493	-143.2934
2364.541504	97.589	-143.6513
2381.676025	97.684	-144.0199
2398.934570	97.779	-144.4034
2416.318359	97.873	-144.8019
2433.827881	97.966	-145.2117
2451.464355	98.058	-145.6366
2469.228760	98.150	-146.0765
2487.121826	98.241	-146.5291
2505.144531	98.333	-146.9980
2523.297852	98.424	-147.4878
2541.582764	98.515	-147.9997
2560.000000	98.604	-148.5357
2578.550781	98.693	-149.0967
2597.236084	98.779	-149.6818
2616.056641	98.863	-150.2925
2635.013672	98.944	-150.9276
2654.108154	99.022	-151.5844
2673.340820	99.096	-152.2594
2692.713135	99.168	-152.9504
2712.225586	99.236	-153.6572
2731.879395	99.301	-154.3779
2751.675781	99.362	-155.1125
2771.615479	99.420	-155.8617
2791.699707	99.473	-156.6244
2811.929688	99.523	-157.3991
2832.305908	99.567	-158.1852
2852.830078	99.608	-158.9836
2873.502930	99.644	-159.7894
2894.325439	99.678	-160.6004
2915.298828	99.707	-161.4168
2936.424316	99.733	-162.2371
2957.702881	99.755	-163.0609
2979.135742	99.774	-163.8897
3000.723633	99.787	-164.7193
3022.468262	99.797	-165.5461
3044.370117	99.801	-166.3707
3066.430908	99.802	-167.1908
3088.651611	99.799	-168.0051
3111.033203	99.793	-168.8140
3133.577148	99.786	-169.6165
3156.284180	99.777	-170.4129
3179.156006	99.769	-171.2009
3202.193359	99.760	-171.9789
3225.397949	99.748	-172.7423
3248.770508	99.736	-173.4888
3272.312500	99.723	-174.2199
3296.024902	99.709	-174.9335
3319.909180	99.692	-175.6315
3343.966797	99.670	-176.3122
3368.198486	99.642	-176.9706
3392.605713	99.609	-177.6121
3417.189941	99.571	-178.2385
3441.952393	99.529	-178.8488
3466.894287	99.482	-179.4444
3492.016846	99.430	179.9747
3517.321289	99.375	179.4069
3542.809326	99.320	178.8538
3568.481934	99.264	178.3141
3594.340576	99.209	177.7852
3620.386719	99.155	177.2682
3646.621582	99.105	176.7565
3673.046387	99.059	176.2449
3699.662842	99.017	175.7288
3726.472168	98.977	175.2029
3753.475586	98.939	174.6713
3780.675049	98.906	174.1392
3808.071289	98.873	173.6097
3835.666016	98.838	173.0918
3863.460938	98.801	172.5897
3891.457275	98.760	172.1039
3919.656250	98.718	171.6360
3948.059814	98.673	171.1860
3976.668945	98.624	170.7501
4005.485596	98.567	170.3235
4034.510986	98.499	169.9043
4063.746582	98.424	169.4915
4093.194336	98.345	169.0767
4122.855469	98.261	168.6587
4152.730957	98.170	168.2375
4182.823730	98.073	167.8121
4213.133789	97.974	167.3864
4243.664062	97.873	166.9619
4274.415527	97.771	166.5394
4305.389648	97.669	166.1232
4336.588379	97.565	165.7104
4368.013184	97.461	165.3008
4399.665527	97.357	164.8968
4431.547363	97.252	164.5048
4463.660156	97.146	164.1269
4496.005371	97.038	163.7585
4528.585449	96.928	163.4018
4561.401367	96.817	163.0625
4594.455078	96.705	162.7392
4627.748535	96.592	162.4360
4661.283203	96.479	162.1531
4695.060547	96.366	161.8879
4729.083008	96.252	161.6433
4763.352051	96.139	161.4175
4797.869141	96.026	161.2090
4832.636719	95.913	161.0174
4867.655762	95.801	160.8442
4902.928711	95.690	160.6918
4938.457520	95.578	160.5635
4974.243652	95.465	160.4598
5010.289062	95.350	160.3838
5046.595703	95.234	160.3402
5083.165527	95.116	160.3324
5120.000000	94.997	160.3549
5157.101562	94.876	160.4056
5194.472168	94.752	160.4861
5232.113281	94.627	160.5889
5270.027344	94.502	160.7152
5308.216309	94.374	160.8654
5346.681641	94.243	161.0420
5385.426270	94.110	161.2422
5424.451172	93.977	161.4684
5463.758789	93.843	161.7177
5503.351562	93.710	161.9919
5543.230957	93.578	162.2940
5583.399414	93.450	162.6295
5623.859375	93.326	163.0011
5664.611816	93.208	163.4050
5705.660156	93.093	163.8415
5747.005859	92.981	164.3057
5788.650879	92.872	164.7971
5830.597656	92.767	165.3210
5872.848633	92.666	165.8826
5915.405762	92.569	166.4785
5958.271484	92.475	167.1018
6001.447266	92.383	167.7497
6044.936523	92.292	168.4263
6088.740234	92.204	169.1318
6132.861816	92.118	169.8582
6177.303223	92.034	170.6047
6222.066406	91.952	171.3738
6267.154297	91.874	172.1699
6312.568359	91.801	172.9965
6358.312012	91.732	173.8511
6404.386719	91.668	174.7277
6450.795898	91.611	175.6303
6497.541016	91.560	176.5564
6544.625000	91.517	177.5049
6592.049805	91.482	178.4796
6639.818359	91.456	179.4747
6687.933594	91.439	-179.5165
6736.396973	91.430	-178.4943
6785.211426	91.430	-177.4644
6834.379883	91.440	-176.4308
6883.904785	91.461	-175.3966
6933.788574	91.492	-174.3658
6984.033691	91.533	-173.3379
7034.642578	91.587	-172.3105
7085.618652	91.653	-171.2887
7136.963867	91.731	-170.2842
7188.681152	91.823	-169.3168
7240.773438	91.929	-168.3925
7293.243164	92.049	-167.5103
7346.092773	92.183	-166.6734
7399.325684	92.332	-165.8832
7452.944336	92.497	-165.1456
7506.951172	92.678	-164.4737
7561.350098	92.876	-163.8839
7616.142578	93.094	-163.3943
7671.332031	93.334	-163.0275
7726.921875	93.595	-162.8121
7782.914551	93.876	-162.7776
7839.312500	94.179	-162.9567
7896.119629	94.505	-163.3934
7953.337891	94.855	-164.1386
8010.971191	95.229	-165.2538
8069.021973	95.620	-166.7948
8127.493164	96.019	-168.8221
8186.388672	96.410	-171.4021
8245.710938	96.776	-174.5948
8305.461914	97.096	-178.4265
8365.647461	97.342	177.1348
8426.267578	97.489	172.1883
8487.328125	97.514	166.9035
8548.831055	97.406	161.5052
8610.779297	97.164	156.2396
8673.176758	96.800	151.3339
8736.026367	96.332	146.9540
8799.331055	95.788	143.1945
8863.094727	95.194	140.0920
8927.320312	94.570	137.6308
8992.010742	93.936	135.7530
9057.170898	93.304	134.3804
9122.802734	92.684	133.4402
9188.910156	92.080	132.8646
9255.497070	91.494	132.6018
9322.566406	90.927	132.6118
9390.121094	90.378	132.8526
9458.166016	89.852	133.2983
9526.704102	89.347	133.9288
9595.738281	88.864	134.7233
9665.273438	88.403	135.6685
9735.311523	87.965	136.7507
9805.857422	87.551	137.9540
9876.915039	87.159	139.2538
9948.487305	86.790	140.6418
10020.578125	86.444	142.1021
10093.191406	86.122	143.6276
10166.331055	85.824	145.2208
10240.000000	85.550	146.8772
10314.203125	85.299	148.5754
10388.944336	85.071	150.3021
10464.226562	84.866	152.0640
10540.054688	84.685	153.8492
10616.432617	84.527	155.6388
10693.363281	84.392	157.4255
10770.852539	84.281	159.2195
10848.902344	84.194	161.0034
10927.517578	84.131	162.7642
11006.703125	84.092	164.4922
11086.461914	84.079	166.1681
11166.798828	84.092	167.7840
11247.718750	84.131	169.3345
11329.223633	84.198	170.8146
11411.320312	84.295	172.2025
11494.011719	84.420	173.4741
11577.301758	84.577	174.5918
11661.195312	84.767	175.5283
11745.697266	84.993	176.2507
11830.811523	85.258	176.7042
11916.542969	85.561	176.7904
12002.894531	85.902	176.3715
12089.873047	86.271	175.2257
12177.480469	86.632	172.9946
12265.723633	86.900	169.1771
12354.606445	86.906	163.3771
12444.132812	86.416	156.3195
12534.308594	85.297	151.8796
12625.136719	83.965	157.6922
12716.624023	83.599	173.7408
12808.773438	84.567	-175.8118
12901.591797	85.949	-173.7462
12995.082031	87.205	-175.7235
13089.250000	88.250	-179.6974
13184.099609	89.092	175.0114
13279.636719	89.738	168.6823
13375.867188	90.180	161.5802
13472.793945	90.409	154.0423
13570.422852	90.427	146.4610
13668.759766	90.251	139.2209
13767.809570	89.916	132.6273
13867.577148	89.477	126.8435
13968.067383	89.001	121.9055
14069.285156	88.559	117.7630
14171.237305	88.183	114.3184
14273.927734	87.863	111.4498
14377.362305	87.586	109.0219
14481.546875	87.336	106.8961
14586.486328	87.100	104.9700
14692.185547	86.884	103.1574
14798.651367	86.708	101.3530
14905.888672	86.576	99.4641
15013.902344	86.480	97.4196
15122.700195	86.411	95.1320
15232.285156	86.369	92.5130
15342.664062	86.350	89.4830
15453.843750	86.330	85.9429
15565.829102	86.277	81.8181
15678.625000	86.172	77.0978
15792.239258	86.006	71.8164
15906.675781	85.758	66.0464
16021.942383	85.399	59.9249
16138.043945	84.914	53.6401
16254.986328	84.326	47.3742
16372.777344	83.694	41.2656
16491.421875	83.106	35.3528
16610.923828	82.645	29.5528
16731.294922	82.304	23.7400
16852.535156	82.017	17.7799
16974.656250	81.734	11.5695
17097.662109	81.430	5.0985
17221.558594	81.086	-1.5458
17346.353516	80.695	-8.2500
17472.052734	80.262	-14.8724
17598.662109	79.798	-21.3302
17726.189453	79.328	-27.6106
17854.640625	78.878	-33.7723
17984.021484	78.472	-39.9155
18114.341797	78.128	-46.1481
18245.605469	77.860	-52.6066
18377.820312	77.680	-59.4978
18510.994141	77.599	-67.0615
18645.132812	77.619	-75.5421
18780.242188	77.731	-85.2424
18916.332031	77.910	-96.5695
19053.408203	78.109	-109.9285
19191.476562	78.247	-125.6385
19330.546875	78.210	-143.8279
19470.623047	77.875	-164.2592
19611.714844	77.152	173.7844
19753.830078	76.026	151.4172
19896.974609	74.732	129.6460
