* Measurement data measured by REW V5.31
* Source: Headset (USB-C to 3.5mm Headphone Jack Adapter), MICROPHONE (Master Volume), L, volume: 0.250. Timing signal peak level -30.4 dBFS, measurement signal peak level -28.4 dBFS
* Format: 1M Log Swept Sine, 1 sweep at 0.0 dBFS using an acoustic timing reference
* Dated: 10-Apr-2024 19:28:22
* REW Settings:
*  C-weighting compensation: Off
*  Target level: 75.0 dB
* Note: ; Delay -0.0277 ms (-9.5 mm, -0.37 in) using estimated IR delay relative to Acoustic reference played from SPEAKER L with no timing offset Clock adjustment: -15.2 ppm
* Measurement: L2 Chu2
* Smoothing: 1/48 octave
* Frequency Step: 1/96 octave
* Start Frequency: 20.000 Hz
*
* Freq(Hz)	SPL(dB)	Phase(degrees)
20.000000	95.483	-126.1087
20.144928	95.524	-126.5617
20.290907	95.562	-127.0387
20.437943	95.599	-127.5321
20.586044	95.631	-128.0288
20.735220	95.659	-128.5347
20.885475	95.684	-129.0298
21.036821	95.705	-129.5088
21.189262	95.723	-129.9708
21.342808	95.740	-130.4035
21.497467	95.756	-130.8099
21.653246	95.773	-131.1947
21.810154	95.793	-131.5539
21.968201	95.815	-131.9018
22.127390	95.841	-132.2445
22.287735	95.869	-132.5853
22.449242	95.901	-132.9406
22.611917	95.935	-133.3073
22.775772	95.969	-133.6946
22.940815	96.003	-134.1033
23.107054	96.036	-134.5293
23.274498	96.067	-134.9750
23.443153	96.095	-135.4310
23.613033	96.119	-135.8943
23.784142	96.140	-136.3589
23.956491	96.158	-136.8151
24.130091	96.172	-137.2621
24.304947	96.185	-137.6888
24.481071	96.196	-138.0970
24.658470	96.206	-138.4812
24.837156	96.218	-138.8435
25.017136	96.232	-139.1899
25.198421	96.249	-139.5213
25.381020	96.270	-139.8552
25.564941	96.295	-140.1917
25.750195	96.323	-140.5516
25.936790	96.354	-140.9341
26.124741	96.385	-141.3508
26.314051	96.415	-141.7994
26.504732	96.441	-142.2744
26.696796	96.464	-142.7712
26.890253	96.481	-143.2707
27.085112	96.493	-143.7681
27.281382	96.502	-144.2436
27.479073	96.507	-144.6972
27.678198	96.512	-145.1195
27.878765	96.518	-145.5209
28.080786	96.526	-145.9025
28.284271	96.537	-146.2818
28.489231	96.550	-146.6622
28.695675	96.563	-147.0537
28.903616	96.575	-147.4538
29.113064	96.585	-147.8560
29.324028	96.592	-148.2500
29.536524	96.597	-148.6236
29.750557	96.601	-148.9686
29.966141	96.607	-149.2809
30.183289	96.617	-149.5717
30.402010	96.633	-149.8522
30.622314	96.655	-150.1453
30.844217	96.680	-150.4707
31.067726	96.708	-150.8399
31.292856	96.732	-151.2568
31.519617	96.752	-151.7093
31.748020	96.764	-152.1825
31.978081	96.769	-152.6432
32.209808	96.768	-153.0796
32.443211	96.765	-153.4686
32.678310	96.763	-153.8205
32.915108	96.766	-154.1397
33.153625	96.774	-154.4613
33.393871	96.788	-154.8043
33.635857	96.805	-155.1895
33.879597	96.819	-155.6238
34.125103	96.829	-156.0914
34.372387	96.831	-156.5776
34.621464	96.826	-157.0416
34.872345	96.815	-157.4670
35.125042	96.804	-157.8374
35.379574	96.797	-158.1570
35.635948	96.796	-158.4502
35.894180	96.805	-158.7384
36.154285	96.820	-159.0571
36.416275	96.838	-159.4221
36.680161	96.855	-159.8341
36.945961	96.867	-160.2869
37.213688	96.873	-160.7531
37.483353	96.873	-161.2113
37.754974	96.868	-161.6440
38.028561	96.859	-162.0363
38.304131	96.850	-162.3862
38.581699	96.842	-162.6989
38.861279	96.837	-162.9826
39.142883	96.835	-163.2498
39.426529	96.837	-163.5184
39.712231	96.842	-163.8018
40.000000	96.846	-164.1086
40.289856	96.848	-164.4410
40.581814	96.845	-164.7880
40.875885	96.838	-165.1279
41.172089	96.829	-165.4455
41.470440	96.820	-165.7375
41.770950	96.816	-166.0170
42.073643	96.818	-166.3180
42.378525	96.822	-166.6756
42.685616	96.823	-167.0948
42.994934	96.816	-167.5504
43.306492	96.800	-167.9975
43.620308	96.780	-168.3908
43.936401	96.764	-168.7161
44.254780	96.760	-169.0185
44.575470	96.768	-169.3727
44.898483	96.778	-169.8221
45.223835	96.780	-170.3429
45.551544	96.767	-170.8468
45.881630	96.747	-171.2265
46.214108	96.738	-171.4328
46.548996	96.759	-171.5453
46.886307	96.818	-171.7670
47.226067	96.895	-172.3079
47.568283	96.952	-173.2258
47.912983	96.954	-174.3659
48.260181	96.887	-175.4246
48.609894	96.769	-176.0864
48.962143	96.643	-176.1856
49.316940	96.560	-175.8202
49.674313	96.542	-175.3157
50.034271	96.577	-175.0189
50.396843	96.627	-175.0811
50.762039	96.658	-175.4111
51.129883	96.657	-175.7986
51.500389	96.635	-176.0823
51.873581	96.613	-176.2451
52.249481	96.599	-176.3852
52.628101	96.591	-176.6024
53.009464	96.577	-176.9076
53.393593	96.553	-177.2327
53.780506	96.524	-177.5113
54.170223	96.499	-177.7444
54.562763	96.481	-177.9906
54.958145	96.467	-178.2995
55.356396	96.450	-178.6633
55.757530	96.427	-179.0317
56.161572	96.403	-179.3652
56.568542	96.384	-179.6703
56.978462	96.369	-179.9802
57.391350	96.355	179.6912
57.807232	96.340	179.3653
58.226128	96.324	179.0706
58.648056	96.311	178.8061
59.073048	96.302	178.5413
59.501114	96.292	178.2494
59.932281	96.278	177.9390
60.366577	96.257	177.6450
60.804020	96.232	177.3896
61.244629	96.208	177.1587
61.688435	96.186	176.9185
62.135452	96.160	176.6544
62.585712	96.131	176.3906
63.039234	96.100	176.1606
63.496040	96.072	175.9639
63.956161	96.052	175.7549
64.419617	96.037	175.4832
64.886421	96.020	175.1472
65.356621	95.997	174.7916
65.830215	95.970	174.4606
66.307251	95.944	174.1525
66.787743	95.918	173.8428
67.271713	95.888	173.5405
67.759193	95.854	173.3022
68.250206	95.824	173.1695
68.744774	95.807	173.1056
69.242928	95.805	173.0054
69.744690	95.808	172.7886
70.250084	95.802	172.4611
70.759148	95.780	172.1092
71.271896	95.744	171.8300
71.788361	95.706	171.6766
72.308571	95.677	171.6160
72.832550	95.662	171.5473
73.360321	95.655	171.3760
73.891922	95.645	171.0971
74.427376	95.627	170.7857
74.966705	95.603	170.5041
75.509949	95.579	170.2447
76.057121	95.556	169.9643
76.608261	95.530	169.6600
77.163399	95.498	169.3797
77.722557	95.465	169.1627
78.285767	95.438	168.9855
78.853058	95.416	168.7838
79.424461	95.393	168.5302
80.000000	95.364	168.2613
80.579712	95.331	168.0249
81.163628	95.299	167.8218
81.751770	95.268	167.6181
82.344177	95.237	167.4080
82.940880	95.206	167.2100
83.541901	95.177	167.0119
84.147285	95.149	166.7901
84.757050	95.117	166.5728
85.371231	95.086	166.4006
85.989868	95.060	166.2460
86.612984	95.037	166.0460
87.240616	95.010	165.8138
87.872803	94.979	165.6081
88.509560	94.948	165.4318
89.150940	94.919	165.2506
89.796967	94.888	165.0697
90.447670	94.858	164.9053
91.103088	94.830	164.7321
91.763260	94.801	164.5368
92.428215	94.772	164.3492
93.097992	94.745	164.1719
93.772614	94.719	163.9594
94.452133	94.689	163.7131
95.136566	94.654	163.5048
95.825966	94.621	163.3542
96.520363	94.590	163.1995
97.219788	94.559	163.0160
97.924286	94.526	162.8508
98.633881	94.494	162.7116
99.348625	94.464	162.5471
100.068542	94.430	162.3528
100.793686	94.392	162.1790
101.524078	94.353	162.0404
102.259766	94.316	161.9136
103.000778	94.281	161.7897
103.747162	94.248	161.6664
104.498962	94.216	161.5236
105.256203	94.184	161.3429
106.018929	94.147	161.1445
106.787186	94.106	160.9819
107.561012	94.067	160.8762
108.340446	94.033	160.7862
109.125526	94.004	160.6796
109.916290	93.977	160.5569
110.712791	93.949	160.3974
111.515060	93.915	160.2047
112.323143	93.874	160.0539
113.137085	93.830	159.9802
113.956924	93.790	159.9329
114.782700	93.752	159.8696
115.614464	93.716	159.7715
116.452255	93.678	159.6235
117.296112	93.635	159.4612
118.146095	93.593	159.3331
119.002228	93.556	159.2012
119.864563	93.519	159.0273
120.733154	93.482	158.8859
121.608040	93.450	158.8154
122.489258	93.424	158.7660
123.376869	93.403	158.7252
124.270905	93.386	158.6501
125.171425	93.364	158.5016
126.078468	93.332	158.3461
126.992081	93.292	158.2394
127.912323	93.251	158.1938
128.839233	93.212	158.1353
129.772842	93.170	158.0007
130.713242	93.124	157.9555
131.660431	93.089	158.0150
132.614502	93.065	157.9736
133.575485	93.042	157.8532
134.543427	93.016	157.6931
135.518387	92.983	157.4677
136.500412	92.940	157.2313
137.489548	92.887	157.0551
138.485855	92.836	157.0574
139.489380	92.800	157.1212
140.500168	92.769	157.0943
141.518295	92.738	157.1091
142.543793	92.710	157.1594
143.576721	92.686	157.2128
144.617142	92.665	157.2057
145.665100	92.635	157.0027
146.720642	92.589	156.7886
147.783844	92.537	156.6840
148.854752	92.487	156.5524
149.933411	92.437	156.4211
151.019897	92.392	156.4546
152.114243	92.363	156.5341
153.216522	92.341	156.5150
154.326797	92.316	156.5081
155.445114	92.289	156.5174
156.571533	92.261	156.5674
157.706116	92.233	156.6023
158.848923	92.201	156.5899
160.000000	92.170	156.6788
161.159424	92.148	156.7263
162.327255	92.129	156.6424
163.503540	92.109	156.5139
164.688354	92.079	156.2965
165.881760	92.039	156.1696
167.083801	91.998	156.1158
168.294571	91.956	156.0369
169.514099	91.909	156.0113
170.742462	91.860	156.0379
171.979736	91.809	156.0372
173.225967	91.754	155.9764
174.481232	91.695	155.9302
175.745605	91.638	155.9194
177.019119	91.587	155.9546
178.301880	91.544	156.0034
179.593933	91.504	156.0108
180.895340	91.466	156.0328
182.206177	91.434	156.1236
183.526520	91.414	156.2668
184.856430	91.403	156.2337
186.195984	91.382	156.0389
187.545227	91.352	155.9579
188.904266	91.321	155.9925
190.273132	91.294	156.0612
191.651932	91.270	156.2453
193.040726	91.255	156.5068
194.439575	91.238	156.5308
195.848572	91.200	156.4060
197.267761	91.148	156.3601
198.697250	91.098	156.2865
200.137085	91.056	156.1741
201.587372	91.022	156.0922
203.048157	90.995	156.0690
204.519531	90.968	156.0704
206.001556	90.936	156.1807
207.494324	90.903	156.3148
208.997925	90.866	156.3807
210.512405	90.826	156.4171
212.037857	90.788	156.4941
213.574371	90.756	156.5519
215.122025	90.726	156.5659
216.680893	90.692	156.5385
218.251053	90.651	156.5593
219.832581	90.612	156.6682
221.425583	90.577	156.7718
223.030121	90.546	156.8384
224.646286	90.517	156.8659
226.274170	90.488	156.8316
227.913849	90.454	156.8009
229.565399	90.419	156.8558
231.228928	90.384	156.9882
232.904510	90.347	157.1617
234.592224	90.307	157.3065
236.292191	90.263	157.3964
238.004456	90.220	157.4872
239.729126	90.184	157.5342
241.466309	90.154	157.5327
243.216080	90.126	157.5825
244.978516	90.098	157.6470
246.753738	90.065	157.7552
248.541809	90.030	157.8464
250.342850	89.993	157.9124
252.156937	89.958	158.0372
253.984161	89.931	158.2090
255.824646	89.912	158.3978
257.678467	89.896	158.4788
259.545685	89.871	158.4748
261.426483	89.840	158.5427
263.320862	89.813	158.6018
265.229004	89.784	158.5597
267.150970	89.750	158.6210
269.086853	89.720	158.7669
271.036774	89.697	158.8906
273.000824	89.678	158.9262
274.979095	89.650	158.9007
276.971710	89.611	158.9966
278.978760	89.570	159.2219
281.000336	89.533	159.3827
283.036591	89.499	159.5112
285.087585	89.471	159.6592
287.153442	89.443	159.7672
289.234283	89.410	159.8430
291.330200	89.380	159.9774
293.441284	89.362	160.0788
295.567688	89.349	160.1752
297.709503	89.333	160.3644
299.866821	89.305	160.5326
302.039795	89.269	160.6517
304.228485	89.231	160.7127
306.433044	89.198	160.7977
308.653595	89.173	160.9545
310.890228	89.153	161.0840
313.143066	89.132	161.2435
315.412231	89.111	161.4227
317.697845	89.090	161.5445
320.000000	89.072	161.6218
322.318848	89.055	161.6642
324.654510	89.036	161.7388
327.007080	89.012	161.8627
329.376709	88.983	162.0176
331.763519	88.952	162.1653
334.167603	88.923	162.2938
336.589142	88.898	162.4106
339.028198	88.876	162.5461
341.484924	88.853	162.6861
343.959473	88.828	162.7984
346.451935	88.803	162.9029
348.962463	88.780	163.0245
351.491211	88.758	163.1569
354.038239	88.735	163.3044
356.603760	88.712	163.4721
359.187866	88.691	163.6476
361.790680	88.671	163.8166
364.412354	88.650	163.9619
367.053040	88.627	164.0890
369.712860	88.603	164.2222
372.391968	88.579	164.3625
375.090454	88.556	164.5129
377.808533	88.534	164.6789
380.546265	88.514	164.8398
383.303864	88.494	165.0014
386.081451	88.472	165.1800
388.879150	88.451	165.3615
391.697144	88.429	165.5300
394.535522	88.408	165.6804
397.394501	88.389	165.8187
400.274170	88.371	165.9742
403.174744	88.353	166.1570
406.096313	88.334	166.3397
409.039062	88.315	166.5026
412.003113	88.296	166.6730
414.988647	88.275	166.8807
417.995850	88.252	167.0723
421.024811	88.232	167.2138
424.075714	88.216	167.3694
427.148743	88.199	167.5645
430.244049	88.180	167.7401
433.361786	88.162	167.9033
436.502106	88.145	168.0971
439.665161	88.128	168.3016
442.851166	88.113	168.4930
446.060242	88.098	168.6624
449.292572	88.083	168.8267
452.548340	88.068	168.9798
455.827698	88.051	169.1376
459.130798	88.033	169.3309
462.457855	88.016	169.5519
465.809021	88.001	169.7728
469.184448	87.986	169.9789
472.584381	87.971	170.1815
476.008911	87.956	170.3748
479.458252	87.940	170.5660
482.932617	87.925	170.7508
486.432159	87.910	170.9049
489.957031	87.894	171.0865
493.507477	87.879	171.3247
497.083618	87.863	171.5887
500.685699	87.847	171.8356
504.313873	87.830	172.0522
507.968323	87.811	172.2559
511.649292	87.794	172.4339
515.356934	87.781	172.6100
519.091370	87.771	172.8041
522.852966	87.762	173.0122
526.641724	87.753	173.2374
530.458008	87.744	173.4659
534.301941	87.733	173.6980
538.173706	87.721	173.9487
542.073547	87.709	174.1949
546.001648	87.699	174.4202
549.958191	87.691	174.6422
553.943420	87.684	174.8863
557.957520	87.675	175.1378
562.000671	87.666	175.3593
566.073181	87.658	175.6160
570.175171	87.649	175.8665
574.306885	87.639	176.0764
578.468567	87.631	176.3022
582.660400	87.623	176.5506
586.882568	87.617	176.8193
591.135376	87.610	177.0920
595.419006	87.605	177.3463
599.733643	87.600	177.5844
604.079590	87.596	177.8081
608.456970	87.590	178.0482
612.866089	87.585	178.3109
617.307190	87.579	178.5809
621.780457	87.574	178.8595
626.286133	87.570	179.1282
630.824463	87.565	179.3916
635.395691	87.560	179.6567
640.000000	87.557	179.9268
644.637695	87.555	-179.7980
649.309021	87.555	-179.5170
654.014160	87.556	-179.2322
658.753418	87.558	-178.9498
663.527039	87.560	-178.6768
668.335205	87.561	-178.4062
673.178284	87.563	-178.1249
678.056396	87.564	-177.8351
682.969849	87.566	-177.5365
687.918945	87.567	-177.2254
692.903870	87.569	-176.9109
697.924927	87.570	-176.6005
702.982422	87.573	-176.2974
708.076477	87.577	-175.9954
713.207520	87.585	-175.6988
718.375732	87.594	-175.4102
723.581360	87.604	-175.1197
728.824707	87.614	-174.8186
734.106079	87.624	-174.5096
739.425720	87.633	-174.1969
744.783936	87.641	-173.8844
750.180908	87.650	-173.5705
755.617065	87.660	-173.2488
761.092529	87.670	-172.9230
766.607727	87.681	-172.5946
772.162903	87.693	-172.2674
777.758301	87.706	-171.9352
783.394287	87.720	-171.6026
789.071045	87.736	-171.2775
794.789001	87.753	-170.9491
800.548340	87.769	-170.6148
806.349487	87.785	-170.2793
812.192627	87.802	-169.9380
818.078125	87.820	-169.5835
824.006226	87.840	-169.2239
829.977295	87.861	-168.8636
835.991699	87.883	-168.5153
842.049622	87.907	-168.1787
848.151428	87.933	-167.8459
854.297485	87.961	-167.5072
860.488098	87.988	-167.1593
866.723572	88.014	-166.7977
873.004211	88.039	-166.4293
879.330322	88.064	-166.0564
885.702332	88.089	-165.6835
892.120483	88.117	-165.3229
898.585144	88.149	-164.9801
905.096680	88.185	-164.6465
911.655396	88.224	-164.3224
918.261597	88.263	-163.9908
924.915710	88.302	-163.6469
931.618042	88.341	-163.2856
938.368896	88.378	-162.9255
945.168762	88.413	-162.5821
952.017822	88.441	-162.2544
958.916504	88.462	-161.9390
965.865234	88.483	-161.6391
972.864319	88.511	-161.3431
979.914062	88.551	-161.0283
987.014954	88.604	-160.7097
994.167236	88.663	-160.4009
1001.371399	88.726	-160.1053
1008.627747	88.789	-159.8254
1015.936646	88.853	-159.5557
1023.298584	88.917	-159.2968
1030.713867	88.978	-159.0402
1038.182739	89.036	-158.7834
1045.705933	89.093	-158.5385
1053.283447	89.149	-158.3094
1060.916016	89.205	-158.0884
1068.603882	89.262	-157.8833
1076.347412	89.319	-157.6854
1084.147095	89.374	-157.4885
1092.003296	89.428	-157.3047
1099.916382	89.482	-157.1354
1107.886841	89.535	-156.9754
1115.915039	89.589	-156.8186
1124.001343	89.645	-156.6710
1132.146362	89.701	-156.5395
1140.350342	89.758	-156.4179
1148.613770	89.815	-156.3049
1156.937134	89.870	-156.2051
1165.320801	89.924	-156.1100
1173.765137	89.976	-156.0199
1182.270752	90.026	-155.9273
1190.838013	90.075	-155.8359
1199.467285	90.125	-155.7588
1208.159180	90.175	-155.6943
1216.913940	90.227	-155.6411
1225.732178	90.281	-155.5984
1234.614380	90.335	-155.5642
1243.560913	90.389	-155.5255
1252.572266	90.443	-155.4864
1261.648926	90.496	-155.4489
1270.791382	90.548	-155.4192
1280.000000	90.601	-155.3928
1289.275391	90.654	-155.3677
1298.618042	90.708	-155.3493
1308.028320	90.762	-155.3326
1317.506836	90.817	-155.3237
1327.054077	90.872	-155.3163
1336.670410	90.927	-155.3088
1346.356567	90.982	-155.2997
1356.112793	91.035	-155.2878
1365.939697	91.088	-155.2749
1375.837891	91.142	-155.2613
1385.807739	91.196	-155.2510
1395.849854	91.252	-155.2446
1405.964844	91.309	-155.2421
1416.152954	91.365	-155.2440
1426.415039	91.421	-155.2464
1436.751465	91.476	-155.2415
1447.162720	91.530	-155.2240
1457.649414	91.583	-155.2128
1468.212158	91.636	-155.2072
1478.851440	91.687	-155.2003
1489.567871	91.739	-155.1908
1500.361816	91.793	-155.1769
1511.234131	91.848	-155.1684
1522.185059	91.904	-155.1668
1533.215454	91.962	-155.1676
1544.325806	92.020	-155.1700
1555.516602	92.080	-155.1652
1566.788574	92.139	-155.1561
1578.142090	92.198	-155.1526
1589.578003	92.257	-155.1518
1601.096680	92.315	-155.1519
1612.698975	92.374	-155.1512
1624.385254	92.432	-155.1447
1636.156250	92.490	-155.1418
1648.012451	92.550	-155.1468
1659.954590	92.610	-155.1525
1671.983398	92.670	-155.1584
1684.099243	92.731	-155.1649
1696.302856	92.793	-155.1741
1708.594971	92.854	-155.1790
1720.976196	92.916	-155.1774
1733.447144	92.979	-155.1726
1746.008423	93.041	-155.1773
1758.660645	93.101	-155.1826
1771.404663	93.161	-155.1455
1784.240967	93.222	-155.0862
1797.170288	93.285	-155.0360
1810.193359	93.352	-154.9768
1823.310791	93.425	-154.9002
1836.523193	93.505	-154.8005
1849.831421	93.588	-154.6918
1863.236084	93.678	-154.5862
1876.737793	93.776	-154.4751
1890.337524	93.882	-154.3985
1904.035645	93.994	-154.4018
1917.833008	94.111	-154.4766
1931.730469	94.229	-154.6105
1945.728638	94.344	-154.8024
1959.828125	94.456	-155.0437
1974.029907	94.562	-155.3228
1988.334473	94.664	-155.6131
2002.742798	94.760	-155.9103
2017.255493	94.852	-156.2097
2031.873291	94.939	-156.5020
2046.597168	95.023	-156.7890
2061.427734	95.105	-157.0714
2076.365479	95.186	-157.3542
2091.411865	95.266	-157.6384
2106.566895	95.347	-157.9194
2121.832031	95.430	-158.2043
2137.207764	95.512	-158.4928
2152.694824	95.596	-158.7798
2168.294189	95.679	-159.0659
2184.006592	95.763	-159.3515
2199.832764	95.846	-159.6386
2215.773682	95.930	-159.9272
2231.830078	96.014	-160.2156
2248.002686	96.100	-160.5068
2264.292725	96.187	-160.7970
2280.700684	96.276	-161.0950
2297.227539	96.368	-161.4100
2313.874268	96.463	-161.7418
2330.641602	96.559	-162.0957
2347.530273	96.655	-162.4758
2364.541504	96.751	-162.8817
2381.676025	96.845	-163.3104
2398.934570	96.938	-163.7531
2416.318359	97.028	-164.2034
2433.827881	97.117	-164.6561
2451.464355	97.207	-165.1068
2469.228760	97.301	-165.5597
2487.121826	97.398	-166.0230
2505.144531	97.499	-166.5036
2523.297852	97.603	-167.0143
2541.582764	97.709	-167.5690
2560.000000	97.814	-168.1760
2578.550781	97.917	-168.8372
2597.236084	98.014	-169.5493
2616.056641	98.105	-170.3053
2635.013672	98.191	-171.0967
2654.108154	98.269	-171.9171
2673.340820	98.341	-172.7570
2692.713135	98.407	-173.6078
2712.225586	98.468	-174.4640
2731.879395	98.523	-175.3155
2751.675781	98.573	-176.1559
2771.615479	98.619	-176.9800
2791.699707	98.661	-177.7852
2811.929688	98.701	-178.5691
2832.305908	98.740	-179.3323
2852.830078	98.780	179.9182
2873.502930	98.820	179.1771
2894.325439	98.859	178.4313
2915.298828	98.898	177.6719
2936.424316	98.934	176.8967
2957.702881	98.968	176.1043
2979.135742	98.999	175.3061
3000.723633	99.029	174.5107
3022.468262	99.058	173.7249
3044.370117	99.089	172.9521
3066.430908	99.122	172.1857
3088.651611	99.160	171.4108
3111.033203	99.201	170.6096
3133.577148	99.246	169.7606
3156.284180	99.294	168.8528
3179.156006	99.342	167.8824
3202.193359	99.384	166.8586
3225.397949	99.418	165.7978
3248.770508	99.443	164.7192
3272.312500	99.460	163.6433
3296.024902	99.468	162.5823
3319.909180	99.467	161.5454
3343.966797	99.456	160.5393
3368.198486	99.435	159.5654
3392.605713	99.407	158.6268
3417.189941	99.373	157.7201
3441.952393	99.336	156.8449
3466.894287	99.293	156.0054
3492.016846	99.247	155.1912
3517.321289	99.198	154.4020
3542.809326	99.148	153.6360
3568.481934	99.097	152.8819
3594.340576	99.045	152.1392
3620.386719	98.993	151.4025
3646.621582	98.942	150.6734
3673.046387	98.895	149.9590
3699.662842	98.850	149.2573
3726.472168	98.808	148.5730
3753.475586	98.770	147.9075
3780.675049	98.737	147.2576
3808.071289	98.709	146.6234
3835.666016	98.682	145.9973
3863.460938	98.657	145.3795
3891.457275	98.633	144.7709
3919.656250	98.610	144.1664
3948.059814	98.587	143.5659
3976.668945	98.561	142.9648
4005.485596	98.527	142.3578
4034.510986	98.482	141.7436
4063.746582	98.431	141.1111
4093.194336	98.376	140.4615
4122.855469	98.314	139.7926
4152.730957	98.245	139.0978
4182.823730	98.169	138.3839
4213.133789	98.088	137.6531
4243.664062	98.003	136.9128
4274.415527	97.914	136.1711
4305.389648	97.821	135.4313
4336.588379	97.725	134.7115
4368.013184	97.625	134.0149
4399.665527	97.525	133.3408
4431.547363	97.424	132.6943
4463.660156	97.323	132.0724
4496.005371	97.223	131.4760
4528.585449	97.125	130.8994
4561.401367	97.028	130.3380
4594.455078	96.930	129.7942
4627.748535	96.832	129.2611
4661.283203	96.732	128.7408
4695.060547	96.630	128.2383
4729.083008	96.527	127.7490
4763.352051	96.425	127.2751
4797.869141	96.324	126.8149
4832.636719	96.226	126.3702
4867.655762	96.130	125.9485
4902.928711	96.036	125.5428
4938.457520	95.942	125.1488
4974.243652	95.844	124.7850
5010.289062	95.742	124.4445
5046.595703	95.638	124.1161
5083.165527	95.532	123.8153
5120.000000	95.425	123.5491
5157.101562	95.317	123.3156
5194.472168	95.208	123.1113
5232.113281	95.096	122.9554
5270.027344	94.983	122.8420
5308.216309	94.866	122.7540
5346.681641	94.747	122.7033
5385.426270	94.625	122.6861
5424.451172	94.504	122.6967
5463.758789	94.385	122.7344
5503.351562	94.270	122.7993
5543.230957	94.161	122.8958
5583.399414	94.056	123.0252
5623.859375	93.958	123.1904
5664.611816	93.865	123.3848
5705.660156	93.777	123.6028
5747.005859	93.692	123.8496
5788.650879	93.612	124.1265
5830.597656	93.541	124.4278
5872.848633	93.478	124.7559
5915.405762	93.424	125.1036
5958.271484	93.376	125.4722
6001.447266	93.332	125.8655
6044.936523	93.292	126.2696
6088.740234	93.256	126.6833
6132.861816	93.224	127.1124
6177.303223	93.197	127.5534
6222.066406	93.178	127.9997
6267.154297	93.167	128.4540
6312.568359	93.166	128.9194
6358.312012	93.173	129.3860
6404.386719	93.188	129.8556
6450.795898	93.211	130.3267
6497.541016	93.243	130.7911
6544.625000	93.286	131.2390
6592.049805	93.342	131.6696
6639.818359	93.412	132.0770
6687.933594	93.497	132.4598
6736.396973	93.594	132.8071
6785.211426	93.703	133.1073
6834.379883	93.824	133.3566
6883.904785	93.960	133.5431
6933.788574	94.111	133.6488
6984.033691	94.281	133.6573
7034.642578	94.469	133.5638
7085.618652	94.675	133.3526
7136.963867	94.898	133.0009
7188.681152	95.137	132.4778
7240.773438	95.391	131.7498
7293.243164	95.657	130.7755
7346.092773	95.933	129.5123
7399.325684	96.216	127.9214
7452.944336	96.504	125.9682
7506.951172	96.788	123.6082
7561.350098	97.057	120.8129
7616.142578	97.298	117.5669
7671.332031	97.493	113.8631
7726.921875	97.621	109.7207
7782.914551	97.661	105.1958
7839.312500	97.597	100.3852
7896.119629	97.425	95.4305
7953.337891	97.145	90.5061
8010.971191	96.768	85.7981
8069.021973	96.310	81.4601
8127.493164	95.785	77.5943
8186.388672	95.210	74.2627
8245.710938	94.603	71.4775
8305.461914	93.977	69.2082
8365.647461	93.344	67.4197
8426.267578	92.710	66.0691
8487.328125	92.083	65.1077
8548.831055	91.469	64.4921
8610.779297	90.873	64.1800
8673.176758	90.298	64.1435
8736.026367	89.748	64.3456
8799.331055	89.222	64.7451
8863.094727	88.722	65.3248
8927.320312	88.247	66.0584
8992.010742	87.794	66.9150
9057.170898	87.363	67.8833
9122.802734	86.953	68.9572
9188.910156	86.562	70.1223
9255.497070	86.190	71.3687
9322.566406	85.833	72.6800
9390.121094	85.491	74.0542
9458.166016	85.167	75.4881
9526.704102	84.860	76.9643
9595.738281	84.571	78.4808
9665.273438	84.299	80.0338
9735.311523	84.046	81.6230
9805.857422	83.813	83.2490
9876.915039	83.600	84.9115
9948.487305	83.405	86.6031
10020.578125	83.228	88.3117
10093.191406	83.066	90.0233
10166.331055	82.921	91.7440
10240.000000	82.793	93.4833
10314.203125	82.687	95.2345
10388.944336	82.604	96.9824
10464.226562	82.545	98.7255
10540.054688	82.511	100.4683
10616.432617	82.500	102.2098
10693.363281	82.510	103.9405
10770.852539	82.538	105.6380
10848.902344	82.586	107.2982
10927.517578	82.658	108.9044
11006.703125	82.756	110.4471
11086.461914	82.882	111.9236
11166.798828	83.036	113.3344
11247.718750	83.220	114.6702
11329.223633	83.436	115.9088
11411.320312	83.685	117.0198
11494.011719	83.969	117.9796
11577.301758	84.291	118.7576
11661.195312	84.655	119.3117
11745.697266	85.064	119.5922
11830.811523	85.521	119.5249
11916.542969	86.024	118.9990
12002.894531	86.572	117.8227
12089.873047	87.146	115.7059
12177.480469	87.694	112.2159
12265.723633	88.104	106.8149
12354.606445	88.180	99.2698
12444.132812	87.689	90.7932
12534.308594	86.557	85.9159
12625.136719	85.369	92.6850
12716.624023	85.462	109.2982
12808.773438	86.932	117.7798
12901.591797	88.648	116.5783
12995.082031	90.073	110.5373
13089.250000	91.108	102.0017
13184.099609	91.747	92.1802
13279.636719	92.009	82.0294
13375.867188	91.940	72.3736
13472.793945	91.613	63.8040
13570.422852	91.115	56.5984
13668.759766	90.528	50.7451
13767.809570	89.920	46.0582
13867.577148	89.347	42.3055
13968.067383	88.862	39.2595
14069.285156	88.512	36.7094
14171.237305	88.303	34.4879
14273.927734	88.201	32.4812
14377.362305	88.178	30.5785
14481.546875	88.211	28.6575
14586.486328	88.283	26.5839
14692.185547	88.399	24.2386
14798.651367	88.574	21.5189
14905.888672	88.805	18.3060
15013.902344	89.073	14.4569
15122.700195	89.361	9.8167
15232.285156	89.651	4.2239
15342.664062	89.913	-2.4519
15453.843750	90.098	-10.2725
15565.829102	90.144	-19.2068
15678.625000	90.007	-29.0780
15792.239258	89.666	-39.5790
15906.675781	89.106	-50.3262
16021.942383	88.313	-60.9324
16138.043945	87.289	-71.0802
16254.986328	86.074	-80.5601
16372.777344	84.736	-89.2147
16491.421875	83.365	-96.9371
16610.923828	82.067	-103.6655
16731.294922	80.885	-109.3959
16852.535156	79.802	-114.2158
16974.656250	78.810	-118.2814
17097.662109	77.921	-121.8383
17221.558594	77.148	-125.1432
17346.353516	76.498	-128.4525
17472.052734	75.967	-131.9711
17598.662109	75.548	-135.9298
17726.189453	75.233	-140.4973
17854.640625	75.006	-145.8549
17984.021484	74.846	-152.1630
18114.341797	74.719	-159.5664
18245.605469	74.586	-168.2949
18377.820312	74.405	-178.4369
18510.994141	74.130	170.0742
18645.132812	73.714	157.3256
18780.242188	73.118	143.6680
18916.332031	72.321	129.5312
19053.408203	71.324	115.2037
19191.476562	70.149	100.8609
19330.546875	68.822	86.5709
19470.623047	67.363	72.4451
19611.714844	65.789	58.4808
19753.830078	64.142	44.6024
19896.974609	62.616	30.8842
