* Measurement data measured by REW V5.31
* Source: Headset (USB-C to 3.5mm Headphone Jack Adapter), MICROPHONE, L, volume: 0.250. Timing signal peak level -25.1 dBFS, measurement signal peak level -30.2 dBFS
* Format: 1M Log Swept Sine, 1 sweep at 0.0 dBFS using an acoustic timing reference
* Dated: 11-Apr-2024 15:48:58
* REW Settings:
*  C-weighting compensation: Off
*  Target level: 75.0 dB
* Note: ; Delay 0.0035 ms (1.2 mm, 0.05 in) using estimated IR delay relative to Acoustic reference played from SPEAKER R with no timing offset Clock adjustment: 7.7 ppm
* Measurement: Chu2Velvet R1
* Smoothing: 1/48 octave
* Frequency Step: 1/96 octave
* Start Frequency: 20.000 Hz
*
* Freq(Hz)	SPL(dB)	Phase(degrees)
20.000000	94.768	-147.9590
20.144928	93.861	-148.4918
20.290907	92.923	-147.0181
20.437943	92.075	-143.3756
20.586044	91.555	-138.2884
20.735220	91.404	-131.7274
20.885475	91.586	-125.8614
21.036821	92.095	-121.7416
21.189262	92.771	-119.3146
21.342808	93.403	-118.6855
21.497467	93.980	-119.4492
21.653246	94.448	-120.7965
21.810154	94.786	-122.8130
21.968201	95.016	-124.9253
22.127390	95.145	-126.8465
22.287735	95.196	-128.6485
22.449242	95.206	-129.9133
22.611917	95.190	-130.7610
22.775772	95.194	-131.2189
22.940815	95.233	-131.2500
23.107054	95.320	-131.1966
23.274498	95.463	-131.1064
23.443153	95.638	-131.1579
23.613033	95.828	-131.5177
23.784142	96.013	-132.0893
23.956491	96.167	-132.9012
24.130091	96.285	-133.8633
24.304947	96.359	-134.8051
24.481071	96.391	-135.7386
24.658470	96.395	-136.4822
24.837156	96.377	-137.0718
25.017136	96.356	-137.4879
25.198421	96.337	-137.7435
25.381020	96.327	-137.9606
25.564941	96.326	-138.1358
25.750195	96.325	-138.3703
25.936790	96.320	-138.6532
26.124741	96.303	-138.9682
26.314051	96.271	-139.3064
26.504732	96.228	-139.5952
26.696796	96.179	-139.8445
26.890253	96.133	-140.0391
27.085112	96.095	-140.2135
27.281382	96.069	-140.4320
27.479073	96.050	-140.7147
27.678198	96.033	-141.1195
27.878765	96.008	-141.5931
28.080786	95.972	-142.1329
28.284271	95.925	-142.6335
28.489231	95.874	-143.0712
28.695675	95.835	-143.4171
28.903616	95.816	-143.6990
29.113064	95.828	-144.0273
29.324028	95.864	-144.4609
29.536524	95.914	-145.1078
29.750557	95.954	-145.8963
29.966141	95.971	-146.8164
30.183289	95.955	-147.6037
30.402010	95.919	-148.1932
30.622314	95.889	-148.3645
30.844217	95.904	-148.2615
31.067726	95.993	-147.9316
31.292856	96.162	-147.8708
31.519617	96.384	-148.2151
31.748020	96.608	-149.2498
31.978081	96.768	-150.7466
32.209808	96.829	-152.5776
32.443211	96.767	-154.1925
32.678310	96.613	-155.2200
32.915108	96.418	-155.3264
33.153625	96.293	-154.4584
33.393871	96.306	-153.1765
33.635857	96.485	-152.0555
33.879597	96.746	-152.0719
34.125103	96.983	-153.1222
34.372387	97.088	-155.1914
34.621464	96.989	-157.3173
34.872345	96.701	-158.8313
35.125042	96.292	-158.9327
35.379574	95.957	-157.0610
35.635948	95.878	-154.1906
35.894180	96.124	-151.5526
36.154285	96.567	-151.0571
36.416275	96.955	-152.7410
36.680161	97.124	-155.8834
36.945961	96.967	-159.6143
37.213688	96.492	-162.0221
37.483353	95.868	-162.0544
37.754974	95.380	-158.9809
38.028561	95.395	-153.9909
38.304131	95.911	-151.0925
38.581699	96.583	-151.5948
38.861279	97.068	-155.0551
39.142883	97.145	-160.1493
39.426529	96.773	-164.4386
39.712231	96.094	-166.1892
40.000000	95.457	-164.1073
40.289856	95.333	-158.7884
40.581814	95.911	-155.2597
40.875885	96.675	-156.5909
41.172089	97.160	-161.4922
41.470440	97.090	-167.9555
41.770950	96.388	-173.4133
42.073643	95.239	-173.2849
42.378525	94.587	-163.3306
42.685616	95.400	-150.5868
42.994934	97.147	-147.4003
43.306492	98.766	-153.4214
43.620308	99.705	-164.6791
43.936401	99.860	-178.5318
44.254780	99.179	167.1837
44.575470	97.578	154.7189
44.898483	95.235	150.3387
45.223835	93.873	-174.7675
45.551544	95.090	-127.8412
45.881630	97.563	-130.3321
46.214108	99.332	-141.7899
46.548996	100.219	-154.9554
46.886307	100.349	-167.6025
47.226067	99.840	-178.2964
47.568283	98.831	174.2594
47.912983	97.550	171.2067
48.260181	96.334	172.7736
48.609894	95.466	177.2757
48.962143	94.973	-177.6940
49.316940	94.740	-172.8537
49.674313	94.763	-167.7221
50.034271	95.141	-162.7832
50.396843	95.847	-159.7941
50.762039	96.677	-159.9142
51.129883	97.422	-162.8524
51.500389	97.979	-167.6644
51.873581	98.339	-173.4956
52.249481	98.533	-179.8048
52.628101	98.591	173.6886
53.009464	98.528	167.1469
53.393593	98.339	160.7431
53.780506	98.010	154.7130
54.170223	97.525	149.3444
54.562763	96.865	144.9745
54.958145	96.005	142.0652
55.356396	94.933	141.3874
55.757530	93.698	144.2720
56.161572	92.512	152.5689
56.568542	91.821	167.0232
56.978462	92.024	-176.1358
57.391350	92.980	-162.7895
57.807232	94.213	-154.5009
58.226128	95.393	-149.9539
58.648056	96.385	-147.7921
59.073048	97.149	-147.1319
59.501114	97.681	-147.4097
59.932281	97.997	-148.2845
60.366577	98.121	-149.6032
60.804020	98.074	-151.3477
61.244629	97.870	-153.5499
61.688435	97.527	-156.2204
62.135452	97.075	-159.3237
62.585712	96.563	-162.8100
63.039234	96.062	-166.6508
63.496040	95.649	-170.8399
63.956161	95.387	-175.3543
64.419617	95.292	179.9332
64.886421	95.325	175.3552
65.356621	95.423	171.4390
65.830215	95.546	168.7941
66.307251	95.700	167.7628
66.787743	95.908	168.1019
67.271713	96.150	169.0985
67.759193	96.352	170.1969
68.250206	96.449	171.4678
68.744774	96.436	173.2625
69.242928	96.360	175.5597
69.744690	96.247	177.8301
70.250084	96.079	179.6066
70.759148	95.836	-179.1083
71.271896	95.547	-178.2768
71.788361	95.252	-178.3338
72.308571	94.943	-179.7445
72.832550	94.591	177.7761
73.360321	94.242	175.1067
73.891922	94.018	172.6546
74.427376	93.980	170.0337
74.966705	94.042	167.1866
75.509949	94.112	165.1909
76.057121	94.231	165.0817
76.608261	94.477	166.3215
77.163399	94.781	167.4900
77.722557	94.994	168.4788
78.285767	95.098	170.3749
78.853058	95.215	173.2242
79.424461	95.377	175.3063
80.000000	95.436	175.4561
80.579712	95.267	174.6130
81.163628	94.919	174.2175
81.751770	94.560	174.3324
82.344177	94.290	173.8904
82.940880	94.091	172.3862
83.541901	93.950	170.3576
84.147285	93.892	168.3066
84.757050	93.919	166.3679
85.371231	93.999	164.8553
85.989868	94.120	164.1466
86.612984	94.278	164.0456
87.240616	94.426	164.0598
87.872803	94.496	164.1431
88.509560	94.476	164.7133
89.150940	94.417	165.8750
89.796967	94.366	167.0770
90.447670	94.317	167.6340
91.103088	94.236	167.4984
91.763260	94.126	167.0895
92.428215	94.029	166.5422
93.097992	93.964	165.7108
93.772614	93.918	164.7783
94.452133	93.904	164.1359
95.136566	93.935	163.6564
95.825966	93.971	163.0173
96.520363	93.961	162.4526
97.219788	93.909	162.4091
97.924286	93.856	162.8120
98.633881	93.816	163.1784
99.348625	93.774	163.2134
100.068542	93.710	162.9666
100.793686	93.628	162.6380
101.524078	93.547	162.3720
102.259766	93.491	162.1865
103.000778	93.470	162.0341
103.747162	93.477	161.8250
104.498962	93.493	161.5308
105.256203	93.501	161.2790
106.018929	93.500	161.1091
106.787186	93.482	160.9011
107.561012	93.438	160.6896
108.340446	93.376	160.5823
109.125526	93.306	160.5266
109.916290	93.235	160.4998
110.712791	93.172	160.6006
111.515060	93.139	160.8690
112.323143	93.149	161.0975
113.137085	93.184	160.9641
113.956924	93.209	160.5551
114.782700	93.216	160.1620
115.614464	93.210	159.6900
116.452255	93.176	159.1266
117.296112	93.117	158.8464
118.146095	93.063	158.7754
119.002228	93.005	158.5549
119.864563	92.930	158.5798
120.733154	92.883	159.0263
121.608040	92.868	159.0418
122.489258	92.830	158.6857
123.376869	92.786	158.7055
124.270905	92.767	158.5984
125.171425	92.738	158.1494
126.078468	92.702	158.1016
126.992081	92.694	158.2151
127.912323	92.685	157.9977
128.839233	92.644	157.8544
129.772842	92.589	157.9957
130.713242	92.532	158.1595
131.660431	92.473	158.2204
132.614502	92.409	158.1945
133.575485	92.348	158.0977
134.543427	92.297	157.9975
135.518387	92.267	157.8730
136.500412	92.249	157.5363
137.489548	92.215	157.0762
138.485855	92.163	156.8373
139.489380	92.112	156.8939
140.500168	92.077	157.0670
141.518295	92.055	157.1483
142.543793	92.028	157.0539
143.576721	91.983	156.8481
144.617142	91.919	156.6898
145.665100	91.851	156.7391
146.720642	91.803	156.9214
147.783844	91.785	157.0992
148.854752	91.790	157.1121
149.933411	91.796	156.8776
151.019897	91.786	156.6082
152.114243	91.761	156.4135
153.216522	91.723	156.2913
154.326797	91.683	156.2538
155.445114	91.647	156.1653
156.571533	91.614	155.9549
157.706116	91.582	155.6686
158.848923	91.552	155.4187
160.000000	91.530	155.3496
161.159424	91.518	155.3814
162.327255	91.503	155.4443
163.503540	91.473	155.5905
164.688354	91.423	155.8019
165.881760	91.356	155.9698
167.083801	91.282	156.0393
168.294571	91.211	155.9533
169.514099	91.150	155.7515
170.742462	91.103	155.5085
171.979736	91.064	155.3101
173.225967	91.025	155.1969
174.481232	90.981	155.3290
175.745605	90.932	155.5042
177.019119	90.871	155.6575
178.301880	90.800	155.7665
179.593933	90.733	155.8331
180.895340	90.680	155.7948
182.206177	90.643	155.7018
183.526520	90.621	155.5646
184.856430	90.606	155.4727
186.195984	90.601	155.4609
187.545227	90.598	155.4685
188.904266	90.592	155.5015
190.273132	90.576	155.6304
191.651932	90.551	155.8463
193.040726	90.518	156.1024
194.439575	90.483	156.2947
195.848572	90.443	156.2933
197.267761	90.406	156.3324
198.697250	90.383	156.3406
200.137085	90.369	156.3375
201.587372	90.357	156.4680
203.048157	90.338	156.5256
204.519531	90.307	156.7098
206.001556	90.285	156.9819
207.494324	90.267	156.8839
208.997925	90.238	156.7171
210.512405	90.212	156.7990
212.037857	90.198	156.7898
213.574371	90.175	156.6159
215.122025	90.139	156.5306
216.680893	90.105	156.6194
218.251053	90.080	156.6396
219.832581	90.055	156.5267
221.425583	90.023	156.4576
223.030121	89.987	156.4247
224.646286	89.947	156.4741
226.274170	89.911	156.6264
227.913849	89.879	156.7068
229.565399	89.854	156.7705
231.228928	89.838	156.8168
232.904510	89.825	156.6715
234.592224	89.798	156.4689
236.292191	89.759	156.4072
238.004456	89.718	156.4380
239.729126	89.677	156.4579
241.466309	89.639	156.5094
243.216080	89.606	156.5908
244.978516	89.578	156.6936
246.753738	89.556	156.8505
248.541809	89.537	156.9878
250.342850	89.514	157.0628
252.156937	89.483	157.1226
253.984161	89.447	157.1523
255.824646	89.410	157.1052
257.678467	89.374	157.0150
259.545685	89.340	156.9800
261.426483	89.313	157.0613
263.320862	89.289	157.1186
265.229004	89.264	157.1925
267.150970	89.238	157.3040
269.086853	89.211	157.4117
271.036774	89.181	157.5272
273.000824	89.150	157.6190
274.979095	89.118	157.6750
276.971710	89.088	157.6422
278.978760	89.059	157.6356
281.000336	89.033	157.6784
283.036591	89.004	157.7110
285.087585	88.972	157.7898
287.153442	88.942	157.8982
289.234283	88.914	157.9463
291.330200	88.887	158.0200
293.441284	88.864	158.1172
295.567688	88.840	158.2152
297.709503	88.814	158.2996
299.866821	88.783	158.3430
302.039795	88.753	158.3881
304.228485	88.728	158.4469
306.433044	88.705	158.5269
308.653595	88.682	158.6505
310.890228	88.658	158.8080
313.143066	88.632	158.9240
315.412231	88.603	158.9905
317.697845	88.575	159.0616
320.000000	88.550	159.1506
322.318848	88.528	159.2037
324.654510	88.504	159.2546
327.007080	88.476	159.3447
329.376709	88.448	159.5015
331.763519	88.422	159.6465
334.167603	88.394	159.7347
336.589142	88.366	159.8700
339.028198	88.343	159.9899
341.484924	88.323	160.0480
343.959473	88.303	160.1096
346.451935	88.284	160.1531
348.962463	88.264	160.2577
351.491211	88.245	160.4095
354.038239	88.225	160.5188
356.603760	88.203	160.6606
359.187866	88.181	160.8191
361.790680	88.158	160.9447
364.412354	88.133	161.0580
367.053040	88.108	161.1743
369.712860	88.088	161.3047
372.391968	88.074	161.4367
375.090454	88.062	161.5713
377.808533	88.042	161.7155
380.546265	88.016	161.8189
383.303864	87.993	161.8559
386.081451	87.975	161.8868
388.879150	87.958	162.0417
391.697144	87.941	162.2555
394.535522	87.925	162.3863
397.394501	87.909	162.4804
400.274170	87.894	162.5736
403.174744	87.876	162.6430
406.096313	87.856	162.7169
409.039062	87.838	162.8107
412.003113	87.820	162.9753
414.988647	87.803	163.1503
417.995850	87.789	163.2539
421.024811	87.775	163.3679
424.075714	87.754	163.5612
427.148743	87.728	163.6895
430.244049	87.705	163.7428
433.361786	87.689	163.8036
436.502106	87.676	163.9318
439.665161	87.666	164.0640
442.851166	87.654	164.1787
446.060242	87.639	164.3913
449.292572	87.624	164.5983
452.548340	87.610	164.7067
455.827698	87.595	164.8358
459.130798	87.578	165.0004
462.457855	87.560	165.1157
465.809021	87.545	165.2131
469.184448	87.531	165.3229
472.584381	87.519	165.4296
476.008911	87.509	165.5359
479.458252	87.496	165.6954
482.932617	87.478	165.8636
486.432159	87.463	166.0325
489.957031	87.456	166.2478
493.507477	87.453	166.4080
497.083618	87.447	166.5073
500.685699	87.436	166.6221
504.313873	87.421	166.6967
507.968323	87.403	166.8083
511.649292	87.385	167.0000
515.356934	87.372	167.2004
519.091370	87.361	167.4199
522.852966	87.353	167.5808
526.641724	87.345	167.7029
530.458008	87.334	167.8969
534.301941	87.323	168.0718
538.173706	87.313	168.1974
542.073547	87.303	168.3444
546.001648	87.295	168.5332
549.958191	87.290	168.6919
553.943420	87.287	168.8113
557.957520	87.284	168.9375
562.000671	87.279	169.1459
566.073181	87.276	169.3646
570.175171	87.271	169.4737
574.306885	87.262	169.6147
578.468567	87.252	169.7963
582.660400	87.243	169.9619
586.882568	87.236	170.1123
591.135376	87.233	170.2766
595.419006	87.232	170.4171
599.733643	87.228	170.5798
604.079590	87.221	170.7580
608.456970	87.217	170.9095
612.866089	87.217	171.0833
617.307190	87.218	171.2682
621.780457	87.215	171.4648
626.286133	87.212	171.7126
630.824463	87.209	171.9509
635.395691	87.207	172.1289
640.000000	87.201	172.2615
644.637695	87.190	172.3712
649.309021	87.182	172.5849
654.014160	87.182	172.8680
658.753418	87.186	173.1128
663.527039	87.187	173.2740
668.335205	87.184	173.4048
673.178284	87.183	173.5374
678.056396	87.182	173.7146
682.969849	87.179	173.9420
687.918945	87.178	174.1551
692.903870	87.179	174.3373
697.924927	87.180	174.5234
702.982422	87.183	174.7508
708.076477	87.191	175.0002
713.207520	87.200	175.2410
718.375732	87.206	175.4785
723.581360	87.210	175.6881
728.824707	87.217	175.8668
734.106079	87.229	176.0849
739.425720	87.240	176.3340
744.783936	87.247	176.6023
750.180908	87.253	176.8755
755.617065	87.261	177.1133
761.092529	87.269	177.3575
766.607727	87.276	177.5512
772.162903	87.284	177.7731
777.758301	87.297	178.0777
783.394287	87.315	178.3662
789.071045	87.330	178.6223
794.789001	87.337	178.8640
800.548340	87.348	179.1202
806.349487	87.367	179.4049
812.192627	87.388	179.6565
818.078125	87.407	179.8858
824.006226	87.428	-179.8669
829.977295	87.455	-179.5872
835.991699	87.483	-179.3023
842.049622	87.505	-179.0783
848.151428	87.522	-178.8005
854.297485	87.546	-178.5598
860.488098	87.579	-178.3022
866.723572	87.613	-178.0019
873.004211	87.642	-177.7377
879.330322	87.667	-177.5041
885.702332	87.691	-177.2891
892.120483	87.717	-177.0448
898.585144	87.750	-176.7867
905.096680	87.788	-176.5117
911.655396	87.829	-176.2621
918.261597	87.874	-176.0485
924.915710	87.919	-175.8306
931.618042	87.962	-175.5540
938.368896	87.999	-175.3223
945.168762	88.032	-175.1691
952.017822	88.058	-174.9321
958.916504	88.077	-174.6574
965.865234	88.094	-174.4187
972.864319	88.120	-174.2121
979.914062	88.159	-173.9828
987.014954	88.210	-173.7826
994.167236	88.269	-173.6203
1001.371399	88.336	-173.4529
1008.627747	88.404	-173.2793
1015.936646	88.471	-173.0919
1023.298584	88.535	-172.9771
1030.713867	88.596	-172.8599
1038.182739	88.653	-172.7159
1045.705933	88.707	-172.5849
1053.283447	88.764	-172.4246
1060.916016	88.823	-172.3190
1068.603882	88.879	-172.2593
1076.347412	88.933	-172.1852
1084.147095	88.987	-172.0889
1092.003296	89.041	-172.0364
1099.916382	89.096	-172.0002
1107.886841	89.152	-171.9853
1115.915039	89.208	-171.9670
1124.001343	89.263	-171.8884
1132.146362	89.319	-171.8624
1140.350342	89.375	-171.8925
1148.613770	89.432	-171.8989
1156.937134	89.484	-171.9078
1165.320801	89.533	-171.9635
1173.765137	89.582	-172.0433
1182.270752	89.634	-172.0555
1190.838013	89.685	-172.0598
1199.467285	89.736	-172.1121
1208.159180	89.790	-172.1837
1216.913940	89.845	-172.2499
1225.732178	89.900	-172.2972
1234.614380	89.953	-172.3677
1243.560913	90.004	-172.4516
1252.572266	90.054	-172.5192
1261.648926	90.105	-172.5851
1270.791382	90.157	-172.6954
1280.000000	90.210	-172.8429
1289.275391	90.265	-172.9653
1298.618042	90.318	-173.0795
1308.028320	90.370	-173.1947
1317.506836	90.426	-173.3127
1327.054077	90.485	-173.4075
1336.670410	90.542	-173.4905
1346.356567	90.599	-173.5984
1356.112793	90.655	-173.7072
1365.939697	90.710	-173.8470
1375.837891	90.762	-173.9755
1385.807739	90.813	-174.1022
1395.849854	90.865	-174.2563
1405.964844	90.921	-174.3981
1416.152954	90.978	-174.5067
1426.415039	91.032	-174.5920
1436.751465	91.085	-174.6826
1447.162720	91.139	-174.8034
1457.649414	91.194	-174.9351
1468.212158	91.248	-175.0911
1478.851440	91.304	-175.2291
1489.567871	91.360	-175.3709
1500.361816	91.418	-175.5077
1511.234131	91.477	-175.6280
1522.185059	91.535	-175.7299
1533.215454	91.593	-175.8842
1544.325806	91.653	-176.0702
1555.516602	91.714	-176.2145
1566.788574	91.773	-176.3034
1578.142090	91.832	-176.4225
1589.578003	91.891	-176.5739
1601.096680	91.952	-176.7421
1612.698975	92.018	-176.8938
1624.385254	92.087	-177.0377
1636.156250	92.153	-177.1851
1648.012451	92.216	-177.3405
1659.954590	92.279	-177.4971
1671.983398	92.344	-177.6496
1684.099243	92.410	-177.8098
1696.302856	92.475	-178.0032
1708.594971	92.543	-178.1880
1720.976196	92.613	-178.3595
1733.447144	92.682	-178.5165
1746.008423	92.752	-178.6864
1758.660645	92.826	-178.8799
1771.404663	92.902	-179.0654
1784.240967	92.977	-179.2661
1797.170288	93.051	-179.4722
1810.193359	93.125	-179.6771
1823.310791	93.200	-179.9317
1836.523193	93.279	179.8101
1849.831421	93.359	179.5819
1863.236084	93.438	179.3728
1876.737793	93.518	179.1338
1890.337524	93.597	178.8533
1904.035645	93.677	178.5789
1917.833008	93.758	178.3094
1931.730469	93.842	178.0042
1945.728638	93.927	177.6889
1959.828125	94.011	177.3999
1974.029907	94.097	177.0932
1988.334473	94.184	176.7598
2002.742798	94.272	176.4144
2017.255493	94.362	176.0574
2031.873291	94.454	175.6895
2046.597168	94.544	175.3091
2061.427734	94.629	174.9340
2076.365479	94.711	174.5737
2091.411865	94.794	174.2087
2106.566895	94.884	173.8092
2121.832031	94.981	173.3672
2137.207764	95.084	172.8893
2152.694824	95.187	172.4008
2168.294189	95.285	171.9246
2184.006592	95.379	171.4532
2199.832764	95.471	170.9844
2215.773682	95.564	170.4953
2231.830078	95.660	169.9660
2248.002686	95.755	169.4100
2264.292725	95.849	168.8309
2280.700684	95.943	168.2524
2297.227539	96.038	167.6703
2313.874268	96.133	167.0725
2330.641602	96.228	166.4536
2347.530273	96.324	165.8180
2364.541504	96.422	165.1617
2381.676025	96.516	164.4645
2398.934570	96.607	163.7625
2416.318359	96.696	163.0745
2433.827881	96.784	162.3594
2451.464355	96.872	161.5871
2469.228760	96.961	160.8027
2487.121826	97.051	160.0129
2505.144531	97.141	159.1703
2523.297852	97.228	158.3147
2541.582764	97.311	157.4684
2560.000000	97.390	156.5980
2578.550781	97.468	155.6926
2597.236084	97.547	154.7672
2616.056641	97.626	153.8454
2635.013672	97.704	152.8908
2654.108154	97.779	151.9048
2673.340820	97.849	150.9255
2692.713135	97.913	149.9378
2712.225586	97.972	148.9299
2731.879395	98.028	147.8982
2751.675781	98.082	146.8450
2771.615479	98.134	145.7756
2791.699707	98.183	144.7036
2811.929688	98.228	143.6155
2832.305908	98.267	142.5107
2852.830078	98.303	141.4140
2873.502930	98.336	140.3134
2894.325439	98.366	139.2016
2915.298828	98.392	138.0771
2936.424316	98.413	136.9477
2957.702881	98.429	135.8217
2979.135742	98.442	134.7137
3000.723633	98.450	133.5964
3022.468262	98.454	132.4814
3044.370117	98.454	131.3619
3066.430908	98.452	130.2452
3088.651611	98.446	129.1534
3111.033203	98.438	128.0790
3133.577148	98.429	127.0175
3156.284180	98.419	125.9681
3179.156006	98.407	124.9310
3202.193359	98.395	123.9169
3225.397949	98.383	122.9301
3248.770508	98.370	121.9696
3272.312500	98.360	121.0409
3296.024902	98.349	120.1432
3319.909180	98.338	119.2768
3343.966797	98.323	118.4391
3368.198486	98.306	117.6370
3392.605713	98.291	116.8507
3417.189941	98.277	116.0865
3441.952393	98.265	115.3471
3466.894287	98.256	114.6018
3492.016846	98.250	113.8248
3517.321289	98.248	113.0064
3542.809326	98.249	112.1333
3568.481934	98.248	111.2105
3594.340576	98.243	110.2426
3620.386719	98.235	109.2193
3646.621582	98.224	108.1653
3673.046387	98.209	107.0822
3699.662842	98.187	106.0085
3726.472168	98.161	104.9759
3753.475586	98.134	103.9439
3780.675049	98.111	102.9351
3808.071289	98.087	101.9608
3835.666016	98.061	100.9968
3863.460938	98.030	100.0573
3891.457275	97.997	99.1599
3919.656250	97.962	98.2987
3948.059814	97.927	97.4618
3976.668945	97.887	96.6280
4005.485596	97.837	95.8271
4034.510986	97.776	95.0684
4063.746582	97.708	94.3138
4093.194336	97.638	93.5482
4122.855469	97.569	92.8042
4152.730957	97.498	92.0775
4182.823730	97.426	91.3485
4213.133789	97.354	90.6159
4243.664062	97.284	89.8826
4274.415527	97.217	89.1583
4305.389648	97.154	88.4229
4336.588379	97.090	87.6574
4368.013184	97.026	86.8870
4399.665527	96.963	86.1384
4431.547363	96.900	85.3961
4463.660156	96.838	84.6519
4496.005371	96.777	83.8979
4528.585449	96.719	83.1327
4561.401367	96.663	82.3382
4594.455078	96.606	81.5443
4627.748535	96.548	80.7816
4661.283203	96.486	80.0088
4695.060547	96.423	79.2269
4729.083008	96.360	78.4579
4763.352051	96.298	77.7015
4797.869141	96.235	76.9356
4832.636719	96.170	76.1981
4867.655762	96.104	75.4790
4902.928711	96.040	74.7741
4938.457520	95.977	74.1078
4974.243652	95.910	73.4574
5010.289062	95.843	72.8097
5046.595703	95.775	72.1928
5083.165527	95.706	71.6328
5120.000000	95.633	71.1199
5157.101562	95.557	70.6529
5194.472168	95.480	70.2219
5232.113281	95.403	69.8092
5270.027344	95.332	69.4476
5308.216309	95.266	69.1317
5346.681641	95.201	68.8313
5385.426270	95.138	68.5500
5424.451172	95.078	68.3087
5463.758789	95.024	68.0563
5503.351562	94.977	67.8026
5543.230957	94.938	67.5597
5583.399414	94.905	67.3144
5623.859375	94.883	67.0662
5664.611816	94.871	66.8042
5705.660156	94.867	66.5416
5747.005859	94.871	66.2819
5788.650879	94.883	65.9962
5830.597656	94.903	65.7083
5872.848633	94.929	65.4365
5915.405762	94.960	65.1719
5958.271484	94.997	64.9074
6001.447266	95.039	64.6051
6044.936523	95.083	64.3123
6088.740234	95.131	64.0204
6132.861816	95.190	63.6755
6177.303223	95.259	63.3051
6222.066406	95.337	62.9067
6267.154297	95.429	62.4511
6312.568359	95.532	61.9384
6358.312012	95.647	61.3875
6404.386719	95.770	60.7835
6450.795898	95.903	60.1107
6497.541016	96.046	59.3313
6544.625000	96.202	58.4246
6592.049805	96.369	57.4012
6639.818359	96.546	56.2477
6687.933594	96.733	54.9127
6736.396973	96.929	53.3853
6785.211426	97.130	51.6511
6834.379883	97.333	49.6633
6883.904785	97.535	47.4122
6933.788574	97.728	44.8567
6984.033691	97.905	41.9768
7034.642578	98.057	38.7965
7085.618652	98.172	35.3179
7136.963867	98.242	31.5526
7188.681152	98.259	27.5482
7240.773438	98.216	23.3558
7293.243164	98.100	19.0298
7346.092773	97.908	14.6410
7399.325684	97.637	10.3218
7452.944336	97.293	6.1819
7506.951172	96.883	2.2868
7561.350098	96.418	-1.2683
7616.142578	95.909	-4.4128
7671.332031	95.371	-7.1257
7726.921875	94.817	-9.4734
7782.914551	94.259	-11.4933
7839.312500	93.704	-13.2109
7896.119629	93.152	-14.7009
7953.337891	92.608	-16.0116
8010.971191	92.077	-17.1574
8069.021973	91.558	-18.1060
8127.493164	91.048	-18.9059
8186.388672	90.546	-19.5388
8245.710938	90.056	-20.0394
8305.461914	89.577	-20.3896
8365.647461	89.107	-20.5847
8426.267578	88.647	-20.6426
8487.328125	88.201	-20.5918
8548.831055	87.769	-20.3805
8610.779297	87.351	-20.0186
8673.176758	86.948	-19.5547
8736.026367	86.563	-18.9850
8799.331055	86.197	-18.3357
8863.094727	85.848	-17.6166
8927.320312	85.516	-16.7781
8992.010742	85.197	-15.8422
9057.170898	84.886	-14.9116
9122.802734	84.587	-13.9955
9188.910156	84.303	-12.9873
9255.497070	84.033	-11.8524
9322.566406	83.774	-10.7681
9390.121094	83.524	-9.6801
9458.166016	83.292	-8.4840
9526.704102	83.077	-7.2776
9595.738281	82.873	-6.0113
9665.273438	82.685	-4.6762
9735.311523	82.517	-3.3820
9805.857422	82.364	-2.0841
9876.915039	82.228	-0.7591
9948.487305	82.109	0.5760
10020.578125	82.004	1.8829
10093.191406	81.914	3.1624
10166.331055	81.838	4.4587
10240.000000	81.776	5.7651
10314.203125	81.736	7.1080
10388.944336	81.717	8.3865
10464.226562	81.717	9.6154
10540.054688	81.743	10.7915
10616.432617	81.793	11.9839
10693.363281	81.859	13.1372
10770.852539	81.940	14.2863
10848.902344	82.044	15.3586
10927.517578	82.174	16.2852
11006.703125	82.331	17.2847
11086.461914	82.512	18.2399
11166.798828	82.722	19.0859
11247.718750	82.964	19.7209
11329.223633	83.242	20.1978
11411.320312	83.559	20.5197
11494.011719	83.911	20.5449
11577.301758	84.301	20.2236
11661.195312	84.729	19.4536
11745.697266	85.190	18.1731
11830.811523	85.672	16.0701
11916.542969	86.127	12.6818
12002.894531	86.440	7.3776
12089.873047	86.404	-0.1461
12177.480469	85.757	-8.7348
12265.723633	84.400	-13.1118
12354.606445	83.020	-2.2522
12444.132812	83.226	20.3070
12534.308594	84.901	29.7733
12625.136719	86.721	29.3009
12716.624023	88.265	25.2205
12808.773438	89.543	19.5046
12901.591797	90.601	12.6617
12995.082031	91.457	4.8607
13089.250000	92.109	-3.6353
13184.099609	92.554	-12.5297
13279.636719	92.800	-21.4616
13375.867188	92.870	-30.0829
13472.793945	92.803	-38.1682
13570.422852	92.642	-45.6041
13668.759766	92.427	-52.3962
13767.809570	92.197	-58.6534
13867.577148	91.988	-64.5570
13968.067383	91.844	-70.2715
14069.285156	91.802	-75.9645
14171.237305	91.854	-81.7599
14273.927734	91.954	-87.8278
14377.362305	92.055	-94.3851
14481.546875	92.107	-101.5122
14586.486328	92.063	-109.2059
14692.185547	91.896	-117.4081
14798.651367	91.597	-125.9236
14905.888672	91.164	-134.4939
15013.902344	90.588	-142.9354
15122.700195	89.876	-150.9796
15232.285156	89.056	-158.4597
15342.664062	88.161	-165.2907
15453.843750	87.209	-171.4807
15565.829102	86.202	-177.1425
15678.625000	85.163	177.6385
15792.239258	84.127	172.8121
15906.675781	83.094	168.3420
16021.942383	82.053	164.1349
16138.043945	80.994	160.0687
16254.986328	79.932	156.0955
16372.777344	78.910	152.1540
16491.421875	77.986	148.1901
16610.923828	77.226	144.2798
16731.294922	76.619	140.2081
16852.535156	76.087	136.0343
16974.656250	75.589	131.8355
17097.662109	75.127	127.3156
17221.558594	74.691	122.5269
17346.353516	74.270	117.6542
17472.052734	73.864	112.4555
17598.662109	73.469	106.9936
17726.189453	73.063	101.1019
17854.640625	72.638	94.9877
17984.021484	72.213	88.5912
18114.341797	71.801	81.8575
18245.605469	71.380	74.6586
18377.820312	70.958	67.2701
18510.994141	70.567	59.7072
18645.132812	70.201	51.0945
18780.242188	69.825	41.8793
18916.332031	69.421	32.2596
19053.408203	69.027	21.9100
19191.476562	68.658	10.3693
19330.546875	68.278	-1.9119
19470.623047	67.797	-14.6786
19611.714844	67.175	-29.0331
19753.830078	66.515	-45.1086
19896.974609	65.979	-61.6194
