* Measurement data measured by REW V5.31
* Source: Headset (USB-C to 3.5mm Headphone Jack Adapter), MICROPHONE, L, volume: 0.250. Timing signal peak level -48.2 dBFS, measurement signal peak level -46.4 dBFS
* Format: 1M Log Swept Sine, 1 sweep at 0.0 dBFS using an acoustic timing reference
* Dated: 11-Apr-2024 16:02:44
* REW Settings:
*  C-weighting compensation: Off
*  Target level: 75.0 dB
* Note: ; Delay -0.1406 ms (-48 mm, -1.9 in) using estimated IR delay relative to Acoustic reference played from SPEAKER L with no timing offset Clock adjustment: -86.8 ppm
* Measurement: Chu2Spring L2
* Smoothing: 1/48 octave
* Frequency Step: 1/96 octave
* Start Frequency: 20.000 Hz
*
* Freq(Hz)	SPL(dB)	Phase(degrees)
20.000000	95.301	-124.9161
20.144928	95.304	-125.5790
20.290907	95.294	-126.1417
20.437943	95.276	-126.6201
20.586044	95.260	-126.9831
20.735220	95.247	-127.2241
20.885475	95.245	-127.4008
21.036821	95.258	-127.5083
21.189262	95.286	-127.5858
21.342808	95.329	-127.7139
21.497467	95.387	-127.8724
21.653246	95.451	-128.1257
21.810154	95.519	-128.4849
21.968201	95.585	-128.9270
22.127390	95.642	-129.4635
22.287735	95.687	-130.0638
22.449242	95.718	-130.6694
22.611917	95.735	-131.2920
22.775772	95.741	-131.8507
22.940815	95.738	-132.3492
23.107054	95.733	-132.7681
23.274498	95.731	-133.0854
23.443153	95.737	-133.3457
23.613033	95.757	-133.5535
23.784142	95.793	-133.7516
23.956491	95.844	-133.9996
24.130091	95.907	-134.3013
24.304947	95.977	-134.7211
24.481071	96.050	-135.2424
24.658470	96.116	-135.8743
24.837156	96.173	-136.6063
25.017136	96.216	-137.3844
25.198421	96.242	-138.2101
25.381020	96.253	-139.0042
25.564941	96.249	-139.7727
25.750195	96.234	-140.4565
25.936790	96.212	-141.0604
26.124741	96.189	-141.5693
26.314051	96.168	-141.9872
26.504732	96.152	-142.3357
26.696796	96.144	-142.6186
26.890253	96.143	-142.8675
27.085112	96.151	-143.0849
27.281382	96.166	-143.2912
27.479073	96.188	-143.4902
27.678198	96.217	-143.6902
27.878765	96.253	-143.9036
28.080786	96.294	-144.1356
28.284271	96.341	-144.4083
28.489231	96.391	-144.7265
28.695675	96.441	-145.1061
28.903616	96.487	-145.5435
29.113064	96.525	-146.0312
29.324028	96.552	-146.5454
29.536524	96.567	-147.0647
29.750557	96.570	-147.5473
29.966141	96.564	-147.9789
30.183289	96.554	-148.3339
30.402010	96.545	-148.6217
30.622314	96.541	-148.8524
30.844217	96.544	-149.0676
31.067726	96.554	-149.2869
31.292856	96.567	-149.5546
31.519617	96.581	-149.8692
31.748020	96.590	-150.2385
31.978081	96.590	-150.6270
32.209808	96.582	-151.0200
32.443211	96.566	-151.3756
32.678310	96.548	-151.6885
32.915108	96.531	-151.9515
33.153625	96.520	-152.1899
33.393871	96.515	-152.4293
33.635857	96.517	-152.6952
33.879597	96.521	-153.0117
34.125103	96.523	-153.3712
34.372387	96.521	-153.7671
34.621464	96.512	-154.1644
34.872345	96.500	-154.5463
35.125042	96.487	-154.8966
35.379574	96.476	-155.2156
35.635948	96.470	-155.5209
35.894180	96.470	-155.8264
36.154285	96.473	-156.1537
36.416275	96.478	-156.5032
36.680161	96.481	-156.8681
36.945961	96.483	-157.2352
37.213688	96.483	-157.5853
37.483353	96.485	-157.9160
37.754974	96.490	-158.2304
38.028561	96.499	-158.5410
38.304131	96.511	-158.8658
38.581699	96.522	-159.2083
38.861279	96.532	-159.5657
39.142883	96.537	-159.9244
39.426529	96.539	-160.2620
39.712231	96.538	-160.5674
40.000000	96.538	-160.8393
40.289856	96.540	-161.0867
40.581814	96.547	-161.3326
40.875885	96.557	-161.6012
41.172089	96.568	-161.9061
41.470440	96.577	-162.2515
41.770950	96.582	-162.6320
42.073643	96.580	-163.0327
42.378525	96.570	-163.4356
42.685616	96.555	-163.8282
42.994934	96.534	-164.2024
43.306492	96.510	-164.5540
43.620308	96.483	-164.8811
43.936401	96.456	-165.1824
44.254780	96.429	-165.4556
44.575470	96.405	-165.6995
44.898483	96.385	-165.9174
45.223835	96.372	-166.1199
45.551544	96.367	-166.3246
45.881630	96.370	-166.5549
46.214108	96.380	-166.8349
46.548996	96.394	-167.1842
46.886307	96.408	-167.6127
47.226067	96.417	-168.1167
47.568283	96.416	-168.6770
47.912983	96.402	-169.2585
48.260181	96.372	-169.8125
48.609894	96.331	-170.2845
48.962143	96.282	-170.6287
49.316940	96.237	-170.8267
49.674313	96.204	-170.9007
50.034271	96.190	-170.9130
50.396843	96.196	-170.9448
50.762039	96.214	-171.0642
51.129883	96.235	-171.2992
51.500389	96.250	-171.6315
51.873581	96.252	-172.0113
52.249481	96.241	-172.3822
52.628101	96.221	-172.7037
53.009464	96.199	-172.9620
53.393593	96.180	-173.1676
53.780506	96.166	-173.3469
54.170223	96.158	-173.5316
54.562763	96.155	-173.7512
54.958145	96.151	-174.0258
55.356396	96.143	-174.3581
55.757530	96.126	-174.7266
56.161572	96.098	-175.0860
56.568542	96.063	-175.3821
56.978462	96.028	-175.5817
57.391350	96.003	-175.7020
57.807232	95.992	-175.8139
58.226128	95.992	-176.0027
58.648056	95.993	-176.3080
59.073048	95.983	-176.6923
59.501114	95.959	-177.0621
59.932281	95.927	-177.3365
60.366577	95.899	-177.5106
60.804020	95.882	-177.6545
61.244629	95.874	-177.8448
61.688435	95.866	-178.1033
62.135452	95.853	-178.3909
62.585712	95.836	-178.6612
63.039234	95.819	-178.9094
63.496040	95.803	-179.1644
63.956161	95.786	-179.4496
64.419617	95.765	-179.7580
64.886421	95.738	179.9337
65.356621	95.706	179.6425
65.830215	95.670	179.3837
66.307251	95.631	179.1767
66.787743	95.595	179.0305
67.271713	95.566	178.9197
67.759193	95.545	178.7913
68.250206	95.528	178.6109
68.744774	95.508	178.3893
69.242928	95.484	178.1610
69.744690	95.458	177.9460
70.250084	95.431	177.7463
70.759148	95.404	177.5633
71.271896	95.380	177.3945
71.788361	95.358	177.2175
72.308571	95.337	177.0065
72.832550	95.311	176.7723
73.360321	95.281	176.5618
73.891922	95.250	176.4014
74.427376	95.224	176.2662
74.966705	95.203	176.1155
75.509949	95.183	175.9332
76.057121	95.164	175.7183
76.608261	95.143	175.4581
77.163399	95.115	175.1509
77.722557	95.076	174.8468
78.285767	95.030	174.6158
78.853058	94.986	174.4815
79.424461	94.953	174.3957
80.000000	94.929	174.2849
80.579712	94.911	174.1178
81.163628	94.894	173.9073
81.751770	94.875	173.6791
82.344177	94.854	173.4424
82.940880	94.831	173.1956
83.541901	94.802	172.9507
84.147285	94.768	172.7346
84.757050	94.730	172.5682
85.371231	94.690	172.4641
85.989868	94.653	172.4299
86.612984	94.624	172.4344
87.240616	94.602	172.4089
87.872803	94.582	172.3180
88.509560	94.558	172.1917
89.150940	94.531	172.0439
89.796967	94.499	171.8667
90.447670	94.460	171.7070
91.103088	94.421	171.6141
91.763260	94.388	171.5043
92.428215	94.351	171.2960
93.097992	94.303	171.0897
93.772614	94.251	171.0189
94.452133	94.209	171.0139
95.136566	94.174	170.9409
95.825966	94.137	170.8105
96.520363	94.097	170.6827
97.219788	94.056	170.5677
97.924286	94.017	170.4602
98.633881	93.982	170.3319
99.348625	93.946	170.1485
100.068542	93.907	169.9592
100.793686	93.867	169.8301
101.524078	93.831	169.7228
102.259766	93.795	169.5926
103.000778	93.755	169.4815
103.747162	93.713	169.4163
104.498962	93.670	169.3830
105.256203	93.627	169.3992
106.018929	93.590	169.4460
106.787186	93.557	169.4180
107.561012	93.520	169.2759
108.340446	93.474	169.1321
109.125526	93.428	169.0758
109.916290	93.390	169.0004
110.712791	93.351	168.8058
111.515060	93.304	168.6421
112.323143	93.258	168.6006
113.137085	93.216	168.5436
113.956924	93.169	168.5021
114.782700	93.122	168.5306
115.614464	93.072	168.5297
116.452255	93.018	168.6170
117.296112	92.972	168.7410
118.146095	92.922	168.6819
119.002228	92.862	168.7079
119.864563	92.809	168.8206
120.733154	92.756	168.7688
121.608040	92.698	168.8917
122.489258	92.656	169.0699
123.376869	92.607	168.9758
124.270905	92.543	169.1725
125.171425	92.502	169.5751
126.078468	92.462	169.5524
126.992081	92.396	169.6462
127.912323	92.340	170.0683
128.839233	92.292	170.1663
129.772842	92.227	170.3349
130.713242	92.182	170.9433
131.660431	92.173	171.3206
132.614502	92.159	171.3964
133.575485	92.135	171.7111
134.543427	92.133	172.3380
135.518387	92.158	172.7798
136.500412	92.177	172.9494
137.489548	92.188	173.3243
138.485855	92.218	173.8314
139.489380	92.270	174.1246
140.500168	92.319	174.0476
141.518295	92.343	173.7564
142.543793	92.353	173.7502
143.576721	92.387	173.8883
144.617142	92.431	173.6396
145.665100	92.450	173.1852
146.720642	92.443	172.8739
147.783844	92.422	172.6906
148.854752	92.401	172.6279
149.933411	92.388	172.5781
151.019897	92.376	172.3257
152.114243	92.351	171.9852
153.216522	92.318	171.7425
154.326797	92.284	171.4901
155.445114	92.245	171.1972
156.571533	92.201	171.0538
157.706116	92.162	171.0438
158.848923	92.129	171.0546
160.000000	92.098	171.0756
161.159424	92.068	171.1207
162.327255	92.039	171.1587
163.503540	92.012	171.1802
164.688354	91.982	171.1325
165.881760	91.941	171.0229
167.083801	91.891	170.9889
168.294571	91.839	171.0536
169.514099	91.790	171.1159
170.742462	91.737	171.1537
171.979736	91.678	171.1502
173.225967	91.610	171.1172
174.481232	91.541	171.1100
175.745605	91.479	171.1414
177.019119	91.430	171.1864
178.301880	91.389	171.2047
179.593933	91.352	171.2559
180.895340	91.319	171.3799
182.206177	91.291	171.5439
183.526520	91.265	171.6833
184.856430	91.236	171.7383
186.195984	91.203	171.7642
187.545227	91.169	171.8389
188.904266	91.139	171.9260
190.273132	91.108	172.0110
191.651932	91.075	172.1479
193.040726	91.041	172.3004
194.439575	91.005	172.4290
195.848572	90.965	172.5264
197.267761	90.923	172.6575
198.697250	90.881	172.7795
200.137085	90.837	172.8826
201.587372	90.789	173.0459
203.048157	90.743	173.2747
204.519531	90.705	173.5020
206.001556	90.672	173.6544
207.494324	90.639	173.7371
208.997925	90.602	173.8754
210.512405	90.564	174.1053
212.037857	90.528	174.3874
213.574371	90.495	174.6771
215.122025	90.464	174.8768
216.680893	90.430	175.0201
218.251053	90.395	175.1763
219.832581	90.361	175.3578
221.425583	90.331	175.5894
223.030121	90.306	175.8092
224.646286	90.282	175.9650
226.274170	90.258	176.1185
227.913849	90.236	176.2648
229.565399	90.214	176.4054
231.228928	90.191	176.6096
232.904510	90.164	176.8361
234.592224	90.131	177.0253
236.292191	90.094	177.1916
238.004456	90.057	177.3388
239.729126	90.022	177.4650
241.466309	89.988	177.6381
243.216080	89.953	177.8224
244.978516	89.916	178.0259
246.753738	89.879	178.1908
248.541809	89.844	178.3206
250.342850	89.812	178.4657
252.156937	89.782	178.6600
253.984161	89.753	178.9312
255.824646	89.722	179.2162
257.678467	89.689	179.4515
259.545685	89.655	179.6505
261.426483	89.620	179.8695
263.320862	89.587	-179.8838
265.229004	89.552	-179.6498
267.150970	89.516	-179.4184
269.086853	89.482	-179.1581
271.036774	89.453	-178.9117
273.000824	89.426	-178.6784
274.979095	89.402	-178.4312
276.971710	89.377	-178.2102
278.978760	89.351	-177.9836
281.000336	89.323	-177.6826
283.036591	89.296	-177.3769
285.087585	89.266	-177.0779
287.153442	89.235	-176.8153
289.234283	89.204	-176.6059
291.330200	89.174	-176.3914
293.441284	89.146	-176.1254
295.567688	89.119	-175.8399
297.709503	89.090	-175.5226
299.866821	89.059	-175.1827
302.039795	89.028	-174.8573
304.228485	88.999	-174.5856
306.433044	88.974	-174.3617
308.653595	88.952	-174.1391
310.890228	88.929	-173.8634
313.143066	88.904	-173.5354
315.412231	88.877	-173.2423
317.697845	88.850	-172.9654
320.000000	88.824	-172.6725
322.318848	88.800	-172.4148
324.654510	88.772	-172.1604
327.007080	88.746	-171.8176
329.376709	88.724	-171.4445
331.763519	88.704	-171.1262
334.167603	88.681	-170.7973
336.589142	88.654	-170.4571
339.028198	88.626	-170.1417
341.484924	88.598	-169.8308
343.959473	88.573	-169.5354
346.451935	88.550	-169.2618
348.962463	88.521	-168.9804
351.491211	88.488	-168.6604
354.038239	88.457	-168.3004
356.603760	88.433	-167.9628
359.187866	88.414	-167.5956
361.790680	88.396	-167.2106
364.412354	88.376	-166.8581
367.053040	88.352	-166.5197
369.712860	88.326	-166.1859
372.391968	88.299	-165.8165
375.090454	88.273	-165.4685
377.808533	88.247	-165.1535
380.546265	88.222	-164.7725
383.303864	88.201	-164.3426
386.081451	88.184	-163.9631
388.879150	88.166	-163.6009
391.697144	88.147	-163.2293
394.535522	88.125	-162.8582
397.394501	88.103	-162.4681
400.274170	88.081	-162.0714
403.174744	88.059	-161.6627
406.096313	88.036	-161.3226
409.039062	88.012	-160.9713
412.003113	87.992	-160.5495
414.988647	87.975	-160.1180
417.995850	87.956	-159.7558
421.024811	87.936	-159.3954
424.075714	87.919	-158.9756
427.148743	87.904	-158.5477
430.244049	87.889	-158.1073
433.361786	87.874	-157.6708
436.502106	87.857	-157.2652
439.665161	87.837	-156.8901
442.851166	87.816	-156.5315
446.060242	87.795	-156.1045
449.292572	87.775	-155.6337
452.548340	87.758	-155.1751
455.827698	87.745	-154.7258
459.130798	87.729	-154.2863
462.457855	87.706	-153.8628
465.809021	87.684	-153.4267
469.184448	87.668	-152.9305
472.584381	87.656	-152.4651
476.008911	87.641	-152.0463
479.458252	87.622	-151.5987
482.932617	87.604	-151.1805
486.432159	87.589	-150.7432
489.957031	87.578	-150.3118
493.507477	87.564	-149.9050
497.083618	87.546	-149.4287
500.685699	87.528	-148.8718
504.313873	87.513	-148.3628
507.968323	87.506	-147.9007
511.649292	87.501	-147.3857
515.356934	87.492	-146.8643
519.091370	87.479	-146.4119
522.852966	87.463	-145.9317
526.641724	87.447	-145.4695
530.458008	87.435	-144.9949
534.301941	87.422	-144.4630
538.173706	87.410	-143.9289
542.073547	87.404	-143.4440
546.001648	87.399	-142.9710
549.958191	87.391	-142.4323
553.943420	87.379	-141.9001
557.957520	87.366	-141.4136
562.000671	87.357	-140.8881
566.073181	87.350	-140.3333
570.175171	87.342	-139.7669
574.306885	87.332	-139.2535
578.468567	87.319	-138.7784
582.660400	87.303	-138.2649
586.882568	87.294	-137.7162
591.135376	87.297	-137.1344
595.419006	87.296	-136.5413
599.733643	87.284	-135.9853
604.079590	87.270	-135.4373
608.456970	87.258	-134.8375
612.866089	87.250	-134.2636
617.307190	87.246	-133.7488
621.780457	87.241	-133.1894
626.286133	87.233	-132.5897
630.824463	87.225	-132.0041
635.395691	87.221	-131.4303
640.000000	87.220	-130.8047
644.637695	87.222	-130.1736
649.309021	87.227	-129.6019
654.014160	87.233	-129.0055
658.753418	87.236	-128.3784
663.527039	87.231	-127.7779
668.335205	87.225	-127.1955
673.178284	87.222	-126.5233
678.056396	87.224	-125.8490
682.969849	87.226	-125.2574
687.918945	87.227	-124.6759
692.903870	87.222	-124.0423
697.924927	87.216	-123.3675
702.982422	87.216	-122.6940
708.076477	87.226	-122.0360
713.207520	87.239	-121.3485
718.375732	87.251	-120.7133
723.581360	87.262	-120.1009
728.824707	87.271	-119.4253
734.106079	87.277	-118.7263
739.425720	87.279	-118.0452
744.783936	87.283	-117.3491
750.180908	87.293	-116.6130
755.617065	87.302	-115.9128
761.092529	87.311	-115.2589
766.607727	87.323	-114.5648
772.162903	87.332	-113.8562
777.758301	87.339	-113.1034
783.394287	87.349	-112.3761
789.071045	87.362	-111.6804
794.789001	87.376	-110.9772
800.548340	87.391	-110.2738
806.349487	87.410	-109.5535
812.192627	87.428	-108.8059
818.078125	87.448	-108.0553
824.006226	87.471	-107.3297
829.977295	87.495	-106.5769
835.991699	87.517	-105.7948
842.049622	87.540	-105.0595
848.151428	87.564	-104.3101
854.297485	87.590	-103.5301
860.488098	87.615	-102.7485
866.723572	87.640	-101.9601
873.004211	87.665	-101.1847
879.330322	87.687	-100.4380
885.702332	87.709	-99.7132
892.120483	87.737	-98.9446
898.585144	87.767	-98.1402
905.096680	87.799	-97.3558
911.655396	87.835	-96.5547
918.261597	87.874	-95.7334
924.915710	87.911	-94.9448
931.618042	87.948	-94.1674
938.368896	87.984	-93.3723
945.168762	88.017	-92.5721
952.017822	88.044	-91.7923
958.916504	88.066	-91.0383
965.865234	88.085	-90.3024
972.864319	88.109	-89.5608
979.914062	88.147	-88.7810
987.014954	88.199	-88.0101
994.167236	88.260	-87.2599
1001.371399	88.323	-86.4684
1008.627747	88.386	-85.6675
1015.936646	88.449	-84.9086
1023.298584	88.509	-84.1707
1030.713867	88.566	-83.4643
1038.182739	88.620	-82.7554
1045.705933	88.678	-82.0344
1053.283447	88.740	-81.3132
1060.916016	88.801	-80.5594
1068.603882	88.855	-79.8150
1076.347412	88.905	-79.1155
1084.147095	88.956	-78.4725
1092.003296	89.010	-77.8330
1099.916382	89.064	-77.1249
1107.886841	89.118	-76.4312
1115.915039	89.175	-75.8019
1124.001343	89.232	-75.1666
1132.146362	89.286	-74.5175
1140.350342	89.339	-73.8996
1148.613770	89.390	-73.2636
1156.937134	89.442	-72.5820
1165.320801	89.494	-71.9468
1173.765137	89.547	-71.3307
1182.270752	89.597	-70.7248
1190.838013	89.646	-70.1240
1199.467285	89.694	-69.4842
1208.159180	89.742	-68.8494
1216.913940	89.790	-68.2362
1225.732178	89.838	-67.6417
1234.614380	89.886	-67.0436
1243.560913	89.937	-66.4325
1252.572266	89.988	-65.8640
1261.648926	90.040	-65.3114
1270.791382	90.090	-64.7347
1280.000000	90.141	-64.1208
1289.275391	90.194	-63.4987
1298.618042	90.246	-62.8718
1308.028320	90.297	-62.2109
1317.506836	90.349	-61.5438
1327.054077	90.400	-60.9251
1336.670410	90.450	-60.3445
1346.356567	90.498	-59.7257
1356.112793	90.544	-59.1009
1365.939697	90.592	-58.4552
1375.837891	90.643	-57.7773
1385.807739	90.696	-57.0744
1395.849854	90.750	-56.3464
1405.964844	90.807	-55.6463
1416.152954	90.868	-54.9689
1426.415039	90.930	-54.2761
1436.751465	90.996	-53.5837
1447.162720	91.067	-52.9093
1457.649414	91.139	-52.2400
1468.212158	91.207	-51.6080
1478.851440	91.273	-50.9926
1489.567871	91.335	-50.3878
1500.361816	91.395	-49.7831
1511.234131	91.456	-49.1668
1522.185059	91.517	-48.5664
1533.215454	91.577	-47.9864
1544.325806	91.633	-47.3824
1555.516602	91.688	-46.7529
1566.788574	91.744	-46.0820
1578.142090	91.799	-45.4103
1589.578003	91.854	-44.7479
1601.096680	91.910	-44.0873
1612.698975	91.965	-43.4022
1624.385254	92.020	-42.7079
1636.156250	92.075	-42.0192
1648.012451	92.132	-41.3108
1659.954590	92.192	-40.5765
1671.983398	92.256	-39.8236
1684.099243	92.322	-39.0780
1696.302856	92.389	-38.3201
1708.594971	92.459	-37.5539
1720.976196	92.530	-36.8156
1733.447144	92.604	-36.0703
1746.008423	92.683	-35.3143
1758.660645	92.767	-34.6075
1771.404663	92.852	-33.9099
1784.240967	92.936	-33.2067
1797.170288	93.017	-32.5389
1810.193359	93.098	-31.8871
1823.310791	93.180	-31.2545
1836.523193	93.262	-30.6322
1849.831421	93.343	-30.0077
1863.236084	93.424	-29.3527
1876.737793	93.504	-28.6861
1890.337524	93.582	-28.0657
1904.035645	93.659	-27.4581
1917.833008	93.734	-26.8206
1931.730469	93.812	-26.1848
1945.728638	93.892	-25.5603
1959.828125	93.971	-24.9059
1974.029907	94.050	-24.2393
1988.334473	94.129	-23.5732
2002.742798	94.210	-22.9025
2017.255493	94.293	-22.2363
2031.873291	94.376	-21.5658
2046.597168	94.461	-20.9251
2061.427734	94.549	-20.3042
2076.365479	94.637	-19.6837
2091.411865	94.726	-19.0571
2106.566895	94.816	-18.4344
2121.832031	94.906	-17.8068
2137.207764	94.995	-17.1993
2152.694824	95.085	-16.6122
2168.294189	95.177	-16.0101
2184.006592	95.268	-15.4233
2199.832764	95.358	-14.8512
2215.773682	95.449	-14.2701
2231.830078	95.539	-13.6890
2248.002686	95.628	-13.1299
2264.292725	95.718	-12.5857
2280.700684	95.808	-12.0402
2297.227539	95.899	-11.4816
2313.874268	95.990	-10.9195
2330.641602	96.082	-10.3773
2347.530273	96.175	-9.8275
2364.541504	96.271	-9.2479
2381.676025	96.368	-8.6867
2398.934570	96.466	-8.1478
2416.318359	96.567	-7.6057
2433.827881	96.672	-7.0508
2451.464355	96.781	-6.5268
2469.228760	96.893	-6.0518
2487.121826	97.007	-5.6157
2505.144531	97.122	-5.2387
2523.297852	97.235	-4.9232
2541.582764	97.344	-4.6325
2560.000000	97.448	-4.3557
2578.550781	97.547	-4.1080
2597.236084	97.643	-3.8759
2616.056641	97.736	-3.6574
2635.013672	97.827	-3.4381
2654.108154	97.914	-3.2238
2673.340820	97.997	-2.9925
2692.713135	98.078	-2.7612
2712.225586	98.159	-2.5533
2731.879395	98.240	-2.3595
2751.675781	98.321	-2.1730
2771.615479	98.401	-2.0160
2791.699707	98.480	-1.8939
2811.929688	98.556	-1.8128
2832.305908	98.628	-1.7666
2852.830078	98.695	-1.7362
2873.502930	98.756	-1.7343
2894.325439	98.812	-1.7597
2915.298828	98.859	-1.8022
2936.424316	98.898	-1.8544
2957.702881	98.930	-1.8940
2979.135742	98.957	-1.9316
3000.723633	98.978	-1.9597
3022.468262	98.992	-1.9536
3044.370117	99.000	-1.9284
3066.430908	99.005	-1.8931
3088.651611	99.008	-1.8440
3111.033203	99.008	-1.7862
3133.577148	99.006	-1.7149
3156.284180	99.003	-1.6379
3179.156006	99.000	-1.5464
3202.193359	98.995	-1.4290
3225.397949	98.988	-1.3011
3248.770508	98.980	-1.1555
3272.312500	98.972	-0.9983
3296.024902	98.963	-0.8224
3319.909180	98.949	-0.6232
3343.966797	98.931	-0.4004
3368.198486	98.905	-0.1601
3392.605713	98.874	0.1058
3417.189941	98.839	0.3947
3441.952393	98.798	0.6996
3466.894287	98.750	1.0228
3492.016846	98.695	1.3615
3517.321289	98.638	1.7253
3542.809326	98.579	2.1191
3568.481934	98.519	2.5307
3594.340576	98.460	2.9685
3620.386719	98.399	3.4200
3646.621582	98.341	3.8759
3673.046387	98.286	4.3256
3699.662842	98.233	4.8077
3726.472168	98.181	5.3405
3753.475586	98.131	5.8730
3780.675049	98.086	6.3946
3808.071289	98.044	6.9502
3835.666016	98.002	7.5357
3863.460938	97.959	8.1344
3891.457275	97.914	8.7449
3919.656250	97.868	9.3881
3948.059814	97.822	10.0527
3976.668945	97.773	10.7205
4005.485596	97.711	11.4152
4034.510986	97.636	12.1451
4063.746582	97.553	12.8926
4093.194336	97.467	13.6511
4122.855469	97.378	14.4219
4152.730957	97.282	15.1972
4182.823730	97.183	15.9939
4213.133789	97.083	16.8093
4243.664062	96.983	17.6384
4274.415527	96.885	18.4855
4305.389648	96.789	19.3571
4336.588379	96.696	20.2006
4368.013184	96.601	21.0556
4399.665527	96.507	21.9647
4431.547363	96.416	22.8764
4463.660156	96.326	23.7958
4496.005371	96.238	24.7401
4528.585449	96.152	25.7150
4561.401367	96.068	26.7141
4594.455078	95.983	27.7106
4627.748535	95.897	28.6876
4661.283203	95.811	29.6824
4695.060547	95.727	30.7204
4729.083008	95.646	31.7880
4763.352051	95.568	32.8679
4797.869141	95.493	33.9440
4832.636719	95.416	35.0561
4867.655762	95.338	36.1751
4902.928711	95.263	37.2920
4938.457520	95.192	38.4391
4974.243652	95.122	39.5916
5010.289062	95.052	40.7602
5046.595703	94.982	41.9581
5083.165527	94.912	43.1668
5120.000000	94.838	44.3984
5157.101562	94.761	45.6696
5194.472168	94.683	46.9654
5232.113281	94.603	48.2761
5270.027344	94.522	49.6130
5308.216309	94.440	50.9585
5346.681641	94.352	52.3475
5385.426270	94.262	53.7480
5424.451172	94.173	55.1377
5463.758789	94.088	56.5834
5503.351562	94.006	58.0751
5543.230957	93.926	59.5889
5583.399414	93.846	61.1378
5623.859375	93.772	62.6834
5664.611816	93.704	64.2345
5705.660156	93.641	65.8379
5747.005859	93.582	67.4566
5788.650879	93.528	69.0664
5830.597656	93.475	70.7055
5872.848633	93.428	72.3777
5915.405762	93.387	74.0769
5958.271484	93.350	75.8119
6001.447266	93.313	77.5613
6044.936523	93.275	79.3424
6088.740234	93.238	81.1600
6132.861816	93.206	82.9816
6177.303223	93.178	84.8085
6222.066406	93.155	86.7035
6267.154297	93.140	88.6410
6312.568359	93.133	90.5415
6358.312012	93.133	92.4413
6404.386719	93.142	94.3302
6450.795898	93.158	96.2502
6497.541016	93.183	98.1786
6544.625000	93.217	100.1242
6592.049805	93.258	102.0646
6639.818359	93.309	103.9685
6687.933594	93.373	105.8630
6736.396973	93.451	107.7586
6785.211426	93.543	109.6139
6834.379883	93.648	111.4518
6883.904785	93.769	113.2530
6933.788574	93.904	114.9888
6984.033691	94.053	116.6786
7034.642578	94.216	118.2793
7085.618652	94.394	119.7785
7136.963867	94.589	121.1487
7188.681152	94.809	122.3972
7240.773438	95.050	123.4959
7293.243164	95.308	124.3766
7346.092773	95.581	125.0030
7399.325684	95.866	125.3684
7452.944336	96.160	125.4023
7506.951172	96.456	125.0679
7561.350098	96.744	124.3108
7616.142578	97.011	123.0881
7671.332031	97.248	121.3761
7726.921875	97.439	119.1739
7782.914551	97.564	116.5027
7839.312500	97.603	113.4155
7896.119629	97.544	110.0411
7953.337891	97.379	106.5589
8010.971191	97.105	103.1256
8069.021973	96.731	99.9116
8127.493164	96.266	97.0530
8186.388672	95.724	94.6685
8245.710938	95.125	92.8285
8305.461914	94.490	91.5451
8365.647461	93.832	90.7665
8426.267578	93.162	90.4818
8487.328125	92.492	90.6757
8548.831055	91.831	91.2910
8610.779297	91.185	92.2579
8673.176758	90.555	93.5473
8736.026367	89.945	95.1093
8799.331055	89.358	96.9012
8863.094727	88.794	98.8957
8927.320312	88.254	101.0982
8992.010742	87.736	103.4627
9057.170898	87.235	105.9828
9122.802734	86.751	108.6296
9188.910156	86.286	111.3693
9255.497070	85.840	114.2076
9322.566406	85.409	117.1538
9390.121094	84.992	120.1886
9458.166016	84.597	123.2927
9526.704102	84.219	126.4958
9595.738281	83.852	129.6951
9665.273438	83.495	132.9680
9735.311523	83.153	136.3482
9805.857422	82.833	139.7801
9876.915039	82.531	143.2515
9948.487305	82.247	146.7648
10020.578125	81.985	150.2600
10093.191406	81.746	153.6766
10166.331055	81.523	157.1429
10240.000000	81.315	160.6389
10314.203125	81.121	164.3210
10388.944336	80.943	168.0630
10464.226562	80.787	171.6671
10540.054688	80.659	175.2514
10616.432617	80.547	178.7952
10693.363281	80.443	-177.6924
10770.852539	80.345	-174.1346
10848.902344	80.263	-170.4765
10927.517578	80.205	-166.8527
11006.703125	80.171	-163.3651
11086.461914	80.153	-159.8779
11166.798828	80.154	-156.4438
11247.718750	80.173	-153.1425
11329.223633	80.216	-149.8724
11411.320312	80.285	-146.5832
11494.011719	80.379	-143.4203
11577.301758	80.507	-140.3141
11661.195312	80.666	-137.2859
11745.697266	80.844	-134.4831
11830.811523	81.036	-132.0076
11916.542969	81.250	-129.8459
12002.894531	81.500	-127.9521
12089.873047	81.782	-126.3491
12177.480469	82.074	-125.5197
12265.723633	82.320	-126.0488
12354.606445	82.393	-128.2864
12444.132812	82.070	-132.1315
12534.308594	81.149	-135.1084
12625.136719	79.844	-130.0297
12716.624023	79.165	-113.4082
12808.773438	79.738	-99.3729
12901.591797	80.844	-93.3266
12995.082031	81.900	-90.9096
13089.250000	82.802	-89.8326
13184.099609	83.592	-89.3504
13279.636719	84.314	-89.3104
13375.867188	84.996	-89.6871
13472.793945	85.654	-90.5813
13570.422852	86.287	-92.0389
13668.759766	86.888	-93.9806
13767.809570	87.452	-96.3882
13867.577148	87.983	-99.3168
13968.067383	88.498	-102.7755
14069.285156	89.008	-106.6436
14171.237305	89.497	-110.7520
14273.927734	89.932	-114.9857
14377.362305	90.303	-119.2590
14481.546875	90.602	-123.5916
14586.486328	90.827	-127.9710
14692.185547	90.999	-132.3813
14798.651367	91.149	-136.8831
14905.888672	91.289	-141.5988
15013.902344	91.417	-146.6715
15122.700195	91.521	-152.2382
15232.285156	91.589	-158.5046
15342.664062	91.594	-165.6259
15453.843750	91.484	-173.6578
15565.829102	91.192	177.4910
15678.625000	90.669	168.0527
15792.239258	89.905	158.4802
15906.675781	88.904	149.3680
16021.942383	87.665	141.0522
16138.043945	86.208	133.8079
16254.986328	84.596	127.7304
16372.777344	82.920	122.8092
16491.421875	81.280	119.0245
16610.923828	79.784	116.2695
16731.294922	78.469	114.3690
16852.535156	77.299	113.1115
16974.656250	76.243	112.3465
17097.662109	75.291	112.1124
17221.558594	74.429	112.1730
17346.353516	73.655	111.9811
17472.052734	72.979	111.6780
17598.662109	72.381	111.2118
17726.189453	71.828	110.6053
17854.640625	71.297	109.5028
17984.021484	70.814	108.0818
18114.341797	70.433	106.6880
18245.605469	70.155	104.9648
18377.820312	69.939	102.3604
18510.994141	69.753	99.2164
18645.132812	69.601	95.6266
18780.242188	69.488	91.2384
18916.332031	69.413	86.2881
19053.408203	69.373	80.5936
19191.476562	69.364	73.5368
19330.546875	69.371	65.1570
19470.623047	69.375	56.1093
19611.714844	69.360	45.3616
19753.830078	69.304	33.0274
19896.974609	69.193	20.3392
