* Measurement data measured by REW V5.31
* Source: Headset (USB-C to 3.5mm Headphone Jack Adapter), MICROPHONE, L, volume: 0.250. Timing signal peak level -47.6 dBFS, measurement signal peak level -46.2 dBFS
* Format: 1M Log Swept Sine, 1 sweep at 0.0 dBFS using an acoustic timing reference
* Dated: 11-Apr-2024 15:50:58
* REW Settings:
*  C-weighting compensation: Off
*  Target level: 75.0 dB
* Note: ; Delay -0.2356 ms (-81 mm, -3.18 in) using estimated IR delay relative to Acoustic reference played from SPEAKER R with no timing offset Clock adjustment: 6.4 ppm
* Measurement: Chu2Velvet R5
* Smoothing: 1/48 octave
* Frequency Step: 1/96 octave
* Start Frequency: 20.000 Hz
*
* Freq(Hz)	SPL(dB)	Phase(degrees)
20.000000	94.853	-118.9652
20.144928	94.898	-119.4989
20.290907	94.943	-120.0114
20.437943	94.987	-120.5088
20.586044	95.032	-120.9985
20.735220	95.077	-121.4776
20.885475	95.122	-121.9588
21.036821	95.167	-122.4468
21.189262	95.212	-122.9400
21.342808	95.253	-123.4436
21.497467	95.292	-123.9570
21.653246	95.326	-124.4669
21.810154	95.356	-124.9773
21.968201	95.381	-125.4734
22.127390	95.402	-125.9454
22.287735	95.421	-126.3952
22.449242	95.438	-126.8124
22.611917	95.455	-127.1997
22.775772	95.475	-127.5694
22.940815	95.496	-127.9178
23.107054	95.520	-128.2682
23.274498	95.547	-128.6247
23.443153	95.574	-128.9941
23.613033	95.601	-129.3880
23.784142	95.625	-129.7953
23.956491	95.645	-130.2124
24.130091	95.660	-130.6305
24.304947	95.671	-131.0242
24.481071	95.678	-131.3953
24.658470	95.685	-131.7224
24.837156	95.694	-132.0108
25.017136	95.708	-132.2730
25.198421	95.730	-132.5116
25.381020	95.760	-132.7717
25.564941	95.797	-133.0525
25.750195	95.839	-133.3961
25.936790	95.882	-133.7982
26.124741	95.921	-134.2610
26.314051	95.953	-134.7766
26.504732	95.975	-135.3024
26.696796	95.987	-135.8306
26.890253	95.990	-136.3048
27.085112	95.990	-136.7274
27.281382	95.992	-137.0687
27.479073	95.997	-137.3553
27.678198	96.014	-137.5966
27.878765	96.042	-137.8437
28.080786	96.082	-138.1213
28.284271	96.128	-138.4691
28.489231	96.175	-138.8974
28.695675	96.215	-139.3933
28.903616	96.245	-139.9430
29.113064	96.262	-140.4911
29.324028	96.267	-141.0099
29.536524	96.264	-141.4541
29.750557	96.259	-141.8140
29.966141	96.258	-142.0817
30.183289	96.268	-142.2996
30.402010	96.290	-142.4935
30.622314	96.324	-142.7205
30.844217	96.365	-143.0110
31.067726	96.407	-143.3846
31.292856	96.443	-143.8333
31.519617	96.469	-144.3332
31.748020	96.482	-144.8522
31.978081	96.484	-145.3431
32.209808	96.477	-145.7902
32.443211	96.467	-146.1687
32.678310	96.457	-146.4929
32.915108	96.451	-146.7690
33.153625	96.451	-147.0300
33.393871	96.454	-147.2886
33.635857	96.461	-147.5597
33.879597	96.469	-147.8459
34.125103	96.478	-148.1430
34.372387	96.487	-148.4467
34.621464	96.497	-148.7546
34.872345	96.509	-149.0725
35.125042	96.523	-149.4064
35.379574	96.538	-149.7689
35.635948	96.553	-150.1620
35.894180	96.566	-150.5851
36.154285	96.574	-151.0290
36.416275	96.578	-151.4776
36.680161	96.577	-151.9204
36.945961	96.573	-152.3468
37.213688	96.567	-152.7527
37.483353	96.560	-153.1396
37.754974	96.554	-153.5082
38.028561	96.546	-153.8587
38.304131	96.538	-154.1854
38.581699	96.531	-154.4826
38.861279	96.525	-154.7472
39.142883	96.523	-154.9807
39.426529	96.526	-155.1990
39.712231	96.535	-155.4230
40.000000	96.548	-155.6711
40.289856	96.561	-155.9574
40.581814	96.572	-156.2817
40.875885	96.577	-156.6242
41.172089	96.577	-156.9620
41.470440	96.573	-157.2767
41.770950	96.569	-157.5599
42.073643	96.567	-157.8224
42.378525	96.569	-158.0909
42.685616	96.571	-158.3857
42.994934	96.571	-158.7110
43.306492	96.566	-159.0523
43.620308	96.555	-159.3806
43.936401	96.542	-159.6663
44.254780	96.531	-159.9016
44.575470	96.527	-160.1122
44.898483	96.531	-160.3390
45.223835	96.540	-160.6155
45.551544	96.546	-160.9490
45.881630	96.547	-161.3146
46.214108	96.540	-161.6680
46.548996	96.530	-161.9718
46.886307	96.522	-162.2218
47.226067	96.521	-162.4523
47.568283	96.527	-162.7109
47.912983	96.533	-163.0209
48.260181	96.533	-163.3624
48.609894	96.525	-163.6846
48.962143	96.514	-163.9405
49.316940	96.508	-164.1257
49.674313	96.512	-164.2904
50.034271	96.527	-164.5138
50.396843	96.542	-164.8527
50.762039	96.545	-165.2988
51.129883	96.529	-165.7763
51.500389	96.493	-166.1809
51.873581	96.448	-166.4390
52.249481	96.410	-166.5511
52.628101	96.390	-166.5930
53.009464	96.390	-166.6701
53.393593	96.401	-166.8572
53.780506	96.413	-167.1682
54.170223	96.417	-167.5671
54.562763	96.409	-168.0020
54.958145	96.390	-168.4291
55.356396	96.361	-168.8148
55.757530	96.327	-169.1300
56.161572	96.294	-169.3564
56.568542	96.270	-169.5053
56.978462	96.257	-169.6275
57.391350	96.256	-169.7895
57.807232	96.257	-170.0249
58.226128	96.254	-170.3069
58.648056	96.243	-170.5730
59.073048	96.231	-170.7817
59.501114	96.223	-170.9516
59.932281	96.221	-171.1470
60.366577	96.219	-171.4139
60.804020	96.207	-171.7329
61.244629	96.183	-172.0349
61.688435	96.152	-172.2595
62.135452	96.124	-172.4029
62.585712	96.103	-172.5194
63.039234	96.089	-172.6705
63.496040	96.076	-172.8758
63.956161	96.058	-173.1084
64.419617	96.038	-173.3292
64.886421	96.018	-173.5302
65.356621	96.001	-173.7383
65.830215	95.984	-173.9813
66.307251	95.964	-174.2453
66.787743	95.940	-174.4817
67.271713	95.916	-174.6574
67.759193	95.900	-174.7997
68.250206	95.892	-174.9732
68.744774	95.884	-175.2114
69.242928	95.870	-175.4795
69.744690	95.850	-175.7164
70.250084	95.830	-175.8993
70.759148	95.813	-176.0595
71.271896	95.797	-176.2318
71.788361	95.779	-176.4152
72.308571	95.759	-176.5863
72.832550	95.739	-176.7400
73.360321	95.718	-176.8970
73.891922	95.696	-177.0720
74.427376	95.670	-177.2507
74.966705	95.641	-177.4067
75.509949	95.613	-177.5348
76.057121	95.589	-177.6604
76.608261	95.567	-177.8146
77.163399	95.544	-177.9980
77.722557	95.517	-178.1808
78.285767	95.490	-178.3388
78.853058	95.465	-178.4747
79.424461	95.443	-178.6034
80.000000	95.423	-178.7316
80.579712	95.406	-178.8660
81.163628	95.390	-179.0287
81.751770	95.370	-179.2307
82.344177	95.342	-179.4377
82.940880	95.308	-179.5869
83.541901	95.276	-179.6660
84.147285	95.249	-179.7269
84.757050	95.226	-179.8244
85.371231	95.203	-179.9609
85.989868	95.177	179.8873
86.612984	95.150	179.7401
87.240616	95.124	179.6150
87.872803	95.103	179.5009
88.509560	95.085	179.3273
89.150940	95.061	179.0663
89.796967	95.023	178.8316
90.447670	94.981	178.7637
91.103088	94.951	178.8126
91.763260	94.934	178.8059
92.428215	94.917	178.6983
93.097992	94.893	178.5682
93.772614	94.862	178.4620
94.452133	94.827	178.3854
95.136566	94.792	178.3563
95.825966	94.760	178.3502
96.520363	94.734	178.3091
97.219788	94.708	178.2126
97.924286	94.678	178.0691
98.633881	94.642	177.9231
99.348625	94.604	177.8672
100.068542	94.575	177.8910
100.793686	94.555	177.8450
101.524078	94.530	177.7111
102.259766	94.497	177.6404
103.000778	94.466	177.6492
103.747162	94.438	177.6157
104.498962	94.404	177.5499
105.256203	94.366	177.5443
106.018929	94.333	177.5721
106.787186	94.303	177.5550
107.561012	94.273	177.4879
108.340446	94.241	177.3987
109.125526	94.206	177.3182
109.916290	94.171	177.2836
110.712791	94.142	177.2862
111.515060	94.120	177.2836
112.323143	94.099	177.2448
113.137085	94.075	177.1634
113.956924	94.044	177.0930
114.782700	94.009	177.0987
115.614464	93.977	177.1327
116.452255	93.945	177.1246
117.296112	93.912	177.1077
118.146095	93.878	177.1035
119.002228	93.845	177.0923
119.864563	93.813	177.0893
120.733154	93.783	177.0904
121.608040	93.754	177.0747
122.489258	93.723	177.0688
123.376869	93.693	177.0978
124.270905	93.664	177.1376
125.171425	93.634	177.1488
126.078468	93.601	177.1515
126.992081	93.566	177.1940
127.912323	93.532	177.2520
128.839233	93.499	177.2980
129.772842	93.467	177.3397
130.713242	93.435	177.3738
131.660431	93.404	177.4374
132.614502	93.377	177.5167
133.575485	93.353	177.5302
134.543427	93.323	177.5073
135.518387	93.288	177.5264
136.500412	93.253	177.5935
137.489548	93.220	177.6675
138.485855	93.186	177.7212
139.489380	93.148	177.7789
140.500168	93.109	177.8721
141.518295	93.070	177.9822
142.543793	93.032	178.0853
143.576721	92.996	178.1650
144.617142	92.958	178.2253
145.665100	92.920	178.3135
146.720642	92.884	178.4033
147.783844	92.848	178.4890
148.854752	92.812	178.6069
149.933411	92.777	178.7008
151.019897	92.737	178.7713
152.114243	92.695	178.8972
153.216522	92.657	179.0229
154.326797	92.623	179.1140
155.445114	92.596	179.2090
156.571533	92.573	179.2719
157.706116	92.550	179.3411
158.848923	92.527	179.4791
160.000000	92.503	179.6457
161.159424	92.478	179.8417
162.327255	92.453	-179.9550
163.503540	92.425	-179.8127
164.688354	92.393	-179.7018
165.881760	92.354	-179.5894
167.083801	92.314	-179.4578
168.294571	92.274	-179.3188
169.514099	92.231	-179.1810
170.742462	92.184	-179.0081
171.979736	92.134	-178.8340
173.225967	92.080	-178.6806
174.481232	92.025	-178.5004
175.745605	91.976	-178.2859
177.019119	91.933	-178.1165
178.301880	91.893	-177.9602
179.593933	91.857	-177.7747
180.895340	91.825	-177.6044
182.206177	91.798	-177.4084
183.526520	91.772	-177.2342
184.856430	91.742	-177.0898
186.195984	91.710	-176.8945
187.545227	91.678	-176.6576
188.904266	91.649	-176.4382
190.273132	91.621	-176.2022
191.651932	91.596	-175.9787
193.040726	91.571	-175.7894
194.439575	91.543	-175.5997
195.848572	91.510	-175.3703
197.267761	91.476	-175.1174
198.697250	91.439	-174.8832
200.137085	91.398	-174.6573
201.587372	91.356	-174.4122
203.048157	91.314	-174.1474
204.519531	91.276	-173.8790
206.001556	91.237	-173.6270
207.494324	91.196	-173.3820
208.997925	91.152	-173.0818
210.512405	91.111	-172.7062
212.037857	91.073	-172.3903
213.574371	91.032	-172.0975
215.122025	90.985	-171.7923
216.680893	90.935	-171.4526
218.251053	90.886	-171.0319
219.832581	90.839	-170.6158
221.425583	90.792	-170.1929
223.030121	90.748	-169.6877
224.646286	90.708	-169.1464
226.274170	90.676	-168.5327
227.913849	90.658	-167.8796
229.565399	90.654	-167.2421
231.228928	90.667	-166.6163
232.904510	90.694	-166.0579
234.592224	90.727	-165.6555
236.292191	90.756	-165.3337
238.004456	90.780	-165.0769
239.729126	90.797	-164.9561
241.466309	90.803	-164.8806
243.216080	90.801	-164.7718
244.978516	90.792	-164.6313
246.753738	90.775	-164.4942
248.541809	90.749	-164.3374
250.342850	90.718	-164.1201
252.156937	90.689	-163.8860
253.984161	90.662	-163.6241
255.824646	90.636	-163.3735
257.678467	90.605	-163.0923
259.545685	90.571	-162.8074
261.426483	90.532	-162.5156
263.320862	90.494	-162.1824
265.229004	90.459	-161.8326
267.150970	90.428	-161.5043
269.086853	90.398	-161.1668
271.036774	90.369	-160.8127
273.000824	90.341	-160.4506
274.979095	90.315	-160.0674
276.971710	90.291	-159.7005
278.978760	90.264	-159.3440
281.000336	90.231	-158.9767
283.036591	90.193	-158.5747
285.087585	90.159	-158.1878
287.153442	90.133	-157.8422
289.234283	90.111	-157.4677
291.330200	90.088	-157.0318
293.441284	90.060	-156.5668
295.567688	90.029	-156.1063
297.709503	90.001	-155.6861
299.866821	89.978	-155.2121
302.039795	89.956	-154.7054
304.228485	89.930	-154.2684
306.433044	89.898	-153.8679
308.653595	89.868	-153.4583
310.890228	89.841	-153.0118
313.143066	89.813	-152.4996
315.412231	89.782	-152.0321
317.697845	89.751	-151.6186
320.000000	89.725	-151.1579
322.318848	89.705	-150.6367
324.654510	89.685	-150.1227
327.007080	89.661	-149.6422
329.376709	89.637	-149.1586
331.763519	89.617	-148.6769
334.167603	89.598	-148.1810
336.589142	89.574	-147.6784
339.028198	89.547	-147.1409
341.484924	89.520	-146.6060
343.959473	89.499	-146.0814
346.451935	89.480	-145.5496
348.962463	89.461	-145.0080
351.491211	89.438	-144.5129
354.038239	89.412	-143.9890
356.603760	89.387	-143.4268
359.187866	89.364	-142.8727
361.790680	89.343	-142.3136
364.412354	89.323	-141.7564
367.053040	89.306	-141.2298
369.712860	89.288	-140.7170
372.391968	89.269	-140.1183
375.090454	89.249	-139.4856
377.808533	89.226	-138.9266
380.546265	89.200	-138.3920
383.303864	89.177	-137.7959
386.081451	89.158	-137.1770
388.879150	89.140	-136.5732
391.697144	89.124	-135.9235
394.535522	89.107	-135.2681
397.394501	89.086	-134.6507
400.274170	89.063	-134.0270
403.174744	89.041	-133.4041
406.096313	89.021	-132.7687
409.039062	89.005	-132.1571
412.003113	88.990	-131.5483
414.988647	88.976	-130.9204
417.995850	88.962	-130.2660
421.024811	88.944	-129.5903
424.075714	88.923	-128.9081
427.148743	88.904	-128.2407
430.244049	88.887	-127.5986
433.361786	88.869	-126.9270
436.502106	88.853	-126.2305
439.665161	88.837	-125.5434
442.851166	88.823	-124.8545
446.060242	88.810	-124.1123
449.292572	88.796	-123.3442
452.548340	88.780	-122.6123
455.827698	88.768	-121.9440
459.130798	88.758	-121.2565
462.457855	88.745	-120.5434
465.809021	88.726	-119.7631
469.184448	88.709	-118.9437
472.584381	88.696	-118.2179
476.008911	88.683	-117.5301
479.458252	88.667	-116.8092
482.932617	88.652	-116.0494
486.432159	88.639	-115.3056
489.957031	88.629	-114.5031
493.507477	88.618	-113.6434
497.083618	88.604	-112.8547
500.685699	88.589	-112.0870
504.313873	88.575	-111.3072
507.968323	88.565	-110.5166
511.649292	88.555	-109.7241
515.356934	88.545	-108.9616
519.091370	88.534	-108.1460
522.852966	88.525	-107.2737
526.641724	88.518	-106.3993
530.458008	88.509	-105.5118
534.301941	88.496	-104.6254
538.173706	88.484	-103.7438
542.073547	88.474	-102.8886
546.001648	88.463	-101.9979
549.958191	88.450	-101.1361
553.943420	88.439	-100.2961
557.957520	88.428	-99.4289
562.000671	88.419	-98.5296
566.073181	88.416	-97.5643
570.175171	88.414	-96.6144
574.306885	88.405	-95.7119
578.468567	88.391	-94.7985
582.660400	88.378	-93.8483
586.882568	88.373	-92.8955
591.135376	88.373	-92.0030
595.419006	88.373	-91.0618
599.733643	88.370	-90.0514
604.079590	88.364	-89.0724
608.456970	88.356	-88.1459
612.866089	88.350	-87.1845
617.307190	88.347	-86.1827
621.780457	88.346	-85.1458
626.286133	88.345	-84.0949
630.824463	88.342	-83.0582
635.395691	88.338	-82.0380
640.000000	88.331	-81.0385
644.637695	88.325	-80.0100
649.309021	88.321	-78.9055
654.014160	88.317	-77.7849
658.753418	88.313	-76.7240
663.527039	88.308	-75.6720
668.335205	88.306	-74.5047
673.178284	88.308	-73.3708
678.056396	88.314	-72.3020
682.969849	88.320	-71.2546
687.918945	88.327	-70.1436
692.903870	88.329	-68.9795
697.924927	88.328	-67.8436
702.982422	88.330	-66.7047
708.076477	88.335	-65.5173
713.207520	88.336	-64.3073
718.375732	88.333	-63.0993
723.581360	88.332	-61.8497
728.824707	88.335	-60.5855
734.106079	88.340	-59.3585
739.425720	88.346	-58.1551
744.783936	88.351	-56.9330
750.180908	88.358	-55.7017
755.617065	88.369	-54.4486
761.092529	88.381	-53.1175
766.607727	88.392	-51.7841
772.162903	88.403	-50.4907
777.758301	88.414	-49.1690
783.394287	88.425	-47.8233
789.071045	88.436	-46.4676
794.789001	88.450	-45.1251
800.548340	88.465	-43.8026
806.349487	88.483	-42.4544
812.192627	88.503	-41.0668
818.078125	88.524	-39.6980
824.006226	88.543	-38.3434
829.977295	88.564	-36.9478
835.991699	88.585	-35.5085
842.049622	88.606	-34.0120
848.151428	88.629	-32.5557
854.297485	88.653	-31.1432
860.488098	88.680	-29.7570
866.723572	88.708	-28.3633
873.004211	88.735	-26.8745
879.330322	88.764	-25.3619
885.702332	88.797	-23.8878
892.120483	88.834	-22.4047
898.585144	88.869	-20.9158
905.096680	88.905	-19.4351
911.655396	88.943	-17.9391
918.261597	88.982	-16.3862
924.915710	89.026	-14.8295
931.618042	89.073	-13.2667
938.368896	89.119	-11.7166
945.168762	89.157	-10.1804
952.017822	89.184	-8.6660
958.916504	89.202	-7.1035
965.865234	89.217	-5.5043
972.864319	89.242	-3.9669
979.914062	89.286	-2.4535
987.014954	89.345	-0.9295
994.167236	89.408	0.6308
1001.371399	89.476	2.1946
1008.627747	89.549	3.7562
1015.936646	89.621	5.3123
1023.298584	89.690	6.8365
1030.713867	89.755	8.3622
1038.182739	89.817	9.8972
1045.705933	89.877	11.4449
1053.283447	89.937	12.9896
1060.916016	89.998	14.5050
1068.603882	90.057	16.0310
1076.347412	90.117	17.5895
1084.147095	90.178	19.1617
1092.003296	90.239	20.6858
1099.916382	90.301	22.1895
1107.886841	90.364	23.6890
1115.915039	90.426	25.1936
1124.001343	90.489	26.7320
1132.146362	90.549	28.2463
1140.350342	90.607	29.7406
1148.613770	90.667	31.2369
1156.937134	90.729	32.7200
1165.320801	90.791	34.1819
1173.765137	90.852	35.6767
1182.270752	90.909	37.2144
1190.838013	90.965	38.7375
1199.467285	91.021	40.2503
1208.159180	91.078	41.7221
1216.913940	91.136	43.1665
1225.732178	91.191	44.6539
1234.614380	91.246	46.1584
1243.560913	91.304	47.6490
1252.572266	91.363	49.1456
1261.648926	91.423	50.6680
1270.791382	91.482	52.1655
1280.000000	91.540	53.6631
1289.275391	91.599	55.1874
1298.618042	91.658	56.6838
1308.028320	91.716	58.1835
1317.506836	91.774	59.7454
1327.054077	91.831	61.3309
1336.670410	91.890	62.8852
1346.356567	91.951	64.4138
1356.112793	92.011	65.9636
1365.939697	92.069	67.5336
1375.837891	92.129	69.1245
1385.807739	92.188	70.7175
1395.849854	92.248	72.2904
1405.964844	92.308	73.8638
1416.152954	92.366	75.4769
1426.415039	92.420	77.0935
1436.751465	92.473	78.7024
1447.162720	92.527	80.3434
1457.649414	92.584	81.9753
1468.212158	92.642	83.5891
1478.851440	92.700	85.2520
1489.567871	92.755	86.9588
1500.361816	92.810	88.6264
1511.234131	92.869	90.2781
1522.185059	92.929	91.9869
1533.215454	92.987	93.6885
1544.325806	93.043	95.3831
1555.516602	93.102	97.1290
1566.788574	93.163	98.8813
1578.142090	93.225	100.6058
1589.578003	93.289	102.3354
1601.096680	93.350	104.0766
1612.698975	93.411	105.8098
1624.385254	93.475	107.5510
1636.156250	93.539	109.3359
1648.012451	93.602	111.1137
1659.954590	93.666	112.8815
1671.983398	93.731	114.6609
1684.099243	93.798	116.4541
1696.302856	93.865	118.2524
1708.594971	93.934	120.0625
1720.976196	94.004	121.8780
1733.447144	94.074	123.7063
1746.008423	94.143	125.5333
1758.660645	94.211	127.3467
1771.404663	94.281	129.1698
1784.240967	94.353	131.0152
1797.170288	94.428	132.8724
1810.193359	94.504	134.7043
1823.310791	94.582	136.5158
1836.523193	94.660	138.3595
1849.831421	94.736	140.2203
1863.236084	94.813	142.0640
1876.737793	94.893	143.9162
1890.337524	94.973	145.7887
1904.035645	95.052	147.6642
1917.833008	95.133	149.5337
1931.730469	95.217	151.3814
1945.728638	95.303	153.2209
1959.828125	95.388	155.0967
1974.029907	95.471	156.9639
1988.334473	95.555	158.7964
2002.742798	95.640	160.6314
2017.255493	95.726	162.4847
2031.873291	95.812	164.3545
2046.597168	95.900	166.2026
2061.427734	95.989	168.0467
2076.365479	96.078	169.9132
2091.411865	96.167	171.7509
2106.566895	96.257	173.5670
2121.832031	96.348	175.4117
2137.207764	96.440	177.2629
2152.694824	96.533	179.1028
2168.294189	96.626	-179.0742
2184.006592	96.718	-177.2522
2199.832764	96.811	-175.4330
2215.773682	96.904	-173.6165
2231.830078	96.998	-171.8154
2248.002686	97.093	-170.0231
2264.292725	97.189	-168.2345
2280.700684	97.284	-166.4510
2297.227539	97.379	-164.6655
2313.874268	97.474	-162.8972
2330.641602	97.568	-161.1493
2347.530273	97.662	-159.4178
2364.541504	97.756	-157.6842
2381.676025	97.852	-155.9689
2398.934570	97.947	-154.2732
2416.318359	98.042	-152.5766
2433.827881	98.135	-150.8841
2451.464355	98.226	-149.2097
2469.228760	98.316	-147.5414
2487.121826	98.406	-145.8798
2505.144531	98.494	-144.2335
2523.297852	98.581	-142.6102
2541.582764	98.666	-141.0002
2560.000000	98.748	-139.3977
2578.550781	98.828	-137.8145
2597.236084	98.909	-136.2493
2616.056641	98.989	-134.6768
2635.013672	99.067	-133.1183
2654.108154	99.142	-131.5864
2673.340820	99.214	-130.0515
2692.713135	99.282	-128.5275
2712.225586	99.347	-127.0285
2731.879395	99.408	-125.5434
2751.675781	99.467	-124.0773
2771.615479	99.523	-122.6208
2791.699707	99.574	-121.1705
2811.929688	99.621	-119.7329
2832.305908	99.665	-118.2995
2852.830078	99.705	-116.8623
2873.502930	99.740	-115.4313
2894.325439	99.770	-114.0189
2915.298828	99.797	-112.5997
2936.424316	99.820	-111.1576
2957.702881	99.838	-109.7094
2979.135742	99.852	-108.2660
3000.723633	99.861	-106.8338
3022.468262	99.866	-105.4080
3044.370117	99.866	-103.9731
3066.430908	99.864	-102.5268
3088.651611	99.859	-101.0616
3111.033203	99.850	-99.5876
3133.577148	99.839	-98.0981
3156.284180	99.826	-96.5898
3179.156006	99.813	-95.0663
3202.193359	99.797	-93.5510
3225.397949	99.779	-92.0275
3248.770508	99.761	-90.4884
3272.312500	99.742	-88.9361
3296.024902	99.724	-87.3629
3319.909180	99.704	-85.7664
3343.966797	99.678	-84.1524
3368.198486	99.644	-82.5166
3392.605713	99.604	-80.8671
3417.189941	99.559	-79.1951
3441.952393	99.508	-77.4943
3466.894287	99.450	-75.7894
3492.016846	99.386	-74.0805
3517.321289	99.319	-72.3456
3542.809326	99.250	-70.5857
3568.481934	99.180	-68.8141
3594.340576	99.109	-67.0133
3620.386719	99.035	-65.1762
3646.621582	98.964	-63.3299
3673.046387	98.897	-61.4942
3699.662842	98.833	-59.6217
3726.472168	98.768	-57.7271
3753.475586	98.707	-55.8390
3780.675049	98.651	-53.9312
3808.071289	98.599	-51.9880
3835.666016	98.549	-50.0445
3863.460938	98.500	-48.0947
3891.457275	98.448	-46.1274
3919.656250	98.393	-44.1553
3948.059814	98.339	-42.1867
3976.668945	98.281	-40.2269
4005.485596	98.213	-38.2447
4034.510986	98.130	-36.2273
4063.746582	98.039	-34.1986
4093.194336	97.944	-32.1628
4122.855469	97.845	-30.1235
4152.730957	97.741	-28.0934
4182.823730	97.632	-26.0464
4213.133789	97.521	-23.9806
4243.664062	97.411	-21.9023
4274.415527	97.303	-19.8243
4305.389648	97.195	-17.7168
4336.588379	97.091	-15.6039
4368.013184	96.988	-13.5090
4399.665527	96.889	-11.3967
4431.547363	96.792	-9.2766
4463.660156	96.696	-7.1732
4496.005371	96.602	-5.0727
4528.585449	96.511	-2.9552
4561.401367	96.422	-0.8311
4594.455078	96.332	1.3115
4627.748535	96.240	3.4788
4661.283203	96.146	5.6407
4695.060547	96.053	7.8041
4729.083008	95.961	9.9910
4763.352051	95.871	12.1925
4797.869141	95.779	14.4149
4832.636719	95.685	16.6901
4867.655762	95.591	18.9976
4902.928711	95.499	21.3054
4938.457520	95.409	23.6265
4974.243652	95.322	25.9714
5010.289062	95.235	28.3058
5046.595703	95.147	30.6542
5083.165527	95.057	33.0467
5120.000000	94.965	35.4736
5157.101562	94.868	37.9211
5194.472168	94.767	40.3933
5232.113281	94.661	42.8917
5270.027344	94.553	45.4027
5308.216309	94.443	47.9055
5346.681641	94.327	50.4399
5385.426270	94.206	53.0170
5424.451172	94.083	55.6471
5463.758789	93.961	58.3059
5503.351562	93.840	60.9735
5543.230957	93.719	63.6923
5583.399414	93.599	66.4637
5623.859375	93.479	69.2332
5664.611816	93.363	72.0100
5705.660156	93.252	74.8607
5747.005859	93.145	77.7598
5788.650879	93.038	80.7002
5830.597656	92.929	83.7024
5872.848633	92.821	86.7753
5915.405762	92.719	89.8835
5958.271484	92.624	93.0223
6001.447266	92.533	96.1948
6044.936523	92.439	99.4386
6088.740234	92.346	102.7073
6132.861816	92.259	105.9988
6177.303223	92.177	109.3237
6222.066406	92.100	112.6633
6267.154297	92.026	116.0190
6312.568359	91.954	119.4257
6358.312012	91.886	122.8444
6404.386719	91.822	126.2725
6450.795898	91.762	129.7274
6497.541016	91.704	133.2194
6544.625000	91.652	136.7809
6592.049805	91.608	140.3696
6639.818359	91.570	143.9531
6687.933594	91.541	147.5515
6736.396973	91.521	151.1737
6785.211426	91.509	154.8406
6834.379883	91.502	158.4977
6883.904785	91.500	162.1688
6933.788574	91.505	165.8867
6984.033691	91.518	169.6516
7034.642578	91.542	173.4355
7085.618652	91.581	177.2392
7136.963867	91.631	-178.9357
7188.681152	91.691	-175.1132
7240.773438	91.765	-171.3290
7293.243164	91.852	-167.5438
7346.092773	91.949	-163.7293
7399.325684	92.062	-159.9835
7452.944336	92.193	-156.3181
7506.951172	92.337	-152.6602
7561.350098	92.495	-149.0283
7616.142578	92.669	-145.4791
7671.332031	92.859	-141.9932
7726.921875	93.065	-138.5826
7782.914551	93.291	-135.2538
7839.312500	93.540	-132.0361
7896.119629	93.812	-128.9704
7953.337891	94.112	-126.0866
8010.971191	94.440	-123.4158
8069.021973	94.794	-120.9769
8127.493164	95.172	-118.8173
8186.388672	95.571	-116.9695
8245.710938	95.987	-115.4918
8305.461914	96.411	-114.4484
8365.647461	96.833	-113.9055
8426.267578	97.235	-113.8997
8487.328125	97.598	-114.4660
8548.831055	97.904	-115.5972
8610.779297	98.133	-117.2098
8673.176758	98.267	-119.2003
8736.026367	98.291	-121.4288
8799.331055	98.198	-123.7202
8863.094727	97.990	-125.8885
8927.320312	97.674	-127.7821
8992.010742	97.265	-129.2709
9057.170898	96.778	-130.2513
9122.802734	96.231	-130.6942
9188.910156	95.643	-130.5465
9255.497070	95.029	-129.8197
9322.566406	94.401	-128.5610
9390.121094	93.773	-126.8344
9458.166016	93.157	-124.6869
9526.704102	92.559	-122.1509
9595.738281	91.983	-119.2975
9665.273438	91.431	-116.1852
9735.311523	90.909	-112.8514
9805.857422	90.417	-109.3266
9876.915039	89.955	-105.5998
9948.487305	89.520	-101.7064
10020.578125	89.109	-97.7013
10093.191406	88.720	-93.6200
10166.331055	88.356	-89.4880
10240.000000	88.020	-85.2856
10314.203125	87.709	-80.9892
10388.944336	87.426	-76.6345
10464.226562	87.170	-72.2858
10540.054688	86.940	-67.8929
10616.432617	86.730	-63.4269
10693.363281	86.544	-58.9462
10770.852539	86.380	-54.4475
10848.902344	86.236	-49.9749
10927.517578	86.113	-45.5349
11006.703125	86.019	-41.1744
11086.461914	85.953	-36.8571
11166.798828	85.914	-32.5820
11247.718750	85.903	-28.3847
11329.223633	85.924	-24.2589
11411.320312	85.977	-20.2759
11494.011719	86.061	-16.4645
11577.301758	86.180	-12.9388
11661.195312	86.333	-9.8032
11745.697266	86.518	-7.1714
11830.811523	86.718	-5.2350
11916.542969	86.903	-4.3771
12002.894531	86.982	-5.1085
12089.873047	86.775	-7.9148
12177.480469	86.019	-11.9815
12265.723633	84.550	-12.6979
12354.606445	82.860	0.1520
12444.132812	82.419	24.8452
12534.308594	83.475	39.0301
12625.136719	84.811	44.0385
12716.624023	85.922	45.7781
12808.773438	86.802	46.2790
12901.591797	87.517	46.1041
12995.082031	88.108	45.4360
13089.250000	88.590	44.2908
13184.099609	88.960	42.7096
13279.636719	89.213	40.7833
13375.867188	89.350	38.5988
13472.793945	89.372	36.2972
13570.422852	89.284	34.1204
13668.759766	89.098	32.2205
13767.809570	88.830	30.6895
13867.577148	88.511	29.5632
13968.067383	88.189	28.8273
14069.285156	87.917	28.4966
14171.237305	87.705	28.5862
14273.927734	87.536	29.0057
14377.362305	87.387	29.6335
14481.546875	87.237	30.4107
14586.486328	87.075	31.2125
14692.185547	86.908	32.0115
14798.651367	86.760	32.8851
14905.888672	86.628	33.6956
15013.902344	86.502	34.2816
15122.700195	86.383	34.6739
15232.285156	86.276	34.8033
15342.664062	86.177	34.6945
15453.843750	86.060	34.2713
15565.829102	85.894	33.4568
15678.625000	85.680	32.2753
15792.239258	85.432	30.6266
15906.675781	85.146	28.6167
16021.942383	84.784	26.2921
16138.043945	84.321	23.5875
16254.986328	83.784	20.5400
16372.777344	83.213	17.3512
16491.421875	82.667	14.0186
16610.923828	82.203	10.5956
16731.294922	81.797	7.2022
16852.535156	81.390	3.8053
16974.656250	80.955	0.4002
17097.662109	80.491	-2.9873
17221.558594	80.004	-6.4567
17346.353516	79.493	-9.9401
17472.052734	78.952	-13.4770
17598.662109	78.388	-17.1713
17726.189453	77.807	-21.0133
17854.640625	77.224	-25.0499
17984.021484	76.639	-29.0889
18114.341797	76.027	-33.2708
18245.605469	75.381	-37.6724
18377.820312	74.708	-42.1423
18510.994141	74.017	-46.8996
18645.132812	73.323	-52.3267
18780.242188	72.637	-58.1975
18916.332031	71.941	-64.2809
19053.408203	71.231	-71.1303
19191.476562	70.496	-78.4229
19330.546875	69.715	-85.7239
19470.623047	68.861	-93.8089
19611.714844	67.963	-102.9512
19753.830078	67.082	-112.6173
19896.974609	66.342	-122.8405
