* Measurement data measured by REW V5.31
* Source: Headset (USB-C to 3.5mm Headphone Jack Adapter), MICROPHONE, L, volume: 0.250. Timing signal peak level -44.5 dBFS, measurement signal peak level -33.0 dBFS
* Format: 1M Log Swept Sine, 1 sweep at 0.0 dBFS using an acoustic timing reference
* Dated: 11-Apr-2024 15:58:22
* REW Settings:
*  C-weighting compensation: Off
*  Target level: 75.0 dB
* Note: ; Delay -0.8239 ms (-283 mm, -11.13 in) using estimated IR delay relative to Acoustic reference played from SPEAKER R with no timing offset Clock adjustment: 55.2 ppm
* Measurement: Chu2Spring R2
* Smoothing: 1/48 octave
* Frequency Step: 1/96 octave
* Start Frequency: 20.000 Hz
*
* Freq(Hz)	SPL(dB)	Phase(degrees)
20.000000	95.843	-119.9557
20.144928	95.984	-120.7617
20.290907	96.093	-121.6253
20.437943	96.169	-122.5313
20.586044	96.215	-123.4065
20.735220	96.229	-124.2840
20.885475	96.216	-125.1033
21.036821	96.179	-125.8467
21.189262	96.120	-126.5212
21.342808	96.046	-127.0952
21.497467	95.957	-127.5755
21.653246	95.859	-127.9681
21.810154	95.755	-128.2652
21.968201	95.646	-128.4768
22.127390	95.535	-128.6060
22.287735	95.425	-128.6484
22.449242	95.319	-128.6074
22.611917	95.218	-128.4776
22.775772	95.131	-128.2763
22.940815	95.058	-127.9928
23.107054	95.007	-127.6821
23.274498	94.981	-127.3439
23.443153	94.980	-127.0393
23.613033	95.006	-126.8071
23.784142	95.055	-126.6649
23.956491	95.121	-126.6617
24.130091	95.202	-126.7817
24.304947	95.291	-127.0294
24.481071	95.386	-127.3932
24.658470	95.484	-127.8370
24.837156	95.586	-128.3621
25.017136	95.694	-128.9463
25.198421	95.807	-129.5928
25.381020	95.928	-130.3241
25.564941	96.053	-131.1382
25.750195	96.178	-132.0703
25.936790	96.298	-133.1124
26.124741	96.404	-134.2533
26.314051	96.491	-135.4809
26.504732	96.551	-136.7122
26.696796	96.582	-137.9330
26.890253	96.584	-139.0190
27.085112	96.563	-139.9610
27.281382	96.527	-140.6562
27.479073	96.488	-141.1285
27.678198	96.460	-141.3440
27.878765	96.452	-141.4017
28.080786	96.473	-141.3291
28.284271	96.523	-141.2860
28.489231	96.597	-141.3076
28.695675	96.681	-141.5145
28.903616	96.765	-141.9014
29.113064	96.831	-142.4852
29.324028	96.870	-143.1995
29.536524	96.873	-144.0045
29.750557	96.836	-144.7672
29.966141	96.762	-145.4473
30.183289	96.661	-145.9044
30.402010	96.545	-146.1292
30.622314	96.433	-146.0636
30.844217	96.344	-145.8090
31.067726	96.290	-145.4061
31.292856	96.278	-145.0821
31.519617	96.297	-144.9105
31.748020	96.334	-145.0329
31.978081	96.361	-145.4130
32.209808	96.364	-146.0149
32.443211	96.330	-146.6601
32.678310	96.268	-147.2045
32.915108	96.193	-147.5382
33.153625	96.139	-147.6132
33.393871	96.129	-147.5851
33.635857	96.180	-147.5907
33.879597	96.275	-147.9722
34.125103	96.381	-148.7656
34.372387	96.460	-150.0311
34.621464	96.471	-151.4806
34.872345	96.407	-152.8174
35.125042	96.282	-153.7439
35.379574	96.157	-153.9043
35.635948	96.101	-153.4674
35.894180	96.168	-152.6834
36.154285	96.370	-152.2607
36.416275	96.635	-152.7236
36.680161	96.878	-154.0943
36.945961	97.010	-156.2796
37.213688	96.971	-158.5518
37.483353	96.771	-160.2451
37.754974	96.466	-160.7776
38.028561	96.186	-159.5514
38.304131	96.109	-157.0894
38.581699	96.299	-154.6413
38.861279	96.697	-153.4088
39.142883	97.130	-154.1853
39.426529	97.410	-156.6107
39.712231	97.442	-159.7618
40.000000	97.192	-162.7741
40.289856	96.690	-164.5563
40.581814	96.075	-163.8551
40.875885	95.619	-160.4379
41.172089	95.555	-155.5951
41.470440	95.921	-151.6799
41.770950	96.521	-150.4779
42.073643	97.073	-152.1304
42.378525	97.412	-155.6242
42.685616	97.483	-159.9245
42.994934	97.282	-164.2063
43.306492	96.850	-167.7325
43.620308	96.259	-169.8201
43.936401	95.623	-169.9691
44.254780	95.092	-168.1499
44.575470	94.806	-164.9409
44.898483	94.827	-161.3898
45.223835	95.118	-158.5481
45.551544	95.577	-157.0017
45.881630	96.096	-156.8147
46.214108	96.592	-157.7481
46.548996	97.013	-159.4653
46.886307	97.339	-161.6424
47.226067	97.560	-164.0110
47.568283	97.680	-166.3709
47.912983	97.702	-168.5783
48.260181	97.634	-170.5236
48.609894	97.484	-172.1230
48.962143	97.267	-173.3263
49.316940	96.996	-174.1366
49.674313	96.686	-174.6186
50.034271	96.344	-174.8764
50.396843	95.970	-175.0026
50.762039	95.562	-175.0354
51.129883	95.125	-174.9644
51.500389	94.678	-174.7887
51.873581	94.245	-174.5834
52.249481	93.854	-174.5101
52.628101	93.522	-174.7473
53.009464	93.259	-175.3960
53.393593	93.078	-176.4437
53.780506	92.993	-177.8054
54.170223	93.019	-179.3826
54.562763	93.160	178.9212
54.958145	93.401	177.2278
55.356396	93.720	175.6959
55.757530	94.093	174.4863
56.161572	94.499	173.7014
56.568542	94.918	173.3582
56.978462	95.330	173.4225
57.391350	95.712	173.8687
57.807232	96.050	174.7021
58.226128	96.343	175.9218
58.648056	96.591	177.4653
59.073048	96.796	179.2010
59.501114	96.949	-179.0225
59.932281	97.036	-177.2918
60.366577	97.048	-175.5961
60.804020	96.986	-173.8795
61.244629	96.865	-172.1371
61.688435	96.705	-170.4813
62.135452	96.518	-169.1275
62.585712	96.303	-168.2845
63.039234	96.054	-168.0462
63.496040	95.771	-168.3835
63.956161	95.470	-169.1993
64.419617	95.177	-170.3935
64.886421	94.928	-171.8763
65.356621	94.747	-173.5391
65.830215	94.655	-175.2341
66.307251	94.657	-176.8167
66.787743	94.743	-178.1787
67.271713	94.887	-179.2249
67.759193	95.064	-179.8602
68.250206	95.253	179.9423
68.744774	95.440	-179.9236
69.242928	95.597	-179.6303
69.744690	95.697	-179.2310
70.250084	95.730	-178.6225
70.759148	95.713	-177.7575
71.271896	95.672	-176.8466
71.788361	95.606	-176.2453
72.308571	95.496	-176.0550
72.832550	95.341	-176.0447
73.360321	95.183	-176.0191
73.891922	95.071	-176.1622
74.427376	95.010	-176.8295
74.966705	94.966	-178.0112
75.509949	94.920	-179.2566
76.057121	94.889	179.8419
76.608261	94.903	179.3271
77.163399	94.956	179.0212
77.722557	95.020	178.8580
78.285767	95.077	178.9037
78.853058	95.118	179.1360
79.424461	95.135	179.4251
80.000000	95.114	179.7136
80.579712	95.058	-179.9353
81.163628	94.987	-179.5315
81.751770	94.921	-179.2719
82.344177	94.863	-179.3511
82.940880	94.805	-179.7725
83.541901	94.746	179.5973
84.147285	94.695	178.8864
84.757050	94.654	178.2051
85.371231	94.629	177.6717
85.989868	94.621	177.3564
86.612984	94.628	177.2408
87.240616	94.642	177.3024
87.872803	94.658	177.5209
88.509560	94.671	177.7849
89.150940	94.670	177.9489
89.796967	94.642	177.9819
90.447670	94.586	177.9418
91.103088	94.511	177.8564
91.763260	94.428	177.7318
92.428215	94.351	177.5833
93.097992	94.289	177.3962
93.772614	94.241	177.1710
94.452133	94.207	176.9902
95.136566	94.188	176.8949
95.825966	94.180	176.8170
96.520363	94.170	176.7424
97.219788	94.153	176.7441
97.924286	94.132	176.8129
98.633881	94.107	176.8571
99.348625	94.075	176.8562
100.068542	94.038	176.8357
100.793686	94.001	176.7769
101.524078	93.965	176.6782
102.259766	93.931	176.5664
103.000778	93.896	176.4322
103.747162	93.857	176.3111
104.498962	93.815	176.3160
105.256203	93.780	176.4376
106.018929	93.753	176.5209
106.787186	93.723	176.5282
107.561012	93.685	176.5484
108.340446	93.646	176.5825
109.125526	93.605	176.5770
109.916290	93.559	176.5612
110.712791	93.511	176.5970
111.515060	93.466	176.6898
112.323143	93.428	176.7963
113.137085	93.395	176.9056
113.956924	93.371	177.0298
114.782700	93.358	177.0934
115.614464	93.348	177.0137
116.452255	93.330	176.8343
117.296112	93.299	176.6503
118.146095	93.259	176.5841
119.002228	93.223	176.7268
119.864563	93.203	176.9491
120.733154	93.192	177.0504
121.608040	93.170	177.0330
122.489258	93.132	177.0300
123.376869	93.085	177.1326
124.270905	93.045	177.3120
125.171425	93.016	177.4276
126.078468	92.991	177.4517
126.992081	92.969	177.4670
127.912323	92.947	177.3869
128.839233	92.913	177.2168
129.772842	92.866	177.1382
130.713242	92.815	177.1208
131.660431	92.762	177.1543
132.614502	92.714	177.3448
133.575485	92.683	177.5742
134.543427	92.659	177.7200
135.518387	92.637	177.9256
136.500412	92.623	178.1618
137.489548	92.607	178.2619
138.485855	92.580	178.3147
139.489380	92.541	178.3708
140.500168	92.497	178.4734
141.518295	92.455	178.6023
142.543793	92.418	178.7083
143.576721	92.387	178.8247
144.617142	92.359	178.8988
145.665100	92.329	178.9908
146.720642	92.300	179.1619
147.783844	92.274	179.3191
148.854752	92.243	179.3914
149.933411	92.203	179.4726
151.019897	92.159	179.5815
152.114243	92.115	179.7422
153.216522	92.080	179.9580
154.326797	92.052	-179.9762
155.445114	92.017	-179.9671
156.571533	91.980	-179.8371
157.706116	91.947	-179.6799
158.848923	91.918	-179.4633
160.000000	91.894	-179.2393
161.159424	91.868	-179.1039
162.327255	91.837	-178.9233
163.503540	91.804	-178.7180
164.688354	91.766	-178.5538
165.881760	91.722	-178.3756
167.083801	91.673	-178.1663
168.294571	91.623	-177.9482
169.514099	91.570	-177.7255
170.742462	91.517	-177.4401
171.979736	91.466	-177.1373
173.225967	91.418	-176.8541
174.481232	91.373	-176.5777
175.745605	91.331	-176.3293
177.019119	91.290	-176.0842
178.301880	91.251	-175.7994
179.593933	91.220	-175.4526
180.895340	91.205	-175.0475
182.206177	91.203	-174.7082
183.526520	91.205	-174.4656
184.856430	91.205	-174.2392
186.195984	91.201	-174.0658
187.545227	91.196	-173.8789
188.904266	91.189	-173.7282
190.273132	91.176	-173.6106
191.651932	91.158	-173.4271
193.040726	91.137	-173.2325
194.439575	91.113	-173.0541
195.848572	91.087	-172.8755
197.267761	91.061	-172.6703
198.697250	91.036	-172.4771
200.137085	91.005	-172.3136
201.587372	90.966	-172.0688
203.048157	90.926	-171.7335
204.519531	90.888	-171.4116
206.001556	90.852	-171.1507
207.494324	90.814	-170.9447
208.997925	90.774	-170.7109
210.512405	90.734	-170.4286
212.037857	90.699	-170.1425
213.574371	90.665	-169.8747
215.122025	90.633	-169.5726
216.680893	90.602	-169.2429
218.251053	90.571	-168.8805
219.832581	90.538	-168.5406
221.425583	90.502	-168.2108
223.030121	90.466	-167.9059
224.646286	90.433	-167.6128
226.274170	90.403	-167.3104
227.913849	90.374	-166.9796
229.565399	90.345	-166.6042
231.228928	90.313	-166.2949
232.904510	90.275	-166.0031
234.592224	90.237	-165.6243
236.292191	90.206	-165.2514
238.004456	90.177	-164.9171
239.729126	90.143	-164.5910
241.466309	90.107	-164.2372
243.216080	90.073	-163.8189
244.978516	90.045	-163.3934
246.753738	90.018	-162.9604
248.541809	89.989	-162.5321
250.342850	89.958	-162.0963
252.156937	89.927	-161.7150
253.984161	89.896	-161.3697
255.824646	89.863	-161.0509
257.678467	89.830	-160.6382
259.545685	89.802	-160.1820
261.426483	89.777	-159.7509
263.320862	89.751	-159.2735
265.229004	89.722	-158.7846
267.150970	89.687	-158.2888
269.086853	89.651	-157.8246
271.036774	89.620	-157.4230
273.000824	89.596	-157.0328
274.979095	89.573	-156.6528
276.971710	89.543	-156.2476
278.978760	89.506	-155.7539
281.000336	89.475	-155.2156
283.036591	89.453	-154.6656
285.087585	89.437	-154.1415
287.153442	89.418	-153.6686
289.234283	89.391	-153.2434
291.330200	89.360	-152.8076
293.441284	89.331	-152.3012
295.567688	89.308	-151.7369
297.709503	89.286	-151.1915
299.866821	89.261	-150.6969
302.039795	89.234	-150.2650
304.228485	89.205	-149.7816
306.433044	89.179	-149.1851
308.653595	89.157	-148.5943
310.890228	89.132	-148.0416
313.143066	89.108	-147.5282
315.412231	89.085	-147.0191
317.697845	89.064	-146.4768
320.000000	89.039	-145.9067
322.318848	89.010	-145.3000
324.654510	88.982	-144.7127
327.007080	88.958	-144.1617
329.376709	88.934	-143.5915
331.763519	88.913	-142.9748
334.167603	88.893	-142.3811
336.589142	88.871	-141.7749
339.028198	88.845	-141.1184
341.484924	88.818	-140.4884
343.959473	88.789	-139.9178
346.451935	88.762	-139.3464
348.962463	88.742	-138.7460
351.491211	88.726	-138.1477
354.038239	88.711	-137.5070
356.603760	88.695	-136.8413
359.187866	88.678	-136.1635
361.790680	88.660	-135.5117
364.412354	88.641	-134.8349
367.053040	88.616	-134.1656
369.712860	88.588	-133.5149
372.391968	88.567	-132.8862
375.090454	88.554	-132.2537
377.808533	88.540	-131.5837
380.546265	88.523	-130.9316
383.303864	88.506	-130.2607
386.081451	88.489	-129.5707
388.879150	88.467	-128.8298
391.697144	88.440	-128.0512
394.535522	88.414	-127.3392
397.394501	88.390	-126.6832
400.274170	88.369	-125.9866
403.174744	88.351	-125.2514
406.096313	88.336	-124.4675
409.039062	88.322	-123.6628
412.003113	88.305	-122.8735
414.988647	88.283	-122.1145
417.995850	88.261	-121.4066
421.024811	88.242	-120.7062
424.075714	88.226	-119.9210
427.148743	88.209	-119.1789
430.244049	88.193	-118.3302
433.361786	88.182	-117.5032
436.502106	88.167	-116.7425
439.665161	88.148	-115.9024
442.851166	88.129	-115.1609
446.060242	88.111	-114.4529
449.292572	88.098	-113.5556
452.548340	88.086	-112.6055
455.827698	88.070	-111.7044
459.130798	88.052	-110.8263
462.457855	88.036	-109.9895
465.809021	88.019	-109.2002
469.184448	88.003	-108.3675
472.584381	87.988	-107.5082
476.008911	87.978	-106.6141
479.458252	87.971	-105.6581
482.932617	87.966	-104.6581
486.432159	87.956	-103.7529
489.957031	87.943	-102.8975
493.507477	87.934	-101.9822
497.083618	87.924	-101.0780
500.685699	87.910	-100.2217
504.313873	87.897	-99.2476
507.968323	87.884	-98.2197
511.649292	87.863	-97.2232
515.356934	87.841	-96.2591
519.091370	87.830	-95.3367
522.852966	87.828	-94.3890
526.641724	87.828	-93.3904
530.458008	87.823	-92.3809
534.301941	87.815	-91.3690
538.173706	87.803	-90.3291
542.073547	87.789	-89.3622
546.001648	87.776	-88.3686
549.958191	87.765	-87.2665
553.943420	87.752	-86.2189
557.957520	87.740	-85.1516
562.000671	87.735	-84.0768
566.073181	87.734	-83.1201
570.175171	87.727	-82.0396
574.306885	87.714	-80.8586
578.468567	87.702	-79.7046
582.660400	87.693	-78.6176
586.882568	87.687	-77.5428
591.135376	87.684	-76.4421
595.419006	87.681	-75.3309
599.733643	87.676	-74.1591
604.079590	87.673	-72.9804
608.456970	87.668	-71.8651
612.866089	87.663	-70.7181
617.307190	87.662	-69.5589
621.780457	87.662	-68.3835
626.286133	87.659	-67.2039
630.824463	87.651	-65.9778
635.395691	87.646	-64.7266
640.000000	87.643	-63.5408
644.637695	87.642	-62.3339
649.309021	87.642	-61.0504
654.014160	87.640	-59.7445
658.753418	87.635	-58.4805
663.527039	87.630	-57.2046
668.335205	87.629	-55.9042
673.178284	87.628	-54.6136
678.056396	87.629	-53.2940
682.969849	87.632	-51.9528
687.918945	87.636	-50.6255
692.903870	87.638	-49.2861
697.924927	87.635	-47.9552
702.982422	87.632	-46.5916
708.076477	87.634	-45.1483
713.207520	87.639	-43.7572
718.375732	87.642	-42.3814
723.581360	87.644	-40.9453
728.824707	87.644	-39.4935
734.106079	87.646	-38.0488
739.425720	87.650	-36.6160
744.783936	87.656	-35.1009
750.180908	87.665	-33.5129
755.617065	87.678	-32.0957
761.092529	87.687	-30.6352
766.607727	87.696	-28.9899
772.162903	87.711	-27.3987
777.758301	87.729	-25.9041
783.394287	87.738	-24.4365
789.071045	87.741	-22.8987
794.789001	87.750	-21.2833
800.548340	87.766	-19.6089
806.349487	87.787	-17.9279
812.192627	87.811	-16.2632
818.078125	87.833	-14.6837
824.006226	87.851	-13.1217
829.977295	87.867	-11.4937
835.991699	87.884	-9.7722
842.049622	87.901	-7.9734
848.151428	87.923	-6.2022
854.297485	87.950	-4.4895
860.488098	87.979	-2.8604
866.723572	88.007	-1.2139
873.004211	88.034	0.6026
879.330322	88.065	2.4724
885.702332	88.098	4.2700
892.120483	88.129	6.0475
898.585144	88.160	7.7730
905.096680	88.193	9.5375
911.655396	88.229	11.3270
918.261597	88.268	13.1710
924.915710	88.308	15.0200
931.618042	88.347	16.8918
938.368896	88.386	18.7574
945.168762	88.421	20.6199
952.017822	88.448	22.4595
958.916504	88.468	24.3128
965.865234	88.488	26.1962
972.864319	88.516	28.0917
979.914062	88.555	30.0015
987.014954	88.604	31.9558
994.167236	88.661	33.9074
1001.371399	88.725	35.8044
1008.627747	88.794	37.6567
1015.936646	88.864	39.5397
1023.298584	88.928	41.4662
1030.713867	88.989	43.4539
1038.182739	89.047	45.4455
1045.705933	89.103	47.4149
1053.283447	89.159	49.3628
1060.916016	89.214	51.2749
1068.603882	89.267	53.1790
1076.347412	89.323	55.1102
1084.147095	89.379	57.1240
1092.003296	89.435	59.1423
1099.916382	89.489	61.1316
1107.886841	89.544	63.1161
1115.915039	89.602	65.1195
1124.001343	89.662	67.1272
1132.146362	89.720	69.1085
1140.350342	89.775	71.0710
1148.613770	89.829	73.0672
1156.937134	89.881	75.1063
1165.320801	89.931	77.1713
1173.765137	89.984	79.2476
1182.270752	90.037	81.3202
1190.838013	90.085	83.3657
1199.467285	90.132	85.4118
1208.159180	90.182	87.4236
1216.913940	90.232	89.4625
1225.732178	90.284	91.5720
1234.614380	90.335	93.6837
1243.560913	90.385	95.8055
1252.572266	90.435	97.9480
1261.648926	90.486	100.0668
1270.791382	90.535	102.2286
1280.000000	90.584	104.4289
1289.275391	90.635	106.6113
1298.618042	90.687	108.8074
1308.028320	90.739	111.0532
1317.506836	90.789	113.3368
1327.054077	90.838	115.6092
1336.670410	90.884	117.8888
1346.356567	90.928	120.2029
1356.112793	90.973	122.5184
1365.939697	91.019	124.8656
1375.837891	91.067	127.2763
1385.807739	91.118	129.7302
1395.849854	91.171	132.1893
1405.964844	91.224	134.6609
1416.152954	91.280	137.1862
1426.415039	91.340	139.7506
1436.751465	91.405	142.3408
1447.162720	91.475	144.9190
1457.649414	91.549	147.4675
1468.212158	91.625	150.0283
1478.851440	91.703	152.5676
1489.567871	91.779	155.0611
1500.361816	91.849	157.5570
1511.234131	91.913	160.0780
1522.185059	91.973	162.6101
1533.215454	92.033	165.1571
1544.325806	92.092	167.7229
1555.516602	92.152	170.3458
1566.788574	92.210	173.0078
1578.142090	92.264	175.6627
1589.578003	92.318	178.3353
1601.096680	92.373	-178.9423
1612.698975	92.427	-176.1793
1624.385254	92.482	-173.3783
1636.156250	92.538	-170.5665
1648.012451	92.596	-167.7211
1659.954590	92.654	-164.8538
1671.983398	92.713	-161.9797
1684.099243	92.771	-159.0677
1696.302856	92.826	-156.1176
1708.594971	92.880	-153.1356
1720.976196	92.936	-150.1407
1733.447144	92.993	-147.1328
1746.008423	93.052	-144.0836
1758.660645	93.114	-140.9971
1771.404663	93.177	-137.8847
1784.240967	93.239	-134.7363
1797.170288	93.301	-131.5474
1810.193359	93.366	-128.3458
1823.310791	93.434	-125.0975
1836.523193	93.503	-121.7904
1849.831421	93.572	-118.4389
1863.236084	93.645	-115.0530
1876.737793	93.725	-111.6373
1890.337524	93.814	-108.1940
1904.035645	93.910	-104.7213
1917.833008	94.014	-101.2214
1931.730469	94.125	-97.7681
1945.728638	94.239	-94.3610
1959.828125	94.356	-90.9883
1974.029907	94.472	-87.6776
1988.334473	94.586	-84.3848
2002.742798	94.693	-81.1054
2017.255493	94.794	-77.7956
2031.873291	94.887	-74.4568
2046.597168	94.977	-71.1004
2061.427734	95.067	-67.7296
2076.365479	95.153	-64.3089
2091.411865	95.234	-60.8511
2106.566895	95.314	-57.3669
2121.832031	95.397	-53.8477
2137.207764	95.482	-50.2631
2152.694824	95.566	-46.6659
2168.294189	95.650	-43.0398
2184.006592	95.736	-39.3643
2199.832764	95.824	-35.6575
2215.773682	95.914	-31.9212
2231.830078	96.008	-28.1508
2248.002686	96.107	-24.3551
2264.292725	96.207	-20.5696
2280.700684	96.309	-16.7897
2297.227539	96.412	-12.9958
2313.874268	96.514	-9.1954
2330.641602	96.615	-5.4103
2347.530273	96.715	-1.6119
2364.541504	96.814	2.1956
2381.676025	96.911	5.9850
2398.934570	97.005	9.8053
2416.318359	97.094	13.6716
2433.827881	97.180	17.5536
2451.464355	97.263	21.4507
2469.228760	97.344	25.3823
2487.121826	97.425	29.3589
2505.144531	97.505	33.3652
2523.297852	97.583	37.3978
2541.582764	97.658	41.4677
2560.000000	97.732	45.5884
2578.550781	97.805	49.7361
2597.236084	97.877	53.9080
2616.056641	97.951	58.1367
2635.013672	98.028	62.3986
2654.108154	98.109	66.6772
2673.340820	98.192	70.9671
2692.713135	98.276	75.2619
2712.225586	98.358	79.5412
2731.879395	98.440	83.8069
2751.675781	98.520	88.0696
2771.615479	98.595	92.3265
2791.699707	98.663	96.6008
2811.929688	98.724	100.8879
2832.305908	98.777	105.1971
2852.830078	98.821	109.5414
2873.502930	98.859	113.9218
2894.325439	98.891	118.3530
2915.298828	98.915	122.8487
2936.424316	98.934	127.4166
2957.702881	98.950	132.0505
2979.135742	98.965	136.7283
3000.723633	98.979	141.4722
3022.468262	98.992	146.2908
3044.370117	99.006	151.1543
3066.430908	99.021	156.0560
3088.651611	99.037	160.9737
3111.033203	99.052	165.9034
3133.577148	99.064	170.8517
3156.284180	99.075	175.8113
3179.156006	99.082	-179.1977
3202.193359	99.083	-174.1460
3225.397949	99.079	-169.0314
3248.770508	99.073	-163.8424
3272.312500	99.066	-158.5894
3296.024902	99.058	-153.2715
3319.909180	99.045	-147.8770
3343.966797	99.026	-142.4161
3368.198486	99.002	-136.8867
3392.605713	98.972	-131.2948
3417.189941	98.936	-125.6603
3441.952393	98.892	-119.9567
3466.894287	98.839	-114.1810
3492.016846	98.779	-108.3351
3517.321289	98.717	-102.4184
3542.809326	98.652	-96.4390
3568.481934	98.585	-90.3874
3594.340576	98.517	-84.2597
3620.386719	98.448	-78.0363
3646.621582	98.381	-71.7253
3673.046387	98.316	-65.3608
3699.662842	98.252	-58.9062
3726.472168	98.187	-52.3566
3753.475586	98.127	-45.7477
3780.675049	98.072	-39.0889
3808.071289	98.021	-32.3329
3835.666016	97.969	-25.4846
3863.460938	97.918	-18.5695
3891.457275	97.868	-11.5734
3919.656250	97.819	-4.5050
3948.059814	97.769	2.6345
3976.668945	97.715	9.8315
4005.485596	97.651	17.1106
4034.510986	97.574	24.5021
4063.746582	97.489	31.9525
4093.194336	97.400	39.4631
4122.855469	97.307	47.0633
4152.730957	97.208	54.7443
4182.823730	97.105	62.4841
4213.133789	97.002	70.2902
4243.664062	96.900	78.1829
4274.415527	96.800	86.1750
4305.389648	96.703	94.2376
4336.588379	96.608	102.3493
4368.013184	96.514	110.5547
4399.665527	96.422	118.8651
4431.547363	96.331	127.2397
4463.660156	96.241	135.6786
4496.005371	96.153	144.2031
4528.585449	96.071	152.7939
4561.401367	95.993	161.4558
4594.455078	95.915	170.2131
4627.748535	95.835	179.0674
4661.283203	95.756	-172.0077
4695.060547	95.677	-163.0107
4729.083008	95.600	-153.9143
4763.352051	95.529	-144.7344
4797.869141	95.460	-135.4912
4832.636719	95.389	-126.1299
4867.655762	95.317	-116.6656
4902.928711	95.250	-107.1410
4938.457520	95.187	-97.5212
4974.243652	95.127	-87.8094
5010.289062	95.067	-78.0239
5046.595703	95.007	-68.1620
5083.165527	94.946	-58.2166
5120.000000	94.882	-48.1825
5157.101562	94.815	-38.0542
5194.472168	94.747	-27.8324
5232.113281	94.676	-17.4833
5270.027344	94.601	-7.0187
5308.216309	94.523	3.5134
5346.681641	94.440	14.1327
5385.426270	94.354	24.8884
5424.451172	94.268	35.7562
5463.758789	94.185	46.7357
5503.351562	94.105	57.8228
5543.230957	94.030	69.0128
5583.399414	93.960	80.2955
5623.859375	93.897	91.6898
5664.611816	93.840	103.2164
5705.660156	93.787	114.8488
5747.005859	93.737	126.5873
5788.650879	93.691	138.4541
5830.597656	93.650	150.4337
5872.848633	93.614	162.5153
5915.405762	93.582	174.7042
5958.271484	93.558	-173.0273
6001.447266	93.535	-160.6592
6044.936523	93.508	-148.1527
6088.740234	93.482	-135.5332
6132.861816	93.461	-122.8014
6177.303223	93.448	-109.9537
6222.066406	93.440	-97.0314
6267.154297	93.438	-83.9788
6312.568359	93.441	-70.7700
6358.312012	93.449	-57.4893
6404.386719	93.461	-44.1339
6450.795898	93.481	-30.6396
6497.541016	93.508	-17.0332
6544.625000	93.543	-3.3452
6592.049805	93.586	10.4464
6639.818359	93.644	24.3655
6687.933594	93.716	38.3778
6736.396973	93.797	52.4628
6785.211426	93.888	66.6320
6834.379883	93.990	80.8741
6883.904785	94.105	95.1738
6933.788574	94.235	109.5396
6984.033691	94.380	123.9844
7034.642578	94.541	138.4609
7085.618652	94.714	152.9458
7136.963867	94.899	167.4545
7188.681152	95.100	-178.0414
7240.773438	95.321	-163.5460
7293.243164	95.562	-149.1093
7346.092773	95.820	-134.7678
7399.325684	96.092	-120.5415
7452.944336	96.377	-106.4495
7506.951172	96.669	-92.5334
7561.350098	96.960	-78.8640
7616.142578	97.245	-65.4907
7671.332031	97.514	-52.4365
7726.921875	97.755	-39.7469
7782.914551	97.950	-27.4169
7839.312500	98.080	-15.4128
7896.119629	98.132	-3.6936
7953.337891	98.092	7.8441
8010.971191	97.951	19.3646
8069.021973	97.706	31.0583
8127.493164	97.361	43.0781
8186.388672	96.924	55.5734
8245.710938	96.410	68.6636
8305.461914	95.837	82.3945
8365.647461	95.226	96.8159
8426.267578	94.592	111.9170
8487.328125	93.948	127.6121
8548.831055	93.304	143.8850
8610.779297	92.664	160.7373
8673.176758	92.039	178.0991
8736.026367	91.431	-164.1030
8799.331055	90.843	-145.8911
8863.094727	90.276	-127.2791
8927.320312	89.735	-108.3257
8992.010742	89.216	-89.0959
9057.170898	88.716	-69.5366
9122.802734	88.233	-49.6606
9188.910156	87.767	-29.5266
9255.497070	87.318	-9.1477
9322.566406	86.885	11.5024
9390.121094	86.468	32.3921
9458.166016	86.073	53.4951
9526.704102	85.702	74.7820
9595.738281	85.349	96.2954
9665.273438	85.009	118.0754
9735.311523	84.679	140.0847
9805.857422	84.364	162.2993
9876.915039	84.071	-175.3567
9948.487305	83.799	-152.8457
10020.578125	83.544	-130.0637
10093.191406	83.304	-107.1145
10166.331055	83.078	-84.0173
10240.000000	82.870	-60.7227
10314.203125	82.677	-37.2070
10388.944336	82.495	-13.4763
10464.226562	82.334	10.4084
10540.054688	82.194	34.3833
10616.432617	82.071	58.4622
10693.363281	81.965	82.7383
10770.852539	81.882	107.2322
10848.902344	81.815	131.8816
10927.517578	81.763	156.6956
11006.703125	81.732	-178.4019
11086.461914	81.724	-153.3611
11166.798828	81.729	-128.1665
11247.718750	81.752	-102.8879
11329.223633	81.804	-77.5610
11411.320312	81.890	-52.0974
11494.011719	82.002	-26.6445
11577.301758	82.131	-1.2603
11661.195312	82.286	24.0420
11745.697266	82.473	49.1733
11830.811523	82.679	73.9158
11916.542969	82.867	97.8008
12002.894531	82.965	120.3130
12089.873047	82.797	140.8171
12177.480469	82.108	159.8333
12265.723633	80.728	-178.0012
12354.606445	79.109	-141.9380
12444.132812	78.627	-92.8076
12534.308594	79.551	-54.2422
12625.136719	80.766	-24.5864
12716.624023	81.793	2.4470
12808.773438	82.621	28.7805
12901.591797	83.304	54.9172
12995.082031	83.892	80.9934
13089.250000	84.419	107.0256
13184.099609	84.897	132.9575
13279.636719	85.327	158.7383
13375.867188	85.708	-175.5605
13472.793945	86.041	-149.8425
13570.422852	86.323	-124.0701
13668.759766	86.550	-98.2271
13767.809570	86.727	-72.2996
13867.577148	86.868	-46.2058
13968.067383	87.005	-19.8374
14069.285156	87.175	6.8318
14171.237305	87.382	33.8052
14273.927734	87.607	61.1509
14377.362305	87.834	88.8389
14481.546875	88.053	116.8101
14586.486328	88.261	145.0200
14692.185547	88.473	173.3145
14798.651367	88.706	-158.4458
14905.888672	88.969	-130.3579
15013.902344	89.252	-102.6145
15122.700195	89.535	-75.3809
15232.285156	89.799	-48.8894
15342.664062	90.008	-23.3467
15453.843750	90.097	1.2505
15565.829102	89.988	24.9966
15678.625000	89.625	48.2334
15792.239258	88.998	71.5195
15906.675781	88.116	95.4326
16021.942383	86.992	120.4175
16138.043945	85.661	146.8296
16254.986328	84.201	174.7529
16372.777344	82.702	-155.9839
16491.421875	81.260	-125.5205
16610.923828	79.965	-94.0688
16731.294922	78.834	-61.8726
16852.535156	77.801	-29.0439
16974.656250	76.835	4.3950
17097.662109	75.935	38.2339
17221.558594	75.091	72.3916
17346.353516	74.289	106.9067
17472.052734	73.488	141.5659
17598.662109	72.674	176.4131
17726.189453	71.876	-148.6626
17854.640625	71.131	-113.6001
17984.021484	70.412	-78.3975
18114.341797	69.698	-43.0894
18245.605469	68.969	-7.6572
18377.820312	68.197	27.7739
18510.994141	67.407	62.8589
18645.132812	66.674	98.0190
18780.242188	65.995	133.8857
18916.332031	65.311	169.4209
19053.408203	64.585	-155.8755
19191.476562	63.802	-121.2935
19330.546875	63.046	-85.9619
19470.623047	62.387	-51.3701
19611.714844	61.715	-17.5869
19753.830078	60.888	17.2119
19896.974609	60.110	52.3970
