* Measurement data measured by REW V5.31
* Source: Headset (USB-C to 3.5mm Headphone Jack Adapter), MICROPHONE, L, volume: 0.250. Timing signal peak level -48.4 dBFS, measurement signal peak level -42.9 dBFS
* Format: 1M Log Swept Sine, 1 sweep at 0.0 dBFS using an acoustic timing reference
* Dated: 11-Apr-2024 16:01:24
* REW Settings:
*  C-weighting compensation: Off
*  Target level: 75.0 dB
* Note: ; Delay 0.0425 ms (15 mm, 0.57 in) using estimated IR delay relative to Acoustic reference played from SPEAKER L with no timing offset Clock adjustment: 40.2 ppm
* Measurement: Chu2Spring L1
* Smoothing: 1/48 octave
* Frequency Step: 1/96 octave
* Start Frequency: 20.000 Hz
*
* Freq(Hz)	SPL(dB)	Phase(degrees)
20.000000	95.149	-128.7934
20.144928	94.970	-130.5001
20.290907	94.748	-131.9933
20.437943	94.493	-133.2884
20.586044	94.217	-134.2460
20.735220	93.923	-134.8386
20.885475	93.635	-135.1024
21.036821	93.364	-134.9701
21.189262	93.120	-134.4906
21.342808	92.921	-133.7995
21.497467	92.767	-132.8483
21.653246	92.662	-131.7988
21.810154	92.606	-130.6734
21.968201	92.598	-129.5041
22.127390	92.637	-128.3282
22.287735	92.726	-127.1758
22.449242	92.871	-126.0935
22.611917	93.073	-125.1076
22.775772	93.335	-124.4229
22.940815	93.653	-123.9978
23.107054	94.008	-124.0705
23.274498	94.388	-124.6385
23.443153	94.766	-125.7096
23.613033	95.119	-127.3533
23.784142	95.430	-129.3956
23.956491	95.675	-131.8095
24.130091	95.847	-134.4866
24.304947	95.933	-137.1855
24.481071	95.932	-139.9452
24.658470	95.845	-142.3754
24.837156	95.681	-144.5624
25.017136	95.459	-146.1527
25.198421	95.197	-147.1632
25.381020	94.938	-147.4941
25.564941	94.705	-147.1079
25.750195	94.541	-146.2892
25.936790	94.457	-145.0518
26.124741	94.454	-143.8709
26.314051	94.520	-142.7662
26.504732	94.616	-141.9829
26.696796	94.726	-141.4622
26.890253	94.820	-141.1262
27.085112	94.896	-140.9015
27.281382	94.954	-140.6106
27.479073	95.008	-140.2608
27.678198	95.073	-139.7767
27.878765	95.161	-139.3013
28.080786	95.279	-138.8765
28.284271	95.416	-138.6901
28.489231	95.561	-138.7774
28.695675	95.687	-139.1770
28.903616	95.781	-139.8427
29.113064	95.824	-140.6444
29.324028	95.818	-141.4730
29.536524	95.765	-142.1867
29.750557	95.686	-142.6924
29.966141	95.597	-142.9412
30.183289	95.526	-142.9986
30.402010	95.482	-142.9402
30.622314	95.473	-142.9318
30.844217	95.486	-143.0883
31.067726	95.510	-143.4792
31.292856	95.522	-144.0930
31.519617	95.514	-144.8598
31.748020	95.478	-145.6827
31.978081	95.422	-146.4345
32.209808	95.359	-147.0778
32.443211	95.305	-147.5780
32.678310	95.274	-148.0244
32.915108	95.270	-148.4695
33.153625	95.286	-149.0520
33.393871	95.310	-149.7762
33.635857	95.327	-150.6627
33.879597	95.323	-151.5985
34.125103	95.298	-152.4919
34.372387	95.254	-153.2407
34.621464	95.209	-153.7491
34.872345	95.177	-154.0411
35.125042	95.174	-154.1418
35.379574	95.204	-154.1905
35.635948	95.264	-154.2807
35.894180	95.342	-154.4769
36.154285	95.422	-154.8141
36.416275	95.493	-155.2375
36.680161	95.548	-155.6998
36.945961	95.589	-156.1398
37.213688	95.620	-156.5119
37.483353	95.648	-156.8240
37.754974	95.676	-157.0933
38.028561	95.706	-157.3595
38.304131	95.735	-157.6654
38.581699	95.758	-158.0243
38.861279	95.770	-158.4381
39.142883	95.769	-158.8909
39.426529	95.752	-159.3454
39.712231	95.721	-159.7702
40.000000	95.680	-160.1420
40.289856	95.634	-160.4471
40.581814	95.591	-160.6945
40.875885	95.555	-160.9188
41.172089	95.529	-161.1563
41.470440	95.510	-161.4359
41.770950	95.494	-161.7705
42.073643	95.479	-162.1456
42.378525	95.462	-162.5237
42.685616	95.448	-162.8769
42.994934	95.440	-163.1992
43.306492	95.443	-163.5091
43.620308	95.458	-163.8438
43.936401	95.481	-164.2390
44.254780	95.504	-164.7008
44.575470	95.520	-165.1965
44.898483	95.527	-165.6769
45.223835	95.527	-166.0989
45.551544	95.525	-166.4424
45.881630	95.526	-166.7164
46.214108	95.531	-166.9509
46.548996	95.540	-167.1794
46.886307	95.551	-167.4244
47.226067	95.561	-167.6953
47.568283	95.566	-167.9932
47.912983	95.566	-168.3151
48.260181	95.559	-168.6516
48.609894	95.545	-168.9859
48.962143	95.525	-169.3004
49.316940	95.505	-169.5894
49.674313	95.487	-169.8681
50.034271	95.474	-170.1683
50.396843	95.463	-170.5187
50.762039	95.452	-170.9257
51.129883	95.437	-171.3697
51.500389	95.418	-171.8220
51.873581	95.397	-172.2664
52.249481	95.376	-172.7050
52.628101	95.354	-173.1402
53.009464	95.330	-173.5525
53.393593	95.305	-173.8994
53.780506	95.283	-174.1478
54.170223	95.274	-174.3145
54.562763	95.280	-174.4741
54.958145	95.296	-174.7136
55.356396	95.309	-175.0659
55.757530	95.309	-175.4806
56.161572	95.291	-175.8594
56.568542	95.266	-176.1361
56.978462	95.244	-176.3332
57.391350	95.230	-176.5388
57.807232	95.216	-176.8187
58.226128	95.192	-177.1478
58.648056	95.158	-177.4369
59.073048	95.126	-177.6266
59.501114	95.107	-177.7616
59.932281	95.106	-177.9662
60.366577	95.110	-178.3264
60.804020	95.104	-178.8066
61.244629	95.085	-179.2928
61.688435	95.060	-179.7030
62.135452	95.040	179.9463
62.585712	95.024	179.5865
63.039234	95.006	179.2090
63.496040	94.981	178.8895
63.956161	94.958	178.7027
64.419617	94.951	178.6064
64.886421	94.962	178.4517
65.356621	94.974	178.1304
65.830215	94.968	177.6891
66.307251	94.939	177.3001
66.787743	94.899	177.0858
67.271713	94.870	176.9959
67.759193	94.855	176.8485
68.250206	94.840	176.5330
68.744774	94.805	176.1247
69.242928	94.753	175.8028
69.744690	94.702	175.6444
70.250084	94.668	175.5469
70.759148	94.648	175.3525
71.271896	94.627	175.0332
71.788361	94.597	174.6985
72.308571	94.565	174.4530
72.832550	94.542	174.2926
73.360321	94.531	174.1360
73.891922	94.528	173.9297
74.427376	94.525	173.6942
74.966705	94.522	173.4849
75.509949	94.522	173.3163
76.057121	94.528	173.1362
76.608261	94.533	172.8903
77.163399	94.531	172.5849
77.722557	94.516	172.2437
78.285767	94.484	171.8790
78.853058	94.434	171.5998
79.424461	94.380	171.5728
80.000000	94.357	171.7073
80.579712	94.365	171.5843
81.163628	94.359	171.0358
81.751770	94.312	170.5331
82.344177	94.268	170.4324
82.940880	94.263	170.2713
83.541901	94.254	169.6069
84.147285	94.190	168.9461
84.757050	94.124	168.9894
85.371231	94.127	169.2471
85.989868	94.161	168.7911
86.612984	94.133	167.9747
87.240616	94.063	167.7476
87.872803	94.038	168.0616
88.509560	94.061	167.9546
89.150940	94.055	167.2756
89.796967	93.992	166.7144
90.447670	93.919	166.7218
91.103088	93.890	166.9644
91.763260	93.897	166.8679
92.428215	93.891	166.3508
93.097992	93.847	165.8769
93.772614	93.799	165.7966
94.452133	93.781	165.8184
95.136566	93.775	165.5698
95.825966	93.750	165.2091
96.520363	93.711	164.9861
97.219788	93.671	164.8570
97.924286	93.631	164.7869
98.633881	93.601	164.8250
99.348625	93.589	164.8099
100.068542	93.579	164.5872
100.793686	93.558	164.2923
101.524078	93.530	163.9977
102.259766	93.494	163.6361
103.000778	93.447	163.3606
103.747162	93.408	163.2478
104.498962	93.381	163.0358
105.256203	93.345	162.7228
106.018929	93.305	162.5470
106.787186	93.272	162.4283
107.561012	93.243	162.2880
108.340446	93.221	162.1506
109.125526	93.199	161.8459
109.916290	93.157	161.4795
110.712791	93.108	161.3274
111.515060	93.071	161.2309
112.323143	93.038	161.0789
113.137085	93.012	160.9897
113.956924	92.994	160.8393
114.782700	92.971	160.5748
115.614464	92.939	160.3488
116.452255	92.907	160.1876
117.296112	92.874	159.9883
118.146095	92.832	159.6902
119.002228	92.778	159.5135
119.864563	92.737	159.6148
120.733154	92.721	159.6160
121.608040	92.703	159.3532
122.489258	92.673	159.2045
123.376869	92.651	159.1879
124.270905	92.633	159.0091
125.171425	92.603	158.7540
126.078468	92.562	158.5681
126.992081	92.515	158.3763
127.912323	92.463	158.2293
128.839233	92.417	158.1765
129.772842	92.382	158.0753
130.713242	92.350	157.8673
131.660431	92.313	157.6500
132.614502	92.276	157.5412
133.575485	92.247	157.5167
134.543427	92.224	157.4338
135.518387	92.198	157.3085
136.500412	92.171	157.2561
137.489548	92.149	157.1964
138.485855	92.127	156.9653
139.489380	92.091	156.6193
140.500168	92.043	156.3350
141.518295	91.993	156.1709
142.543793	91.949	156.0432
143.576721	91.908	155.8977
144.617142	91.865	155.7805
145.665100	91.820	155.6754
146.720642	91.772	155.5623
147.783844	91.724	155.4793
148.854752	91.685	155.4523
149.933411	91.662	155.3994
151.019897	91.649	155.2340
152.114243	91.640	155.0921
153.216522	91.636	155.0582
154.326797	91.632	155.0174
155.445114	91.612	154.8821
156.571533	91.561	154.7852
157.706116	91.493	154.9677
158.848923	91.437	155.2190
160.000000	91.396	155.2157
161.159424	91.363	155.0809
162.327255	91.348	154.9929
163.503540	91.354	154.9048
164.688354	91.367	154.7866
165.881760	91.370	154.7432
167.083801	91.357	154.7302
168.294571	91.318	154.5721
169.514099	91.250	154.2604
170.742462	91.162	153.9610
171.979736	91.081	153.8079
173.225967	91.024	153.7922
174.481232	90.983	153.8572
175.745605	90.938	154.1076
177.019119	90.879	154.5881
178.301880	90.803	154.9566
179.593933	90.711	154.9908
180.895340	90.617	154.6946
182.206177	90.548	154.1682
183.526520	90.519	153.6232
184.856430	90.530	153.2664
186.195984	90.558	153.1679
187.545227	90.574	153.3118
188.904266	90.564	153.6052
190.273132	90.527	153.8265
191.651932	90.473	153.8531
193.040726	90.421	153.8096
194.439575	90.386	153.8000
195.848572	90.373	153.8795
197.267761	90.371	154.0451
198.697250	90.372	154.1621
200.137085	90.362	154.1317
201.587372	90.345	154.0583
203.048157	90.331	153.9687
204.519531	90.322	153.8760
206.001556	90.313	153.8177
207.494324	90.296	153.7896
208.997925	90.272	153.7960
210.512405	90.246	153.7377
212.037857	90.218	153.5912
213.574371	90.191	153.3968
215.122025	90.161	153.2208
216.680893	90.129	153.1055
218.251053	90.098	153.0627
219.832581	90.066	152.9604
221.425583	90.030	152.8203
223.030121	89.993	152.7446
224.646286	89.959	152.6662
226.274170	89.925	152.5606
227.913849	89.892	152.4833
229.565399	89.861	152.4261
231.228928	89.833	152.4121
232.904510	89.807	152.4091
234.592224	89.779	152.3822
236.292191	89.748	152.3809
238.004456	89.716	152.3264
239.729126	89.681	152.2635
241.466309	89.646	152.2257
243.216080	89.613	152.1969
244.978516	89.581	152.2091
246.753738	89.551	152.2282
248.541809	89.518	152.2000
250.342850	89.481	152.1450
252.156937	89.444	152.1185
253.984161	89.412	152.1006
255.824646	89.386	152.0234
257.678467	89.357	151.9481
259.545685	89.326	151.9830
261.426483	89.298	152.0379
263.320862	89.268	152.0003
265.229004	89.233	151.9516
267.150970	89.200	151.9324
269.086853	89.169	151.9009
271.036774	89.139	151.8669
273.000824	89.110	151.8607
274.979095	89.082	151.8821
276.971710	89.055	151.8801
278.978760	89.024	151.8844
281.000336	88.990	151.9648
283.036591	88.957	152.0844
285.087585	88.927	152.1437
287.153442	88.899	152.1330
289.234283	88.874	152.0993
291.330200	88.850	152.0666
293.441284	88.823	152.1077
295.567688	88.793	152.1584
297.709503	88.760	152.1771
299.866821	88.728	152.1828
302.039795	88.705	152.1547
304.228485	88.687	152.1532
306.433044	88.668	152.2008
308.653595	88.644	152.2175
310.890228	88.617	152.1920
313.143066	88.593	152.1841
315.412231	88.575	152.2230
317.697845	88.558	152.3226
320.000000	88.541	152.4248
322.318848	88.522	152.4036
324.654510	88.497	152.3318
327.007080	88.469	152.2829
329.376709	88.442	152.2661
331.763519	88.417	152.2936
334.167603	88.395	152.3452
336.589142	88.372	152.3334
339.028198	88.347	152.2844
341.484924	88.319	152.2548
343.959473	88.290	152.3121
346.451935	88.266	152.3839
348.962463	88.246	152.4240
351.491211	88.226	152.4528
354.038239	88.205	152.4811
356.603760	88.185	152.4642
359.187866	88.165	152.4781
361.790680	88.141	152.5244
364.412354	88.113	152.5014
367.053040	88.086	152.4471
369.712860	88.066	152.4954
372.391968	88.048	152.5870
375.090454	88.021	152.6203
377.808533	87.988	152.6252
380.546265	87.959	152.6548
383.303864	87.938	152.7028
386.081451	87.925	152.7590
388.879150	87.916	152.8235
391.697144	87.906	152.8556
394.535522	87.889	152.8605
397.394501	87.865	152.8411
400.274170	87.836	152.7715
403.174744	87.806	152.7502
406.096313	87.780	152.8102
409.039062	87.755	152.8301
412.003113	87.734	152.8707
414.988647	87.724	152.9222
417.995850	87.717	152.9615
421.024811	87.704	153.0803
424.075714	87.683	153.2950
427.148743	87.658	153.3811
430.244049	87.637	153.3029
433.361786	87.622	153.2655
436.502106	87.606	153.2851
439.665161	87.584	153.2902
442.851166	87.562	153.3535
446.060242	87.538	153.4215
449.292572	87.514	153.4675
452.548340	87.496	153.5328
455.827698	87.485	153.5190
459.130798	87.472	153.5054
462.457855	87.455	153.5802
465.809021	87.435	153.7479
469.184448	87.422	153.8848
472.584381	87.412	153.9811
476.008911	87.397	154.0866
479.458252	87.381	154.0855
482.932617	87.368	154.0320
486.432159	87.351	154.1105
489.957031	87.332	154.1654
493.507477	87.318	154.1357
497.083618	87.308	154.1716
500.685699	87.297	154.2671
504.313873	87.283	154.3130
507.968323	87.268	154.3250
511.649292	87.256	154.3541
515.356934	87.246	154.4234
519.091370	87.235	154.4320
522.852966	87.223	154.4229
526.641724	87.215	154.4866
530.458008	87.207	154.5964
534.301941	87.194	154.6894
538.173706	87.175	154.7460
542.073547	87.158	154.7618
546.001648	87.149	154.7950
549.958191	87.143	154.9061
553.943420	87.134	154.9610
557.957520	87.124	155.0073
562.000671	87.112	155.1290
566.073181	87.103	155.1954
570.175171	87.098	155.2553
574.306885	87.092	155.3352
578.468567	87.082	155.3441
582.660400	87.069	155.3448
586.882568	87.059	155.4128
591.135376	87.052	155.5345
595.419006	87.045	155.6781
599.733643	87.041	155.7381
604.079590	87.041	155.7083
608.456970	87.040	155.7394
612.866089	87.034	155.8560
617.307190	87.023	155.8735
621.780457	87.015	155.9016
626.286133	87.014	156.0431
630.824463	87.014	156.1126
635.395691	87.009	156.1454
640.000000	87.001	156.2687
644.637695	86.997	156.3584
649.309021	86.996	156.3848
654.014160	86.995	156.4185
658.753418	86.995	156.4926
663.527039	86.995	156.6776
668.335205	86.993	156.8134
673.178284	86.989	156.8994
678.056396	86.987	156.9833
682.969849	86.991	157.0596
687.918945	86.999	157.1564
692.903870	87.003	157.2584
697.924927	87.004	157.3796
702.982422	87.006	157.4525
708.076477	87.009	157.4992
713.207520	87.013	157.6010
718.375732	87.017	157.6968
723.581360	87.023	157.7946
728.824707	87.029	157.8789
734.106079	87.031	157.9454
739.425720	87.031	158.0137
744.783936	87.037	158.1260
750.180908	87.052	158.2523
755.617065	87.066	158.3619
761.092529	87.076	158.4688
766.607727	87.083	158.5702
772.162903	87.089	158.6548
777.758301	87.097	158.7481
783.394287	87.110	158.8478
789.071045	87.127	158.9111
794.789001	87.143	159.0457
800.548340	87.156	159.1780
806.349487	87.170	159.2256
812.192627	87.186	159.3292
818.078125	87.205	159.4979
824.006226	87.226	159.6316
829.977295	87.249	159.7289
835.991699	87.273	159.8018
842.049622	87.291	159.8504
848.151428	87.309	159.9656
854.297485	87.333	160.1249
860.488098	87.360	160.2429
866.723572	87.385	160.3353
873.004211	87.410	160.4762
879.330322	87.435	160.5969
885.702332	87.462	160.6879
892.120483	87.491	160.7740
898.585144	87.523	160.8602
905.096680	87.557	160.9683
911.655396	87.594	161.0499
918.261597	87.631	161.1251
924.915710	87.667	161.1877
931.618042	87.704	161.2549
938.368896	87.743	161.3200
945.168762	87.777	161.4021
952.017822	87.803	161.4955
958.916504	87.822	161.5771
965.865234	87.838	161.6334
972.864319	87.861	161.6729
979.914062	87.903	161.6729
987.014954	87.959	161.7053
994.167236	88.016	161.7380
1001.371399	88.072	161.7548
1008.627747	88.130	161.7782
1015.936646	88.190	161.7949
1023.298584	88.251	161.7975
1030.713867	88.311	161.7314
1038.182739	88.367	161.6480
1045.705933	88.420	161.6080
1053.283447	88.470	161.5793
1060.916016	88.521	161.5319
1068.603882	88.574	161.4271
1076.347412	88.628	161.3221
1084.147095	88.685	161.2380
1092.003296	88.741	161.1347
1099.916382	88.794	161.0118
1107.886841	88.845	160.8842
1115.915039	88.896	160.7612
1124.001343	88.945	160.6108
1132.146362	88.993	160.4628
1140.350342	89.044	160.2817
1148.613770	89.095	160.0744
1156.937134	89.141	159.9008
1165.320801	89.190	159.7368
1173.765137	89.245	159.5226
1182.270752	89.298	159.3040
1190.838013	89.344	159.1151
1199.467285	89.384	158.9059
1208.159180	89.428	158.6820
1216.913940	89.477	158.4415
1225.732178	89.526	158.2278
1234.614380	89.575	157.9908
1243.560913	89.626	157.6935
1252.572266	89.680	157.4156
1261.648926	89.736	157.1917
1270.791382	89.793	156.9569
1280.000000	89.849	156.6885
1289.275391	89.905	156.3865
1298.618042	89.964	156.0570
1308.028320	90.024	155.7047
1317.506836	90.083	155.3641
1327.054077	90.140	155.0927
1336.670410	90.197	154.8261
1346.356567	90.257	154.5159
1356.112793	90.315	154.1523
1365.939697	90.373	153.7749
1375.837891	90.432	153.4195
1385.807739	90.488	153.0755
1395.849854	90.541	152.7282
1405.964844	90.591	152.3698
1416.152954	90.642	152.0143
1426.415039	90.694	151.6682
1436.751465	90.745	151.2650
1447.162720	90.796	150.8516
1457.649414	90.849	150.4679
1468.212158	90.900	150.0891
1478.851440	90.950	149.7129
1489.567871	91.001	149.3290
1500.361816	91.052	148.9567
1511.234131	91.105	148.6172
1522.185059	91.160	148.2811
1533.215454	91.214	147.9088
1544.325806	91.267	147.5098
1555.516602	91.318	147.1272
1566.788574	91.368	146.7623
1578.142090	91.420	146.3999
1589.578003	91.474	146.0059
1601.096680	91.528	145.6163
1612.698975	91.580	145.2427
1624.385254	91.631	144.8708
1636.156250	91.683	144.5148
1648.012451	91.736	144.1637
1659.954590	91.791	143.7872
1671.983398	91.846	143.4152
1684.099243	91.902	143.0698
1696.302856	91.956	142.7331
1708.594971	92.010	142.3783
1720.976196	92.068	142.0294
1733.447144	92.128	141.6956
1746.008423	92.189	141.3630
1758.660645	92.253	141.0459
1771.404663	92.322	140.7124
1784.240967	92.394	140.3638
1797.170288	92.468	140.0262
1810.193359	92.545	139.6731
1823.310791	92.627	139.2991
1836.523193	92.709	138.9200
1849.831421	92.791	138.5357
1863.236084	92.873	138.1705
1876.737793	92.953	137.8239
1890.337524	93.034	137.4667
1904.035645	93.118	137.1063
1917.833008	93.208	136.7834
1931.730469	93.307	136.4799
1945.728638	93.415	136.1874
1959.828125	93.536	135.8533
1974.029907	93.666	135.4742
1988.334473	93.803	135.0615
2002.742798	93.946	134.5446
2017.255493	94.091	133.9101
2031.873291	94.233	133.1649
2046.597168	94.368	132.3640
2061.427734	94.497	131.5242
2076.365479	94.618	130.6317
2091.411865	94.734	129.7279
2106.566895	94.844	128.8364
2121.832031	94.949	127.9283
2137.207764	95.048	127.0024
2152.694824	95.145	126.0761
2168.294189	95.241	125.1637
2184.006592	95.337	124.2760
2199.832764	95.431	123.3869
2215.773682	95.521	122.4827
2231.830078	95.611	121.5767
2248.002686	95.704	120.6791
2264.292725	95.800	119.7711
2280.700684	95.898	118.8428
2297.227539	95.996	117.9007
2313.874268	96.093	116.9379
2330.641602	96.188	115.9637
2347.530273	96.284	114.9816
2364.541504	96.381	113.9777
2381.676025	96.480	112.9520
2398.934570	96.578	111.8910
2416.318359	96.674	110.8270
2433.827881	96.769	109.7537
2451.464355	96.863	108.6465
2469.228760	96.958	107.5209
2487.121826	97.053	106.3940
2505.144531	97.146	105.2198
2523.297852	97.238	104.0169
2541.582764	97.328	102.8026
2560.000000	97.415	101.5796
2578.550781	97.499	100.3443
2597.236084	97.581	99.0815
2616.056641	97.661	97.8089
2635.013672	97.741	96.5199
2654.108154	97.817	95.1973
2673.340820	97.891	93.8600
2692.713135	97.965	92.5258
2712.225586	98.036	91.1764
2731.879395	98.106	89.8024
2751.675781	98.176	88.4091
2771.615479	98.246	86.9957
2791.699707	98.314	85.5631
2811.929688	98.378	84.0952
2832.305908	98.438	82.5833
2852.830078	98.492	81.0589
2873.502930	98.542	79.5127
2894.325439	98.587	77.9391
2915.298828	98.627	76.3576
2936.424316	98.663	74.7735
2957.702881	98.693	73.1997
2979.135742	98.718	71.6331
3000.723633	98.740	70.0700
3022.468262	98.757	68.5200
3044.370117	98.772	66.9812
3066.430908	98.787	65.4292
3088.651611	98.803	63.8798
3111.033203	98.819	62.3228
3133.577148	98.835	60.7505
3156.284180	98.853	59.1608
3179.156006	98.873	57.5466
3202.193359	98.890	55.9078
3225.397949	98.902	54.2599
3248.770508	98.911	52.5999
3272.312500	98.916	50.9356
3296.024902	98.918	49.2708
3319.909180	98.913	47.6138
3343.966797	98.900	45.9652
3368.198486	98.880	44.3303
3392.605713	98.852	42.7184
3417.189941	98.817	41.1247
3441.952393	98.777	39.5459
3466.894287	98.731	37.9886
3492.016846	98.677	36.4452
3517.321289	98.619	34.9199
3542.809326	98.559	33.4256
3568.481934	98.498	31.9553
3594.340576	98.437	30.4950
3620.386719	98.378	29.0487
3646.621582	98.322	27.6160
3673.046387	98.269	26.1879
3699.662842	98.217	24.7885
3726.472168	98.167	23.4319
3753.475586	98.119	22.0593
3780.675049	98.079	20.6686
3808.071289	98.043	19.3021
3835.666016	98.008	17.9402
3863.460938	97.972	16.5861
3891.457275	97.934	15.2395
3919.656250	97.896	13.8975
3948.059814	97.857	12.5505
3976.668945	97.813	11.1833
4005.485596	97.757	9.8484
4034.510986	97.688	8.5433
4063.746582	97.611	7.2125
4093.194336	97.528	5.8685
4122.855469	97.440	4.5670
4152.730957	97.347	3.2726
4182.823730	97.248	1.9812
4213.133789	97.147	0.6987
4243.664062	97.049	-0.5651
4274.415527	96.955	-1.8162
4305.389648	96.864	-3.0602
4336.588379	96.774	-4.3151
4368.013184	96.682	-5.5609
4399.665527	96.590	-6.7709
4431.547363	96.497	-7.9697
4463.660156	96.408	-9.1791
4496.005371	96.325	-10.3912
4528.585449	96.246	-11.6118
4561.401367	96.169	-12.8284
4594.455078	96.089	-14.0037
4627.748535	96.010	-15.1639
4661.283203	95.933	-16.3376
4695.060547	95.860	-17.5219
4729.083008	95.787	-18.6879
4763.352051	95.714	-19.8643
4797.869141	95.642	-21.0524
4832.636719	95.568	-22.1989
4867.655762	95.495	-23.3411
4902.928711	95.427	-24.4926
4938.457520	95.362	-25.6359
4974.243652	95.297	-26.7788
5010.289062	95.233	-27.8827
5046.595703	95.169	-28.9783
5083.165527	95.106	-30.0835
5120.000000	95.042	-31.1863
5157.101562	94.972	-32.2803
5194.472168	94.897	-33.3387
5232.113281	94.821	-34.3432
5270.027344	94.748	-35.3431
5308.216309	94.673	-36.3728
5346.681641	94.596	-37.3822
5385.426270	94.518	-38.3693
5424.451172	94.442	-39.3536
5463.758789	94.365	-40.3241
5503.351562	94.289	-41.2668
5543.230957	94.215	-42.1887
5583.399414	94.146	-43.1163
5623.859375	94.083	-44.0244
5664.611816	94.026	-44.9144
5705.660156	93.973	-45.7864
5747.005859	93.927	-46.6331
5788.650879	93.886	-47.4683
5830.597656	93.848	-48.2937
5872.848633	93.814	-49.0951
5915.405762	93.787	-49.8858
5958.271484	93.767	-50.6917
6001.447266	93.749	-51.5020
6044.936523	93.732	-52.2587
6088.740234	93.716	-53.0111
6132.861816	93.705	-53.7737
6177.303223	93.700	-54.5371
6222.066406	93.703	-55.3220
6267.154297	93.712	-56.1016
6312.568359	93.729	-56.8538
6358.312012	93.755	-57.6230
6404.386719	93.789	-58.3964
6450.795898	93.828	-59.1866
6497.541016	93.878	-60.0254
6544.625000	93.940	-60.9120
6592.049805	94.014	-61.7957
6639.818359	94.100	-62.6851
6687.933594	94.198	-63.6366
6736.396973	94.310	-64.6463
6785.211426	94.437	-65.7397
6834.379883	94.581	-66.9520
6883.904785	94.737	-68.2397
6933.788574	94.905	-69.6143
6984.033691	95.086	-71.1351
7034.642578	95.283	-72.8097
7085.618652	95.497	-74.6437
7136.963867	95.722	-76.6382
7188.681152	95.955	-78.8693
7240.773438	96.197	-81.4399
7293.243164	96.450	-84.3132
7346.092773	96.706	-87.4996
7399.325684	96.951	-91.0991
7452.944336	97.173	-95.1470
7506.951172	97.358	-99.6553
7561.350098	97.489	-104.5883
7616.142578	97.553	-109.9116
7671.332031	97.535	-115.5562
7726.921875	97.423	-121.4199
7782.914551	97.209	-127.3462
7839.312500	96.894	-133.1818
7896.119629	96.484	-138.7953
7953.337891	95.994	-144.0482
8010.971191	95.442	-148.8687
8069.021973	94.844	-153.2267
8127.493164	94.213	-157.1075
8186.388672	93.562	-160.5018
8245.710938	92.905	-163.4620
8305.461914	92.253	-166.0236
8365.647461	91.611	-168.2209
8426.267578	90.981	-170.0645
8487.328125	90.366	-171.6195
8548.831055	89.767	-172.9809
8610.779297	89.187	-174.1353
8673.176758	88.631	-175.0292
8736.026367	88.097	-175.7404
8799.331055	87.584	-176.2850
8863.094727	87.088	-176.7983
8927.320312	86.608	-177.2457
8992.010742	86.148	-177.5364
9057.170898	85.708	-177.6555
9122.802734	85.284	-177.6777
9188.910156	84.875	-177.6217
9255.497070	84.480	-177.4941
9322.566406	84.096	-177.3391
9390.121094	83.727	-177.1547
9458.166016	83.368	-176.9199
9526.704102	83.022	-176.6359
9595.738281	82.696	-176.2419
9665.273438	82.394	-175.7667
9735.311523	82.106	-175.3739
9805.857422	81.829	-174.9810
9876.915039	81.568	-174.4715
9948.487305	81.324	-173.9092
10020.578125	81.092	-173.2973
10093.191406	80.877	-172.6631
10166.331055	80.683	-172.0770
10240.000000	80.503	-171.5521
10314.203125	80.335	-170.9996
10388.944336	80.179	-170.4211
10464.226562	80.041	-169.8204
10540.054688	79.927	-169.1277
10616.432617	79.834	-168.4185
10693.363281	79.753	-167.7554
10770.852539	79.682	-167.2016
10848.902344	79.632	-166.7249
10927.517578	79.606	-166.2287
11006.703125	79.603	-165.7185
11086.461914	79.625	-165.2797
11166.798828	79.666	-164.8360
11247.718750	79.721	-164.5399
11329.223633	79.796	-164.3665
11411.320312	79.902	-164.1400
11494.011719	80.032	-163.9490
11577.301758	80.172	-163.8677
11661.195312	80.327	-163.9507
11745.697266	80.509	-164.2813
11830.811523	80.736	-164.8204
11916.542969	80.999	-165.5491
12002.894531	81.297	-166.6525
12089.873047	81.621	-168.2489
12177.480469	81.948	-170.6059
12265.723633	82.237	-174.1377
12354.606445	82.375	-179.3993
12444.132812	82.143	173.4935
12534.308594	81.313	166.8329
12625.136719	80.039	167.6337
12716.624023	79.287	-179.1942
12808.773438	79.812	-167.2944
12901.591797	80.958	-163.9820
12995.082031	82.091	-164.6976
13089.250000	83.080	-166.8320
13184.099609	83.958	-169.7029
13279.636719	84.763	-173.0656
13375.867188	85.529	-176.8572
13472.793945	86.270	178.7971
13570.422852	86.986	173.9160
13668.759766	87.673	168.4562
13767.809570	88.325	162.3268
13867.577148	88.940	155.5500
13968.067383	89.531	148.2246
14069.285156	90.109	140.4230
14171.237305	90.652	132.2397
14273.927734	91.133	123.8710
14377.362305	91.542	115.4032
14481.546875	91.873	106.8344
14586.486328	92.119	98.1172
14692.185547	92.296	89.2286
14798.651367	92.431	80.1044
14905.888672	92.529	70.5935
15013.902344	92.566	60.5254
15122.700195	92.511	49.7903
15232.285156	92.335	38.3904
15342.664062	92.003	26.4000
15453.843750	91.475	14.0781
15565.829102	90.713	1.7551
15678.625000	89.719	-10.2043
15792.239258	88.527	-21.3766
15906.675781	87.170	-31.4938
16021.942383	85.681	-40.6113
16138.043945	84.079	-48.7158
16254.986328	82.400	-55.7952
16372.777344	80.707	-61.9127
16491.421875	79.084	-67.1616
16610.923828	77.631	-71.6692
16731.294922	76.372	-75.4173
16852.535156	75.260	-78.6312
16974.656250	74.266	-81.5871
17097.662109	73.386	-84.2382
17221.558594	72.609	-86.6548
17346.353516	71.930	-88.9592
17472.052734	71.336	-91.3754
17598.662109	70.808	-94.1505
17726.189453	70.347	-97.7051
17854.640625	69.944	-101.2774
17984.021484	69.586	-104.7972
18114.341797	69.266	-108.7872
18245.605469	68.994	-113.3884
18377.820312	68.781	-118.4468
18510.994141	68.648	-124.1814
18645.132812	68.599	-130.8630
18780.242188	68.595	-138.2522
18916.332031	68.619	-145.9622
19053.408203	68.674	-154.0708
19191.476562	68.777	-163.4529
19330.546875	68.910	-174.5032
19470.623047	69.030	173.1488
19611.714844	69.116	159.8729
19753.830078	69.149	145.0879
19896.974609	69.120	127.9949
