* Measurement data measured by REW V5.31
* Source: Headset (USB-C to 3.5mm Headphone Jack Adapter), MICROPHONE, L, volume: 0.250. Timing signal peak level -42.3 dBFS, measurement signal peak level -35.8 dBFS
* Format: 1M Log Swept Sine, 1 sweep at 0.0 dBFS using an acoustic timing reference
* Dated: 11-Apr-2024 15:43:49
* REW Settings:
*  C-weighting compensation: Off
*  Target level: 75.0 dB
* Note: ; Delay -0.0436 ms (-15 mm, -0.59 in) using estimated IR delay relative to Acoustic reference played from SPEAKER R with no timing offset Clock adjustment: -28.4 ppm
* Measurement: Chu2 R1
* Smoothing: 1/48 octave
* Frequency Step: 1/96 octave
* Start Frequency: 20.000 Hz
*
* Freq(Hz)	SPL(dB)	Phase(degrees)
20.000000	95.510	-117.8502
20.144928	95.394	-119.3174
20.290907	95.257	-120.6378
20.437943	95.108	-121.8442
20.586044	94.961	-122.8642
20.735220	94.820	-123.6825
20.885475	94.695	-124.3591
21.036821	94.596	-124.8748
21.189262	94.523	-125.2662
21.342808	94.481	-125.6230
21.497467	94.470	-125.9154
21.653246	94.486	-126.2358
21.810154	94.529	-126.5840
21.968201	94.592	-126.9797
22.127390	94.670	-127.4502
22.287735	94.761	-127.9778
22.449242	94.857	-128.5629
22.611917	94.956	-129.2007
22.775772	95.053	-129.8506
22.940815	95.146	-130.5195
23.107054	95.236	-131.1626
23.274498	95.322	-131.7698
23.443153	95.406	-132.3394
23.613033	95.491	-132.8514
23.784142	95.580	-133.3406
23.956491	95.674	-133.8303
24.130091	95.772	-134.3403
24.304947	95.869	-134.9419
24.481071	95.961	-135.6223
24.658470	96.035	-136.4192
24.837156	96.084	-137.3147
25.017136	96.097	-138.2275
25.198421	96.068	-139.1575
25.381020	95.995	-139.9109
25.564941	95.883	-140.4919
25.750195	95.745	-140.7048
25.936790	95.597	-140.5465
26.124741	95.472	-139.9929
26.314051	95.388	-139.0759
26.504732	95.374	-138.0504
26.696796	95.430	-136.9999
26.890253	95.549	-136.2854
27.085112	95.709	-135.9246
27.281382	95.878	-136.0967
27.479073	96.032	-136.6798
27.678198	96.145	-137.6570
27.878765	96.208	-138.8181
28.080786	96.216	-140.0945
28.284271	96.179	-141.2791
28.489231	96.105	-142.3312
28.695675	96.016	-143.1509
28.903616	95.926	-143.7473
29.113064	95.851	-144.1533
29.324028	95.798	-144.4250
29.536524	95.773	-144.6282
29.750557	95.773	-144.8286
29.966141	95.798	-145.0527
30.183289	95.843	-145.3440
30.402010	95.906	-145.7178
30.622314	95.983	-146.2092
30.844217	96.066	-146.8401
31.067726	96.146	-147.6233
31.292856	96.208	-148.5195
31.519617	96.243	-149.4563
31.748020	96.244	-150.3364
31.978081	96.219	-150.9926
32.209808	96.181	-151.3726
32.443211	96.159	-151.4048
32.678310	96.176	-151.2542
32.915108	96.245	-151.0276
33.153625	96.355	-151.0596
33.393871	96.476	-151.4041
33.635857	96.572	-152.1381
33.879597	96.605	-153.0276
34.125103	96.570	-153.8357
34.372387	96.477	-154.3005
34.621464	96.378	-154.1736
34.872345	96.326	-153.6244
35.125042	96.364	-152.8542
35.379574	96.489	-152.5217
35.635948	96.643	-152.8751
35.894180	96.758	-153.9834
36.154285	96.756	-155.5906
36.416275	96.615	-156.9951
36.680161	96.367	-157.7482
36.945961	96.093	-157.2576
37.213688	95.950	-155.6423
37.483353	96.022	-153.8547
37.754974	96.296	-152.8596
38.028561	96.642	-153.5824
38.304131	96.878	-155.8296
38.581699	96.903	-158.7552
38.861279	96.681	-161.5292
39.142883	96.260	-162.8784
39.426529	95.842	-161.8333
39.712231	95.688	-158.9507
40.000000	95.928	-155.9426
40.289856	96.475	-154.9489
40.581814	97.018	-156.9336
40.875885	97.315	-160.8748
41.172089	97.256	-165.3845
41.470440	96.832	-169.0857
41.770950	96.157	-170.2491
42.073643	95.544	-167.3730
42.378525	95.446	-161.7679
42.685616	95.938	-157.3474
42.994934	96.699	-156.6489
43.306492	97.336	-159.4231
43.620308	97.614	-164.1877
43.936401	97.474	-169.2020
44.254780	96.973	-172.7043
44.575470	96.295	-173.3835
44.898483	95.745	-170.8771
45.223835	95.585	-166.6345
45.551544	95.827	-163.3115
45.881630	96.239	-162.4048
46.214108	96.573	-163.5361
46.548996	96.723	-165.5469
46.886307	96.708	-167.4006
47.226067	96.615	-168.5696
47.568283	96.528	-169.1204
47.912983	96.487	-169.4731
48.260181	96.475	-170.0120
48.609894	96.452	-170.8369
48.962143	96.391	-171.7930
49.316940	96.287	-172.6396
49.674313	96.158	-173.1980
50.034271	96.027	-173.4041
50.396843	95.919	-173.2985
50.762039	95.849	-172.9954
51.129883	95.823	-172.6545
51.500389	95.834	-172.4347
51.873581	95.859	-172.4197
52.249481	95.878	-172.5686
52.628101	95.878	-172.7417
53.009464	95.866	-172.7944
53.393593	95.858	-172.6737
53.780506	95.867	-172.4390
54.170223	95.895	-172.1975
54.562763	95.935	-172.0178
54.958145	95.977	-171.9036
55.356396	96.020	-171.8300
55.757530	96.064	-171.7878
56.161572	96.112	-171.8010
56.568542	96.163	-171.9188
56.978462	96.212	-172.2056
57.391350	96.249	-172.7173
57.807232	96.259	-173.4553
58.226128	96.226	-174.3201
58.648056	96.151	-175.1289
59.073048	96.050	-175.7141
59.501114	95.956	-176.0500
59.932281	95.893	-176.3145
60.366577	95.858	-176.7609
60.804020	95.823	-177.4945
61.244629	95.764	-178.3733
61.688435	95.679	-179.1104
62.135452	95.597	-179.4865
62.585712	95.559	-179.5581
63.039234	95.581	-179.6377
63.496040	95.641	179.9784
63.956161	95.692	179.2606
64.419617	95.705	178.4922
64.886421	95.690	178.0222
65.356621	95.684	177.9512
65.830215	95.716	178.0146
66.307251	95.768	177.8372
66.787743	95.796	177.3652
67.271713	95.774	176.9407
67.759193	95.732	176.9365
68.250206	95.727	177.2399
68.744774	95.772	177.2434
69.242928	95.802	176.4823
69.744690	95.737	175.2275
70.250084	95.562	174.2988
70.759148	95.353	174.3506
71.271896	95.217	175.2090
71.788361	95.194	176.0242
72.308571	95.237	176.2397
72.832550	95.285	175.9766
73.360321	95.319	175.5264
73.891922	95.339	174.9329
74.427376	95.327	174.2305
74.966705	95.276	173.7200
75.509949	95.227	173.7017
76.057121	95.229	173.9207
76.608261	95.265	173.7231
77.163399	95.266	172.9789
77.722557	95.192	172.3351
78.285767	95.095	172.3599
78.853058	95.051	172.7458
79.424461	95.056	172.7178
80.000000	95.036	172.1162
80.579712	94.961	171.5596
81.163628	94.878	171.5156
81.751770	94.839	171.6411
82.344177	94.832	171.4047
82.940880	94.804	170.8689
83.541901	94.752	170.4736
84.147285	94.705	170.3463
84.757050	94.678	170.1936
85.371231	94.649	169.9214
85.989868	94.614	169.7949
86.612984	94.602	169.9097
87.240616	94.628	169.8799
87.872803	94.654	169.3663
88.509560	94.633	168.6375
89.150940	94.575	168.2267
89.796967	94.530	168.2102
90.447670	94.524	168.2301
91.103088	94.537	167.9988
91.763260	94.544	167.5720
92.428215	94.532	167.0203
93.097992	94.486	166.4158
93.772614	94.404	166.0471
94.452133	94.320	166.1602
95.136566	94.271	166.4971
95.825966	94.251	166.7050
96.520363	94.242	166.8483
97.219788	94.248	166.9427
97.924286	94.251	166.6855
98.633881	94.210	166.2147
99.348625	94.137	166.2141
100.068542	94.103	166.7727
100.793686	94.131	167.1633
101.524078	94.179	167.0911
102.259766	94.219	166.8445
103.000778	94.245	166.3744
103.747162	94.226	165.5475
104.498962	94.141	164.8630
105.256203	94.034	164.7520
106.018929	93.947	164.7867
106.787186	93.861	164.6704
107.561012	93.776	164.8357
108.340446	93.733	165.2394
109.125526	93.725	165.2916
109.916290	93.713	165.0454
110.712791	93.689	164.8302
111.515060	93.661	164.6052
112.323143	93.624	164.3914
113.137085	93.587	164.2972
113.956924	93.557	164.2510
114.782700	93.536	164.1870
115.614464	93.520	164.0714
116.452255	93.503	163.8657
117.296112	93.477	163.5505
118.146095	93.433	163.1545
119.002228	93.372	162.8969
119.864563	93.318	162.8682
120.733154	93.280	162.7900
121.608040	93.244	162.5771
122.489258	93.205	162.4148
123.376869	93.170	162.3123
124.270905	93.140	162.2164
125.171425	93.114	162.1091
126.078468	93.086	161.9496
126.992081	93.051	161.8020
127.912323	93.011	161.6987
128.839233	92.967	161.6074
129.772842	92.923	161.6017
130.713242	92.885	161.5957
131.660431	92.849	161.5010
132.614502	92.814	161.4934
133.575485	92.791	161.4998
134.543427	92.774	161.4199
135.518387	92.758	161.3191
136.500412	92.734	161.1208
137.489548	92.698	160.9858
138.485855	92.657	160.8909
139.489380	92.608	160.7532
140.500168	92.556	160.7666
141.518295	92.511	160.7214
142.543793	92.461	160.6030
143.576721	92.416	160.7073
144.617142	92.391	160.8187
145.665100	92.371	160.7231
146.720642	92.342	160.6162
147.783844	92.306	160.5503
148.854752	92.262	160.4658
149.933411	92.218	160.5203
151.019897	92.189	160.6781
152.114243	92.170	160.5803
153.216522	92.132	160.2839
154.326797	92.081	160.2380
155.445114	92.043	160.3645
156.571533	92.014	160.3059
157.706116	91.979	160.2520
158.848923	91.948	160.3678
160.000000	91.925	160.4128
161.159424	91.894	160.3167
162.327255	91.852	160.2771
163.503540	91.815	160.4451
164.688354	91.798	160.5833
165.881760	91.781	160.3621
167.083801	91.735	159.9706
168.294571	91.662	159.8531
169.514099	91.600	160.2419
170.742462	91.579	160.7899
171.979736	91.571	160.7800
173.225967	91.514	160.2344
174.481232	91.390	159.8699
175.745605	91.248	160.1110
177.019119	91.146	160.7139
178.301880	91.104	161.2026
179.593933	91.105	161.4020
180.895340	91.128	161.3583
182.206177	91.155	161.1874
183.526520	91.181	161.0637
184.856430	91.202	160.9680
186.195984	91.197	160.7719
187.545227	91.159	160.8782
188.904266	91.107	161.2698
190.273132	91.050	161.6786
191.651932	91.006	162.2598
193.040726	90.993	162.6111
194.439575	90.982	162.2578
195.848572	90.962	162.0884
197.267761	90.965	162.1024
198.697250	90.977	161.8022
200.137085	90.978	161.7307
201.587372	90.981	162.0608
203.048157	90.993	162.5021
204.519531	90.991	162.6785
206.001556	90.951	162.6283
207.494324	90.888	162.7104
208.997925	90.832	162.5894
210.512405	90.785	162.2195
212.037857	90.746	161.8577
213.574371	90.714	161.7185
215.122025	90.681	161.7223
216.680893	90.646	161.9226
218.251053	90.617	162.1589
219.832581	90.604	162.3201
221.425583	90.598	162.1686
223.030121	90.578	161.9983
224.646286	90.542	162.0118
226.274170	90.495	162.1768
227.913849	90.450	162.3333
229.565399	90.408	162.2290
231.228928	90.367	162.1226
232.904510	90.328	162.1189
234.592224	90.291	162.2830
236.292191	90.258	162.5471
238.004456	90.229	162.6045
239.729126	90.196	162.4766
241.466309	90.164	162.4506
243.216080	90.138	162.5510
244.978516	90.106	162.7134
246.753738	90.064	162.9526
248.541809	90.022	163.1774
250.342850	89.988	163.2362
252.156937	89.961	163.1882
253.984161	89.936	163.2008
255.824646	89.909	163.3539
257.678467	89.879	163.5872
259.545685	89.850	163.7039
261.426483	89.818	163.6606
263.320862	89.786	163.6503
265.229004	89.759	163.8132
267.150970	89.738	164.0571
269.086853	89.716	164.2786
271.036774	89.691	164.4188
273.000824	89.666	164.5271
274.979095	89.643	164.6304
276.971710	89.623	164.7223
278.978760	89.606	164.8105
281.000336	89.588	164.8617
283.036591	89.564	164.9155
285.087585	89.532	165.0769
287.153442	89.493	165.3372
289.234283	89.454	165.5334
291.330200	89.413	165.5939
293.441284	89.375	165.7288
295.567688	89.345	165.9365
297.709503	89.321	166.0277
299.866821	89.296	166.0350
302.039795	89.272	166.1094
304.228485	89.250	166.2603
306.433044	89.224	166.5476
308.653595	89.198	166.8403
310.890228	89.174	166.9191
313.143066	89.154	167.0039
315.412231	89.138	167.1614
317.697845	89.120	167.3922
320.000000	89.098	167.6155
322.318848	89.072	167.6921
324.654510	89.042	167.7683
327.007080	89.012	167.9894
329.376709	88.986	168.0995
331.763519	88.960	168.2024
334.167603	88.942	168.4424
336.589142	88.930	168.5515
339.028198	88.910	168.7080
341.484924	88.884	168.8771
343.959473	88.853	169.0311
346.451935	88.828	169.2385
348.962463	88.814	169.4740
351.491211	88.806	169.7100
354.038239	88.789	169.7830
356.603760	88.759	169.8484
359.187866	88.726	170.0090
361.790680	88.699	170.1975
364.412354	88.678	170.3724
367.053040	88.659	170.5835
369.712860	88.637	170.8123
372.391968	88.614	170.9974
375.090454	88.594	171.1230
377.808533	88.579	171.2402
380.546265	88.566	171.4001
383.303864	88.549	171.6331
386.081451	88.527	171.8535
388.879150	88.505	171.9962
391.697144	88.488	172.0920
394.535522	88.474	172.2478
397.394501	88.457	172.5255
400.274170	88.432	172.7981
403.174744	88.401	173.0013
406.096313	88.365	173.1550
409.039062	88.334	173.3672
412.003113	88.319	173.6057
414.988647	88.319	173.8416
417.995850	88.318	174.0513
421.024811	88.306	174.2754
424.075714	88.290	174.4523
427.148743	88.274	174.5750
430.244049	88.258	174.7610
433.361786	88.241	175.0441
436.502106	88.224	175.3513
439.665161	88.210	175.5813
442.851166	88.196	175.7720
446.060242	88.181	175.9636
449.292572	88.163	176.1567
452.548340	88.144	176.3843
455.827698	88.128	176.5992
459.130798	88.114	176.7820
462.457855	88.101	177.0200
465.809021	88.086	177.3181
469.184448	88.070	177.5850
472.584381	88.055	177.8191
476.008911	88.040	178.0701
479.458252	88.027	178.2904
482.932617	88.015	178.4766
486.432159	88.007	178.7202
489.957031	88.000	178.9963
493.507477	87.990	179.2583
497.083618	87.975	179.5009
500.685699	87.959	179.7188
504.313873	87.946	179.9241
507.968323	87.939	-179.8519
511.649292	87.934	-179.5902
515.356934	87.925	-179.3137
519.091370	87.910	-179.0344
522.852966	87.896	-178.7606
526.641724	87.885	-178.5397
530.458008	87.872	-178.2998
534.301941	87.861	-178.0535
538.173706	87.854	-177.8176
542.073547	87.850	-177.5408
546.001648	87.844	-177.2314
549.958191	87.836	-176.9358
553.943420	87.825	-176.6748
557.957520	87.809	-176.4290
562.000671	87.794	-176.1575
566.073181	87.786	-175.8569
570.175171	87.782	-175.5602
574.306885	87.778	-175.2910
578.468567	87.773	-175.0630
582.660400	87.767	-174.8074
586.882568	87.765	-174.5095
591.135376	87.765	-174.2039
595.419006	87.761	-173.8816
599.733643	87.755	-173.5317
604.079590	87.750	-173.2297
608.456970	87.749	-172.9670
612.866089	87.749	-172.7000
617.307190	87.744	-172.3672
621.780457	87.736	-172.0989
626.286133	87.727	-171.8177
630.824463	87.720	-171.4900
635.395691	87.718	-171.1912
640.000000	87.719	-170.8555
644.637695	87.721	-170.5131
649.309021	87.723	-170.2246
654.014160	87.721	-169.9482
658.753418	87.716	-169.6602
663.527039	87.716	-169.3234
668.335205	87.720	-168.9805
673.178284	87.723	-168.6619
678.056396	87.722	-168.3210
682.969849	87.718	-167.9338
687.918945	87.716	-167.5789
692.903870	87.716	-167.2822
697.924927	87.717	-167.0055
702.982422	87.719	-166.6680
708.076477	87.721	-166.2681
713.207520	87.729	-165.8403
718.375732	87.739	-165.4521
723.581360	87.745	-165.0736
728.824707	87.749	-164.7205
734.106079	87.754	-164.3584
739.425720	87.760	-163.9670
744.783936	87.771	-163.6094
750.180908	87.787	-163.2632
755.617065	87.797	-162.8419
761.092529	87.799	-162.4429
766.607727	87.801	-162.0911
772.162903	87.808	-161.7371
777.758301	87.816	-161.3093
783.394287	87.825	-160.8553
789.071045	87.839	-160.4955
794.789001	87.855	-160.1166
800.548340	87.870	-159.6665
806.349487	87.888	-159.1847
812.192627	87.907	-158.6951
818.078125	87.928	-158.2590
824.006226	87.953	-157.8574
829.977295	87.978	-157.4253
835.991699	88.003	-157.0355
842.049622	88.029	-156.7395
848.151428	88.056	-156.3806
854.297485	88.082	-155.9283
860.488098	88.105	-155.4318
866.723572	88.127	-154.8660
873.004211	88.152	-154.3265
879.330322	88.179	-153.8733
885.702332	88.209	-153.4829
892.120483	88.246	-153.1704
898.585144	88.285	-152.8014
905.096680	88.322	-152.4000
911.655396	88.356	-151.9116
918.261597	88.390	-151.3756
924.915710	88.426	-150.9576
931.618042	88.464	-150.5638
938.368896	88.509	-150.2058
945.168762	88.554	-149.8308
952.017822	88.589	-149.4021
958.916504	88.607	-148.9579
965.865234	88.620	-148.5123
972.864319	88.644	-148.0743
979.914062	88.689	-147.6750
987.014954	88.748	-147.2852
994.167236	88.813	-146.9246
1001.371399	88.882	-146.5925
1008.627747	88.952	-146.2739
1015.936646	89.019	-145.9304
1023.298584	89.083	-145.5601
1030.713867	89.144	-145.1482
1038.182739	89.202	-144.8018
1045.705933	89.259	-144.5193
1053.283447	89.316	-144.2280
1060.916016	89.374	-143.9150
1068.603882	89.433	-143.5931
1076.347412	89.493	-143.2864
1084.147095	89.551	-143.0122
1092.003296	89.605	-142.7075
1099.916382	89.660	-142.4146
1107.886841	89.720	-142.2014
1115.915039	89.783	-141.9933
1124.001343	89.847	-141.7635
1132.146362	89.908	-141.5403
1140.350342	89.965	-141.3113
1148.613770	90.018	-141.0782
1156.937134	90.068	-140.8682
1165.320801	90.120	-140.7124
1173.765137	90.177	-140.5879
1182.270752	90.236	-140.4248
1190.838013	90.291	-140.2292
1199.467285	90.344	-140.0366
1208.159180	90.397	-139.8490
1216.913940	90.450	-139.6859
1225.732178	90.504	-139.5656
1234.614380	90.560	-139.4572
1243.560913	90.617	-139.3378
1252.572266	90.674	-139.2271
1261.648926	90.730	-139.0914
1270.791382	90.784	-138.9753
1280.000000	90.835	-138.8752
1289.275391	90.888	-138.7385
1298.618042	90.946	-138.5989
1308.028320	91.005	-138.5090
1317.506836	91.064	-138.4304
1327.054077	91.120	-138.3206
1336.670410	91.175	-138.2043
1346.356567	91.230	-138.1161
1356.112793	91.286	-138.0060
1365.939697	91.341	-137.8909
1375.837891	91.395	-137.7834
1385.807739	91.451	-137.6660
1395.849854	91.507	-137.5349
1405.964844	91.563	-137.4102
1416.152954	91.618	-137.3171
1426.415039	91.675	-137.2178
1436.751465	91.731	-137.0923
1447.162720	91.784	-136.9612
1457.649414	91.837	-136.8467
1468.212158	91.893	-136.7150
1478.851440	91.949	-136.5815
1489.567871	92.007	-136.4579
1500.361816	92.064	-136.3420
1511.234131	92.123	-136.2473
1522.185059	92.185	-136.1626
1533.215454	92.247	-136.0588
1544.325806	92.305	-135.9452
1555.516602	92.361	-135.8400
1566.788574	92.417	-135.7231
1578.142090	92.476	-135.5701
1589.578003	92.536	-135.4460
1601.096680	92.596	-135.3335
1612.698975	92.658	-135.2103
1624.385254	92.721	-135.0864
1636.156250	92.783	-134.9910
1648.012451	92.845	-134.9016
1659.954590	92.909	-134.7949
1671.983398	92.976	-134.6748
1684.099243	93.043	-134.5229
1696.302856	93.109	-134.4073
1708.594971	93.174	-134.3235
1720.976196	93.240	-134.2317
1733.447144	93.309	-134.1407
1746.008423	93.381	-134.0391
1758.660645	93.455	-133.9369
1771.404663	93.530	-133.8419
1784.240967	93.603	-133.7744
1797.170288	93.674	-133.6929
1810.193359	93.748	-133.5977
1823.310791	93.822	-133.5347
1836.523193	93.896	-133.4822
1849.831421	93.970	-133.4093
1863.236084	94.045	-133.3428
1876.737793	94.123	-133.2798
1890.337524	94.202	-133.2343
1904.035645	94.282	-133.1809
1917.833008	94.361	-133.1094
1931.730469	94.440	-133.0708
1945.728638	94.519	-133.0449
1959.828125	94.599	-133.0000
1974.029907	94.682	-132.9614
1988.334473	94.765	-132.9229
2002.742798	94.850	-132.9023
2017.255493	94.939	-132.8909
2031.873291	95.031	-132.8511
2046.597168	95.125	-132.8271
2061.427734	95.221	-132.8330
2076.365479	95.321	-132.8694
2091.411865	95.423	-132.9343
2106.566895	95.523	-133.0222
2121.832031	95.622	-133.1533
2137.207764	95.721	-133.3115
2152.694824	95.818	-133.4807
2168.294189	95.915	-133.6672
2184.006592	96.011	-133.8716
2199.832764	96.104	-134.0557
2215.773682	96.196	-134.2482
2231.830078	96.287	-134.4857
2248.002686	96.379	-134.7319
2264.292725	96.471	-134.9688
2280.700684	96.562	-135.2200
2297.227539	96.653	-135.4795
2313.874268	96.742	-135.7468
2330.641602	96.830	-136.0347
2347.530273	96.918	-136.3315
2364.541504	97.011	-136.6460
2381.676025	97.105	-136.9908
2398.934570	97.196	-137.3425
2416.318359	97.283	-137.7036
2433.827881	97.368	-138.0693
2451.464355	97.452	-138.4518
2469.228760	97.536	-138.8430
2487.121826	97.621	-139.2427
2505.144531	97.705	-139.6943
2523.297852	97.786	-140.1768
2541.582764	97.863	-140.6310
2560.000000	97.936	-141.0872
2578.550781	98.009	-141.5986
2597.236084	98.080	-142.1309
2616.056641	98.150	-142.6638
2635.013672	98.218	-143.2188
2654.108154	98.282	-143.7935
2673.340820	98.342	-144.3745
2692.713135	98.399	-144.9440
2712.225586	98.452	-145.5244
2731.879395	98.503	-146.1267
2751.675781	98.553	-146.7302
2771.615479	98.601	-147.3501
2791.699707	98.646	-147.9795
2811.929688	98.683	-148.6260
2832.305908	98.712	-149.2827
2852.830078	98.735	-149.9204
2873.502930	98.756	-150.5551
2894.325439	98.777	-151.2227
2915.298828	98.798	-151.8848
2936.424316	98.817	-152.5253
2957.702881	98.831	-153.1604
2979.135742	98.839	-153.8069
3000.723633	98.841	-154.4453
3022.468262	98.837	-155.0559
3044.370117	98.829	-155.6477
3066.430908	98.819	-156.2458
3088.651611	98.810	-156.8329
3111.033203	98.797	-157.3999
3133.577148	98.782	-157.9458
3156.284180	98.766	-158.4661
3179.156006	98.751	-158.9622
3202.193359	98.739	-159.4270
3225.397949	98.729	-159.8588
3248.770508	98.725	-160.2468
3272.312500	98.729	-160.6089
3296.024902	98.739	-160.9631
3319.909180	98.751	-161.2996
3343.966797	98.762	-161.6399
3368.198486	98.771	-162.0139
3392.605713	98.779	-162.4377
3417.189941	98.786	-162.9207
3441.952393	98.791	-163.4432
3466.894287	98.789	-164.0027
3492.016846	98.776	-164.5944
3517.321289	98.752	-165.1829
3542.809326	98.718	-165.7516
3568.481934	98.675	-166.2969
3594.340576	98.626	-166.8235
3620.386719	98.576	-167.3369
3646.621582	98.529	-167.8274
3673.046387	98.487	-168.3116
3699.662842	98.447	-168.7781
3726.472168	98.406	-169.1956
3753.475586	98.366	-169.5881
3780.675049	98.331	-169.9861
3808.071289	98.299	-170.3746
3835.666016	98.269	-170.7483
3863.460938	98.238	-171.1075
3891.457275	98.204	-171.4475
3919.656250	98.169	-171.7634
3948.059814	98.133	-172.0476
3976.668945	98.095	-172.3374
4005.485596	98.047	-172.6082
4034.510986	97.989	-172.8308
4063.746582	97.925	-173.0518
4093.194336	97.862	-173.3047
4122.855469	97.794	-173.5701
4152.730957	97.721	-173.8322
4182.823730	97.645	-174.1030
4213.133789	97.566	-174.3867
4243.664062	97.485	-174.6726
4274.415527	97.404	-174.9636
4305.389648	97.325	-175.2695
4336.588379	97.246	-175.5974
4368.013184	97.167	-175.9285
4399.665527	97.085	-176.2496
4431.547363	97.000	-176.5813
4463.660156	96.911	-176.9136
4496.005371	96.819	-177.2322
4528.585449	96.723	-177.5283
4561.401367	96.628	-177.7974
4594.455078	96.534	-178.0493
4627.748535	96.440	-178.2761
4661.283203	96.344	-178.4592
4695.060547	96.246	-178.5942
4729.083008	96.149	-178.7118
4763.352051	96.052	-178.8333
4797.869141	95.955	-178.9453
4832.636719	95.858	-179.0054
4867.655762	95.764	-179.0468
4902.928711	95.673	-179.0901
4938.457520	95.585	-179.1119
4974.243652	95.499	-179.1146
5010.289062	95.415	-179.0930
5046.595703	95.330	-179.0383
5083.165527	95.243	-178.9648
5120.000000	95.150	-178.9021
5157.101562	95.054	-178.7998
5194.472168	94.955	-178.6606
5232.113281	94.853	-178.5107
5270.027344	94.748	-178.3169
5308.216309	94.639	-178.0952
5346.681641	94.525	-177.8506
5385.426270	94.408	-177.5664
5424.451172	94.290	-177.2529
5463.758789	94.175	-176.9141
5503.351562	94.064	-176.5447
5543.230957	93.953	-176.1315
5583.399414	93.844	-175.6846
5623.859375	93.738	-175.1790
5664.611816	93.639	-174.6272
5705.660156	93.544	-174.0576
5747.005859	93.454	-173.4519
5788.650879	93.374	-172.7876
5830.597656	93.303	-172.0659
5872.848633	93.241	-171.3022
5915.405762	93.186	-170.5139
5958.271484	93.138	-169.7136
6001.447266	93.095	-168.9045
6044.936523	93.053	-168.0361
6088.740234	93.015	-167.1619
6132.861816	92.987	-166.3066
6177.303223	92.968	-165.4202
6222.066406	92.956	-164.5472
6267.154297	92.950	-163.6807
6312.568359	92.950	-162.8032
6358.312012	92.958	-161.9312
6404.386719	92.975	-161.0621
6450.795898	93.001	-160.1763
6497.541016	93.038	-159.2806
6544.625000	93.085	-158.3983
6592.049805	93.138	-157.5656
6639.818359	93.200	-156.7419
6687.933594	93.278	-155.9158
6736.396973	93.369	-155.1272
6785.211426	93.474	-154.3662
6834.379883	93.592	-153.6289
6883.904785	93.722	-152.9385
6933.788574	93.867	-152.2883
6984.033691	94.026	-151.7103
7034.642578	94.203	-151.2312
7085.618652	94.399	-150.8372
7136.963867	94.612	-150.5320
7188.681152	94.843	-150.3521
7240.773438	95.094	-150.3550
7293.243164	95.363	-150.5690
7346.092773	95.648	-151.0139
7399.325684	95.949	-151.6389
7452.944336	96.261	-152.5372
7506.951172	96.580	-153.8149
7561.350098	96.897	-155.4889
7616.142578	97.205	-157.6042
7671.332031	97.490	-160.1951
7726.921875	97.740	-163.2903
7782.914551	97.935	-166.8892
7839.312500	98.057	-170.9409
7896.119629	98.090	-175.3638
7953.337891	98.025	179.9895
8010.971191	97.856	175.2739
8069.021973	97.581	170.6633
8127.493164	97.204	166.3412
8186.388672	96.738	162.4478
8245.710938	96.204	159.0486
8305.461914	95.623	156.1707
8365.647461	95.013	153.8279
8426.267578	94.386	152.0125
8487.328125	93.756	150.6733
8548.831055	93.131	149.7668
8610.779297	92.516	149.2410
8673.176758	91.918	149.0696
8736.026367	91.342	149.1764
8799.331055	90.793	149.5352
8863.094727	90.271	150.1538
8927.320312	89.772	150.9453
8992.010742	89.296	151.8679
9057.170898	88.843	152.8989
9122.802734	88.408	154.0530
9188.910156	87.991	155.3337
9255.497070	87.590	156.7148
9322.566406	87.212	158.1716
9390.121094	86.856	159.6746
9458.166016	86.516	161.2192
9526.704102	86.191	162.8193
9595.738281	85.882	164.4711
9665.273438	85.590	166.2253
9735.311523	85.316	168.0730
9805.857422	85.062	169.9293
9876.915039	84.830	171.7961
9948.487305	84.616	173.6179
10020.578125	84.418	175.4453
10093.191406	84.238	177.3750
10166.331055	84.075	179.3379
10240.000000	83.933	-178.6992
10314.203125	83.812	-176.7256
10388.944336	83.715	-174.7740
10464.226562	83.643	-172.8457
10540.054688	83.591	-170.9119
10616.432617	83.555	-168.9561
10693.363281	83.534	-167.1040
10770.852539	83.535	-165.3894
10848.902344	83.562	-163.6467
10927.517578	83.614	-161.9897
11006.703125	83.690	-160.4130
11086.461914	83.801	-158.8763
11166.798828	83.948	-157.4590
11247.718750	84.125	-156.2019
11329.223633	84.332	-155.0978
11411.320312	84.570	-154.2350
11494.011719	84.847	-153.6443
11577.301758	85.166	-153.2998
11661.195312	85.520	-153.4742
11745.697266	85.906	-154.3430
11830.811523	86.302	-156.1169
11916.542969	86.651	-159.2834
12002.894531	86.832	-164.3793
12089.873047	86.638	-171.5718
12177.480469	85.809	-179.4570
12265.723633	84.260	177.4441
12354.606445	82.700	-170.0242
12444.132812	82.775	-146.3613
12534.308594	84.360	-136.3710
12625.136719	86.072	-136.4475
12716.624023	87.464	-140.2670
12808.773438	88.532	-145.7532
12901.591797	89.322	-152.2582
12995.082031	89.856	-159.3694
13089.250000	90.150	-166.6908
13184.099609	90.225	-173.8929
13279.636719	90.118	179.3098
13375.867188	89.871	173.2092
13472.793945	89.522	167.9735
13570.422852	89.114	163.5027
13668.759766	88.685	159.6938
13767.809570	88.263	156.5107
13867.577148	87.878	153.8982
13968.067383	87.567	151.6699
14069.285156	87.374	149.6434
14171.237305	87.294	147.7747
14273.927734	87.294	145.9709
14377.362305	87.355	144.1118
14481.546875	87.449	142.2264
14586.486328	87.554	140.1694
14692.185547	87.683	137.7463
14798.651367	87.845	134.9304
14905.888672	88.036	131.6665
15013.902344	88.238	127.8042
15122.700195	88.439	123.3208
15232.285156	88.628	118.0835
15342.664062	88.784	112.0916
15453.843750	88.865	105.2462
15565.829102	88.826	97.5388
15678.625000	88.640	89.0725
15792.239258	88.301	80.1475
15906.675781	87.800	71.0100
16021.942383	87.118	61.9083
16138.043945	86.250	53.0801
16254.986328	85.238	44.6764
16372.777344	84.145	36.7966
16491.421875	83.053	29.3442
16610.923828	82.048	22.3076
16731.294922	81.142	15.6947
16852.535156	80.294	9.3920
16974.656250	79.480	3.3016
17097.662109	78.689	-2.6376
17221.558594	77.907	-8.4568
17346.353516	77.129	-14.2212
17472.052734	76.351	-20.2233
17598.662109	75.578	-26.3369
17726.189453	74.805	-32.3799
17854.640625	74.020	-38.4978
17984.021484	73.237	-44.9451
18114.341797	72.455	-51.4614
18245.605469	71.660	-58.2183
18377.820312	70.878	-65.2991
18510.994141	70.094	-72.7273
18645.132812	69.297	-80.1466
18780.242188	68.501	-87.7064
18916.332031	67.756	-96.2593
19053.408203	67.080	-104.9053
19191.476562	66.392	-114.2997
19330.546875	65.616	-125.1772
19470.623047	64.746	-137.2266
19611.714844	63.798	-149.4487
19753.830078	62.834	-162.5405
19896.974609	61.949	-177.1013
