* Measurement data measured by REW V5.31
* Source: Headset (USB-C to 3.5mm Headphone Jack Adapter), MICROPHONE, L, volume: 0.250. Timing signal peak level -39.7 dBFS, measurement signal peak level -34.7 dBFS
* Format: 1M Log Swept Sine, 1 sweep at 0.0 dBFS using an acoustic timing reference
* Dated: 11-Apr-2024 15:51:43
* REW Settings:
*  C-weighting compensation: Off
*  Target level: 75.0 dB
* Note: ; Delay -0.0042 ms (-1.5 mm, -0.06 in) using estimated IR delay relative to Acoustic reference played from SPEAKER L with no timing offset Clock adjustment: -4.6 ppm
* Measurement: Chu2Velvet L1
* Smoothing: 1/48 octave
* Frequency Step: 1/96 octave
* Start Frequency: 20.000 Hz
*
* Freq(Hz)	SPL(dB)	Phase(degrees)
20.000000	95.138	-136.8543
20.144928	94.832	-138.5786
20.290907	94.475	-139.9662
20.437943	94.074	-140.9792
20.586044	93.639	-141.3917
20.735220	93.174	-141.1187
20.885475	92.729	-140.0523
21.036821	92.326	-137.9789
21.189262	92.021	-134.9968
21.342808	91.898	-131.4089
21.497467	91.967	-127.3375
21.653246	92.231	-123.7418
21.810154	92.690	-120.7619
21.968201	93.255	-118.8464
22.127390	93.861	-118.1694
22.287735	94.473	-118.4456
22.449242	95.024	-119.6485
22.611917	95.506	-121.5950
22.775772	95.894	-123.9129
22.940815	96.183	-126.7089
23.107054	96.370	-129.4989
23.274498	96.453	-132.3574
23.443153	96.445	-135.0052
23.613033	96.351	-137.2464
23.784142	96.196	-139.0820
23.956491	96.007	-140.2000
24.130091	95.815	-140.7042
24.304947	95.675	-140.5829
24.481071	95.604	-139.9186
24.658470	95.642	-139.2117
24.837156	95.780	-138.4951
25.017136	95.988	-138.3639
25.198421	96.241	-138.7449
25.381020	96.474	-139.8054
25.564941	96.666	-141.4629
25.750195	96.772	-143.4395
25.936790	96.782	-145.7422
26.124741	96.681	-147.8543
26.314051	96.474	-149.8151
26.504732	96.179	-151.0607
26.696796	95.826	-151.5813
26.890253	95.482	-151.0168
27.085112	95.205	-149.4660
27.281382	95.085	-147.1705
27.479073	95.142	-144.6675
27.678198	95.388	-142.6178
27.878765	95.746	-141.4778
28.080786	96.155	-141.4881
28.284271	96.529	-142.4794
28.489231	96.827	-144.3864
28.695675	97.008	-146.7122
28.903616	97.064	-149.3818
29.113064	96.991	-151.8827
29.324028	96.804	-154.0898
29.536524	96.523	-155.6409
29.750557	96.198	-156.3846
29.966141	95.872	-156.1397
30.183289	95.622	-155.0743
30.402010	95.484	-153.3716
30.622314	95.494	-151.5353
30.844217	95.624	-150.0220
31.067726	95.843	-149.0867
31.292856	96.085	-148.8938
31.519617	96.316	-149.3220
31.748020	96.500	-150.2729
31.978081	96.624	-151.4901
32.209808	96.684	-152.8893
32.443211	96.683	-154.2672
32.678310	96.629	-155.5529
32.915108	96.528	-156.6770
33.153625	96.388	-157.5474
33.393871	96.220	-158.1133
33.635857	96.034	-158.3043
33.879597	95.853	-158.0483
34.125103	95.701	-157.3567
34.372387	95.609	-156.2561
34.621464	95.605	-154.9923
34.872345	95.697	-153.8310
35.125042	95.877	-153.0281
35.379574	96.109	-152.8834
35.635948	96.350	-153.4251
35.894180	96.565	-154.6295
36.154285	96.716	-156.3678
36.416275	96.786	-158.3892
36.680161	96.765	-160.5178
36.945961	96.654	-162.5377
37.213688	96.468	-164.1728
37.483353	96.230	-165.2689
37.754974	95.972	-165.6848
38.028561	95.740	-165.3362
38.304131	95.584	-164.3752
38.581699	95.536	-163.0901
38.861279	95.605	-161.8401
39.142883	95.768	-161.0176
39.426529	95.971	-160.8436
39.712231	96.165	-161.2507
40.000000	96.314	-162.0685
40.289856	96.401	-163.0580
40.581814	96.436	-163.9463
40.875885	96.444	-164.6221
41.172089	96.451	-165.1346
41.470440	96.465	-165.6062
41.770950	96.480	-166.1861
42.073643	96.470	-166.9329
42.378525	96.410	-167.6864
42.685616	96.303	-168.1933
42.994934	96.178	-168.2600
43.306492	96.085	-167.8667
43.620308	96.066	-167.2611
43.936401	96.128	-166.9122
44.254780	96.225	-167.2046
44.575470	96.290	-168.1284
44.898483	96.277	-169.3577
45.223835	96.184	-170.4536
45.551544	96.053	-171.0727
45.881630	95.949	-171.1663
46.214108	95.923	-171.0686
46.548996	95.972	-171.3004
46.886307	96.034	-172.1669
47.226067	96.040	-173.5120
47.568283	95.960	-174.8289
47.912983	95.823	-175.5854
48.260181	95.708	-175.5541
48.609894	95.691	-175.0200
48.962143	95.790	-174.6351
49.316940	95.950	-174.9340
49.674313	96.083	-175.9640
50.034271	96.130	-177.3241
50.396843	96.083	-178.4436
50.762039	95.992	-178.8855
51.129883	95.930	-178.5850
51.500389	95.953	-177.9059
51.873581	96.064	-177.4101
52.249481	96.215	-177.4936
52.628101	96.343	-178.2018
53.009464	96.400	-179.2955
53.393593	96.369	179.5965
53.780506	96.262	178.8456
54.170223	96.117	178.7111
54.562763	95.990	179.2275
54.958145	95.924	-179.8432
55.356396	95.935	-178.8902
55.757530	95.998	-178.2112
56.161572	96.080	-177.8533
56.568542	96.161	-177.6886
56.978462	96.244	-177.6206
57.391350	96.333	-177.6951
57.807232	96.417	-178.0035
58.226128	96.475	-178.5081
58.648056	96.498	-179.0261
59.073048	96.503	-179.4079
59.501114	96.511	-179.7120
59.932281	96.522	179.8473
60.366577	96.509	179.1910
60.804020	96.450	178.5391
61.244629	96.366	178.2012
61.688435	96.307	178.2070
62.135452	96.308	178.1442
62.585712	96.343	177.4931
63.039234	96.346	176.0818
63.496040	96.258	174.1196
63.956161	96.047	172.0226
64.419617	95.711	170.3591
64.886421	95.299	169.8640
65.356621	94.943	171.0874
65.830215	94.823	173.4324
66.307251	94.978	174.9085
66.787743	95.224	174.2131
67.271713	95.337	172.0276
67.759193	95.267	170.1451
68.250206	95.152	169.6971
68.744774	95.153	170.0795
69.242928	95.255	169.8176
69.744690	95.314	168.7501
70.250084	95.286	167.9960
70.759148	95.271	168.1485
71.271896	95.344	168.3190
71.788361	95.414	167.5047
72.308571	95.353	166.2202
72.832550	95.176	165.7566
73.360321	95.025	166.4933
73.891922	94.983	167.4328
74.427376	94.995	167.6670
74.966705	94.990	167.3877
75.509949	94.962	166.9912
76.057121	94.915	166.4538
76.608261	94.834	165.9274
77.163399	94.746	165.9521
77.722557	94.739	166.5283
78.285767	94.840	166.6716
78.853058	94.936	165.6975
79.424461	94.921	164.3157
80.000000	94.818	163.7760
80.579712	94.743	164.2656
81.163628	94.750	164.8038
81.751770	94.773	164.7501
82.344177	94.753	164.5915
82.940880	94.731	164.9784
83.541901	94.776	165.4138
84.147285	94.848	164.7488
84.757050	94.805	162.8985
85.371231	94.578	161.2274
85.989868	94.276	161.3130
86.612984	94.113	162.8545
87.240616	94.140	163.8183
87.872803	94.211	163.4297
88.509560	94.240	163.0337
89.150940	94.307	163.2610
89.796967	94.438	163.0415
90.447670	94.522	161.9462
91.103088	94.518	161.3074
91.763260	94.539	161.5431
92.428215	94.607	161.2290
93.097992	94.595	159.9218
93.772614	94.452	159.0034
94.452133	94.285	159.0546
95.136566	94.150	159.1860
95.825966	94.031	159.4450
96.520363	93.990	160.2271
97.219788	94.056	160.3222
97.924286	94.099	159.1769
98.633881	94.074	158.5656
99.348625	94.135	159.1827
100.068542	94.305	158.7709
100.793686	94.363	156.7312
101.524078	94.231	155.6629
102.259766	94.105	156.8787
103.000778	94.105	158.0928
103.747162	94.088	158.0152
104.498962	93.962	158.1083
105.256203	93.817	159.1860
106.018929	93.720	160.0760
106.787186	93.617	160.0046
107.561012	93.457	159.5181
108.340446	93.270	159.2551
109.125526	93.127	159.2209
109.916290	93.070	159.1382
110.712791	93.101	158.7285
111.515060	93.175	157.7769
112.323143	93.234	156.7141
113.137085	93.279	156.1385
113.956924	93.321	155.8478
114.782700	93.337	155.7557
115.614464	93.328	156.0765
116.452255	93.303	156.4288
117.296112	93.242	156.7630
118.146095	93.170	157.2945
119.002228	93.110	157.6146
119.864563	93.055	157.5338
120.733154	92.996	157.0264
121.608040	92.909	156.0545
122.489258	92.778	155.0748
123.376869	92.631	154.5407
124.270905	92.512	154.5631
125.171425	92.456	154.8338
126.078468	92.456	155.1006
126.992081	92.502	155.3058
127.912323	92.563	155.1086
128.839233	92.601	154.7994
129.772842	92.623	154.6308
130.713242	92.626	154.4314
131.660431	92.612	154.4769
132.614502	92.589	154.4015
133.575485	92.524	154.1863
134.543427	92.439	154.4569
135.518387	92.373	154.6626
136.500412	92.296	154.3937
137.489548	92.215	154.4988
138.485855	92.183	154.6591
139.489380	92.151	153.8471
140.500168	92.078	153.4579
141.518295	92.050	153.8534
142.543793	92.071	153.7737
143.576721	92.077	153.3957
144.617142	92.055	153.2754
145.665100	92.018	153.3305
146.720642	91.981	153.7028
147.783844	91.982	154.3407
148.854752	91.988	153.9113
149.933411	91.896	152.6982
151.019897	91.726	152.4016
152.114243	91.630	153.5470
153.216522	91.671	154.0591
154.326797	91.697	152.7493
155.445114	91.612	151.7975
156.571533	91.538	152.6959
157.706116	91.588	153.8600
158.848923	91.672	153.3703
160.000000	91.636	151.8879
161.159424	91.479	151.2923
162.327255	91.338	152.0752
163.503540	91.319	153.3695
164.688354	91.410	153.9766
165.881760	91.502	153.4757
167.083801	91.517	152.6348
168.294571	91.447	151.8737
169.514099	91.305	151.2733
170.742462	91.131	151.3301
171.979736	90.984	151.7259
173.225967	90.869	151.9305
174.481232	90.778	152.2557
175.745605	90.720	152.7311
177.019119	90.687	152.9296
178.301880	90.642	152.7447
179.593933	90.581	152.6373
180.895340	90.535	152.7299
182.206177	90.528	152.7458
183.526520	90.540	152.4145
184.856430	90.539	151.8716
186.195984	90.516	151.5945
187.545227	90.508	151.8359
188.904266	90.529	151.9992
190.273132	90.550	151.6797
191.651932	90.546	151.3021
193.040726	90.537	151.1606
194.439575	90.535	151.0089
195.848572	90.536	151.1801
197.267761	90.546	151.7578
198.697250	90.548	152.3475
200.137085	90.508	152.6917
201.587372	90.409	152.8364
203.048157	90.274	152.7953
204.519531	90.145	152.6698
206.001556	90.068	152.6912
207.494324	90.055	152.7982
208.997925	90.072	153.0111
210.512405	90.077	153.2618
212.037857	90.041	153.5299
213.574371	89.972	153.8655
215.122025	89.890	154.1456
216.680893	89.807	154.2830
218.251053	89.726	154.2186
219.832581	89.660	153.8055
221.425583	89.628	152.9383
223.030121	89.652	151.8986
224.646286	89.733	151.1893
226.274170	89.832	151.2545
227.913849	89.897	152.1096
229.565399	89.889	153.1323
231.228928	89.809	153.7088
232.904510	89.704	153.6189
234.592224	89.635	153.1816
236.292191	89.626	152.9002
238.004456	89.638	153.0441
239.729126	89.618	153.5478
241.466309	89.551	154.1007
243.216080	89.472	154.2784
244.978516	89.421	153.9771
246.753738	89.415	153.5272
248.541809	89.430	153.2823
250.342850	89.429	153.3377
252.156937	89.388	153.5834
253.984161	89.319	153.8875
255.824646	89.248	154.0388
257.678467	89.198	153.9678
259.545685	89.170	153.8441
261.426483	89.155	153.8178
263.320862	89.135	153.8513
265.229004	89.104	154.0052
267.150970	89.069	154.1502
269.086853	89.037	154.1819
271.036774	89.010	154.2010
273.000824	88.993	154.2781
274.979095	88.978	154.2218
276.971710	88.959	154.2430
278.978760	88.939	154.3962
281.000336	88.912	154.5396
283.036591	88.879	154.7847
285.087585	88.848	154.8664
287.153442	88.818	154.8174
289.234283	88.790	154.8065
291.330200	88.765	154.9280
293.441284	88.742	155.0089
295.567688	88.715	155.0422
297.709503	88.688	155.0957
299.866821	88.662	155.2242
302.039795	88.640	155.4043
304.228485	88.617	155.4591
306.433044	88.590	155.4613
308.653595	88.560	155.5172
310.890228	88.532	155.6267
313.143066	88.506	155.7552
315.412231	88.482	155.8545
317.697845	88.455	155.9768
320.000000	88.425	156.1029
322.318848	88.394	156.1558
324.654510	88.367	156.1725
327.007080	88.348	156.3044
329.376709	88.332	156.5283
331.763519	88.313	156.7435
334.167603	88.291	156.8568
336.589142	88.272	156.8376
339.028198	88.253	156.8116
341.484924	88.230	156.8828
343.959473	88.202	157.0089
346.451935	88.171	157.1133
348.962463	88.140	157.2115
351.491211	88.112	157.3713
354.038239	88.088	157.5103
356.603760	88.069	157.5600
359.187866	88.050	157.6298
361.790680	88.029	157.7484
364.412354	88.002	157.8707
367.053040	87.971	158.0283
369.712860	87.945	158.1862
372.391968	87.924	158.2808
375.090454	87.901	158.3972
377.808533	87.877	158.5626
380.546265	87.850	158.6740
383.303864	87.823	158.7737
386.081451	87.801	158.9017
388.879150	87.784	159.0266
391.697144	87.768	159.1312
394.535522	87.751	159.2007
397.394501	87.730	159.2748
400.274170	87.705	159.3752
403.174744	87.684	159.5237
406.096313	87.667	159.7184
409.039062	87.649	159.8683
412.003113	87.625	159.9645
414.988647	87.600	160.1461
417.995850	87.577	160.3801
421.024811	87.558	160.5338
424.075714	87.541	160.6168
427.148743	87.523	160.7560
430.244049	87.505	160.9312
433.361786	87.488	161.0844
436.502106	87.472	161.2400
439.665161	87.455	161.3739
442.851166	87.439	161.4935
446.060242	87.423	161.6111
449.292572	87.403	161.7762
452.548340	87.384	161.9554
455.827698	87.367	162.1347
459.130798	87.351	162.2922
462.457855	87.334	162.3618
465.809021	87.314	162.4554
469.184448	87.297	162.6676
472.584381	87.281	162.8889
476.008911	87.264	163.0745
479.458252	87.251	163.2446
482.932617	87.242	163.3877
486.432159	87.230	163.4787
489.957031	87.213	163.6245
493.507477	87.197	163.8490
497.083618	87.181	163.9952
500.685699	87.167	164.1136
504.313873	87.154	164.2778
507.968323	87.141	164.4091
511.649292	87.126	164.5162
515.356934	87.111	164.7158
519.091370	87.097	164.9330
522.852966	87.086	165.1205
526.641724	87.074	165.3120
530.458008	87.063	165.5021
534.301941	87.053	165.6682
538.173706	87.045	165.8173
542.073547	87.039	166.0294
546.001648	87.034	166.2502
549.958191	87.025	166.3553
553.943420	87.008	166.4954
557.957520	86.989	166.7261
562.000671	86.977	166.9517
566.073181	86.973	167.1088
570.175171	86.969	167.2747
574.306885	86.964	167.4691
578.468567	86.956	167.7015
582.660400	86.946	167.9237
586.882568	86.937	168.1133
591.135376	86.929	168.2767
595.419006	86.923	168.4845
599.733643	86.920	168.7122
604.079590	86.918	168.9628
608.456970	86.913	169.1949
612.866089	86.905	169.3378
617.307190	86.897	169.5081
621.780457	86.893	169.7116
626.286133	86.891	169.9180
630.824463	86.885	170.1714
635.395691	86.880	170.4021
640.000000	86.876	170.5854
644.637695	86.873	170.7532
649.309021	86.872	170.9492
654.014160	86.875	171.1773
658.753418	86.876	171.4048
663.527039	86.873	171.6768
668.335205	86.866	171.9812
673.178284	86.863	172.2397
678.056396	86.869	172.4671
682.969849	86.877	172.7202
687.918945	86.879	172.9794
692.903870	86.878	173.1747
697.924927	86.878	173.3738
702.982422	86.885	173.6373
708.076477	86.894	173.9194
713.207520	86.897	174.1703
718.375732	86.897	174.4112
723.581360	86.900	174.6503
728.824707	86.905	174.9021
734.106079	86.913	175.1326
739.425720	86.923	175.3271
744.783936	86.931	175.5505
750.180908	86.941	175.7913
755.617065	86.956	176.0915
761.092529	86.971	176.4236
766.607727	86.980	176.7200
772.162903	86.989	177.0500
777.758301	87.000	177.3238
783.394287	87.013	177.5425
789.071045	87.026	177.8049
794.789001	87.044	178.0778
800.548340	87.064	178.3674
806.349487	87.085	178.6760
812.192627	87.105	178.9958
818.078125	87.125	179.2678
824.006226	87.147	179.5002
829.977295	87.170	179.7375
835.991699	87.190	179.9738
842.049622	87.208	-179.8178
848.151428	87.230	-179.4965
854.297485	87.252	-179.1637
860.488098	87.275	-178.8914
866.723572	87.300	-178.5976
873.004211	87.327	-178.2676
879.330322	87.357	-177.9417
885.702332	87.385	-177.6583
892.120483	87.412	-177.3615
898.585144	87.445	-177.0935
905.096680	87.483	-176.8332
911.655396	87.520	-176.5962
918.261597	87.555	-176.3001
924.915710	87.589	-176.0060
931.618042	87.628	-175.7148
938.368896	87.668	-175.4314
945.168762	87.701	-175.2033
952.017822	87.728	-174.9486
958.916504	87.751	-174.6876
965.865234	87.772	-174.4832
972.864319	87.797	-174.2600
979.914062	87.834	-174.0161
987.014954	87.884	-173.7748
994.167236	87.943	-173.5267
1001.371399	88.007	-173.2892
1008.627747	88.072	-173.1244
1015.936646	88.136	-172.9543
1023.298584	88.197	-172.7628
1030.713867	88.256	-172.5793
1038.182739	88.314	-172.3674
1045.705933	88.370	-172.1691
1053.283447	88.423	-172.0093
1060.916016	88.477	-171.8655
1068.603882	88.534	-171.7402
1076.347412	88.591	-171.5897
1084.147095	88.647	-171.4563
1092.003296	88.699	-171.3365
1099.916382	88.748	-171.2465
1107.886841	88.800	-171.2042
1115.915039	88.852	-171.1415
1124.001343	88.906	-171.0597
1132.146362	88.965	-171.0192
1140.350342	89.022	-170.9621
1148.613770	89.077	-170.9001
1156.937134	89.130	-170.8433
1165.320801	89.182	-170.8001
1173.765137	89.234	-170.7728
1182.270752	89.285	-170.7617
1190.838013	89.337	-170.7832
1199.467285	89.388	-170.8169
1208.159180	89.438	-170.8277
1216.913940	89.489	-170.8121
1225.732178	89.540	-170.8363
1234.614380	89.591	-170.8609
1243.560913	89.641	-170.8577
1252.572266	89.694	-170.8968
1261.648926	89.751	-170.9432
1270.791382	89.807	-171.0004
1280.000000	89.862	-171.0481
1289.275391	89.914	-171.0854
1298.618042	89.963	-171.1454
1308.028320	90.010	-171.1957
1317.506836	90.062	-171.2527
1327.054077	90.117	-171.3392
1336.670410	90.173	-171.4016
1346.356567	90.227	-171.4539
1356.112793	90.283	-171.5242
1365.939697	90.340	-171.6018
1375.837891	90.397	-171.6609
1385.807739	90.452	-171.7078
1395.849854	90.505	-171.7459
1405.964844	90.558	-171.7881
1416.152954	90.611	-171.8784
1426.415039	90.665	-171.9467
1436.751465	90.721	-171.9884
1447.162720	90.776	-172.0418
1457.649414	90.829	-172.1107
1468.212158	90.883	-172.1767
1478.851440	90.943	-172.2564
1489.567871	91.003	-172.3403
1500.361816	91.060	-172.4060
1511.234131	91.116	-172.4641
1522.185059	91.173	-172.5149
1533.215454	91.230	-172.5717
1544.325806	91.289	-172.6408
1555.516602	91.349	-172.7410
1566.788574	91.410	-172.8184
1578.142090	91.474	-172.8880
1589.578003	91.538	-172.9815
1601.096680	91.602	-173.0844
1612.698975	91.666	-173.1468
1624.385254	91.729	-173.1818
1636.156250	91.796	-173.2886
1648.012451	91.864	-173.4322
1659.954590	91.930	-173.5418
1671.983398	91.992	-173.6071
1684.099243	92.053	-173.6681
1696.302856	92.120	-173.7776
1708.594971	92.194	-173.9200
1720.976196	92.269	-174.0603
1733.447144	92.343	-174.1872
1746.008423	92.413	-174.3318
1758.660645	92.482	-174.4583
1771.404663	92.552	-174.5578
1784.240967	92.625	-174.6796
1797.170288	92.700	-174.8250
1810.193359	92.776	-174.9799
1823.310791	92.851	-175.1417
1836.523193	92.928	-175.3069
1849.831421	93.007	-175.4725
1863.236084	93.088	-175.6366
1876.737793	93.170	-175.8168
1890.337524	93.252	-176.0129
1904.035645	93.336	-176.1969
1917.833008	93.420	-176.3845
1931.730469	93.503	-176.5598
1945.728638	93.586	-176.7485
1959.828125	93.672	-176.9668
1974.029907	93.760	-177.1835
1988.334473	93.848	-177.4082
2002.742798	93.935	-177.6566
2017.255493	94.022	-177.9352
2031.873291	94.113	-178.1859
2046.597168	94.202	-178.4437
2061.427734	94.293	-178.7128
2076.365479	94.386	-178.9980
2091.411865	94.481	-179.3020
2106.566895	94.575	-179.6157
2121.832031	94.670	-179.9566
2137.207764	94.768	179.7011
2152.694824	94.867	179.3373
2168.294189	94.966	178.9497
2184.006592	95.064	178.5372
2199.832764	95.162	178.1270
2215.773682	95.256	177.7278
2231.830078	95.351	177.2919
2248.002686	95.449	176.8384
2264.292725	95.550	176.3785
2280.700684	95.651	175.9081
2297.227539	95.751	175.4351
2313.874268	95.851	174.9427
2330.641602	95.948	174.4142
2347.530273	96.044	173.8591
2364.541504	96.141	173.3124
2381.676025	96.239	172.7431
2398.934570	96.336	172.1631
2416.318359	96.434	171.5811
2433.827881	96.531	170.9743
2451.464355	96.628	170.3286
2469.228760	96.722	169.6700
2487.121826	96.817	169.0082
2505.144531	96.911	168.3163
2523.297852	97.004	167.5885
2541.582764	97.094	166.8417
2560.000000	97.182	166.0774
2578.550781	97.267	165.2914
2597.236084	97.351	164.5028
2616.056641	97.434	163.6945
2635.013672	97.518	162.8480
2654.108154	97.599	161.9668
2673.340820	97.677	161.0914
2692.713135	97.749	160.2223
2712.225586	97.818	159.3111
2731.879395	97.884	158.3700
2751.675781	97.948	157.4434
2771.615479	98.010	156.5062
2791.699707	98.069	155.5499
2811.929688	98.125	154.5692
2832.305908	98.176	153.5803
2852.830078	98.222	152.5793
2873.502930	98.265	151.5699
2894.325439	98.304	150.5598
2915.298828	98.338	149.5597
2936.424316	98.369	148.5580
2957.702881	98.397	147.5383
2979.135742	98.421	146.5030
3000.723633	98.439	145.4694
3022.468262	98.453	144.4580
3044.370117	98.463	143.4510
3066.430908	98.470	142.4410
3088.651611	98.474	141.4396
3111.033203	98.477	140.4637
3133.577148	98.478	139.5067
3156.284180	98.479	138.5549
3179.156006	98.481	137.6143
3202.193359	98.483	136.6970
3225.397949	98.485	135.8091
3248.770508	98.490	134.9519
3272.312500	98.500	134.1178
3296.024902	98.515	133.2996
3319.909180	98.533	132.4743
3343.966797	98.552	131.6371
3368.198486	98.567	130.7869
3392.605713	98.581	129.9023
3417.189941	98.592	128.9965
3441.952393	98.598	128.0741
3466.894287	98.594	127.1088
3492.016846	98.579	126.1082
3517.321289	98.556	125.1066
3542.809326	98.527	124.1170
3568.481934	98.493	123.1322
3594.340576	98.457	122.1533
3620.386719	98.418	121.2094
3646.621582	98.378	120.2798
3673.046387	98.339	119.3461
3699.662842	98.298	118.4534
3726.472168	98.257	117.6176
3753.475586	98.219	116.8056
3780.675049	98.190	116.0058
3808.071289	98.167	115.2447
3835.666016	98.145	114.5146
3863.460938	98.124	113.7961
3891.457275	98.106	113.0851
3919.656250	98.089	112.3761
3948.059814	98.074	111.6726
3976.668945	98.057	110.9490
4005.485596	98.032	110.2045
4034.510986	97.995	109.4680
4063.746582	97.949	108.7228
4093.194336	97.897	107.9545
4122.855469	97.841	107.1895
4152.730957	97.779	106.4279
4182.823730	97.710	105.6660
4213.133789	97.638	104.9146
4243.664062	97.564	104.1599
4274.415527	97.491	103.4021
4305.389648	97.418	102.6452
4336.588379	97.347	101.8833
4368.013184	97.277	101.1367
4399.665527	97.208	100.4177
4431.547363	97.137	99.6901
4463.660156	97.067	98.9628
4496.005371	96.999	98.2374
4528.585449	96.932	97.5094
4561.401367	96.865	96.7801
4594.455078	96.796	96.0651
4627.748535	96.724	95.3627
4661.283203	96.651	94.6529
4695.060547	96.579	93.9619
4729.083008	96.508	93.2894
4763.352051	96.438	92.6345
4797.869141	96.367	91.9749
4832.636719	96.297	91.3551
4867.655762	96.228	90.7713
4902.928711	96.159	90.1778
4938.457520	96.092	89.5970
4974.243652	96.027	89.0342
5010.289062	95.962	88.4908
5046.595703	95.894	87.9554
5083.165527	95.825	87.4423
5120.000000	95.755	86.9632
5157.101562	95.683	86.5218
5194.472168	95.606	86.0934
5232.113281	95.524	85.6693
5270.027344	95.442	85.2889
5308.216309	95.359	84.9390
5346.681641	95.274	84.6146
5385.426270	95.188	84.3327
5424.451172	95.104	84.0673
5463.758789	95.023	83.8144
5503.351562	94.947	83.5970
5543.230957	94.876	83.4120
5583.399414	94.815	83.2616
5623.859375	94.764	83.1392
5664.611816	94.723	83.0397
5705.660156	94.689	82.9714
5747.005859	94.662	82.9129
5788.650879	94.644	82.8475
5830.597656	94.637	82.7967
5872.848633	94.640	82.7485
5915.405762	94.652	82.6876
5958.271484	94.673	82.6035
6001.447266	94.699	82.5129
6044.936523	94.731	82.4431
6088.740234	94.768	82.3284
6132.861816	94.813	82.1646
6177.303223	94.865	82.0027
6222.066406	94.928	81.8022
6267.154297	95.001	81.5516
6312.568359	95.083	81.2688
6358.312012	95.176	80.9240
6404.386719	95.280	80.5227
6450.795898	95.395	80.0707
6497.541016	95.521	79.5212
6544.625000	95.661	78.8784
6592.049805	95.814	78.1077
6639.818359	95.976	77.1918
6687.933594	96.149	76.1312
6736.396973	96.330	74.8635
6785.211426	96.518	73.3741
6834.379883	96.709	71.6422
6883.904785	96.897	69.6636
6933.788574	97.075	67.4131
6984.033691	97.234	64.8338
7034.642578	97.368	61.9568
7085.618652	97.470	58.8557
7136.963867	97.531	55.5024
7188.681152	97.543	51.8973
7240.773438	97.497	48.1082
7293.243164	97.387	44.1819
7346.092773	97.208	40.2137
7399.325684	96.960	36.3126
7452.944336	96.648	32.5786
7506.951172	96.279	29.0768
7561.350098	95.863	25.8629
7616.142578	95.410	22.9304
7671.332031	94.929	20.2772
7726.921875	94.426	17.9111
7782.914551	93.905	15.7766
7839.312500	93.371	13.8607
7896.119629	92.826	12.1536
7953.337891	92.275	10.6549
8010.971191	91.721	9.3882
8069.021973	91.165	8.3906
8127.493164	90.614	7.6353
8186.388672	90.074	7.0954
8245.710938	89.546	6.7535
8305.461914	89.032	6.5762
8365.647461	88.530	6.6094
8426.267578	88.041	6.8223
8487.328125	87.569	7.1867
8548.831055	87.112	7.7167
8610.779297	86.669	8.3451
8673.176758	86.248	9.0731
8736.026367	85.849	9.9055
8799.331055	85.467	10.8212
8863.094727	85.100	11.7981
8927.320312	84.750	12.8494
8992.010742	84.413	14.0226
9057.170898	84.086	15.3137
9122.802734	83.772	16.6482
9188.910156	83.475	17.9734
9255.497070	83.188	19.3409
9322.566406	82.916	20.7065
9390.121094	82.661	22.0768
9458.166016	82.416	23.6082
9526.704102	82.174	25.2599
9595.738281	81.946	26.8153
9665.273438	81.740	28.3307
9735.311523	81.552	29.9901
9805.857422	81.385	31.6902
9876.915039	81.235	33.3051
9948.487305	81.101	34.9584
10020.578125	80.978	36.6730
10093.191406	80.864	38.3195
10166.331055	80.774	39.9844
10240.000000	80.709	41.7244
10314.203125	80.669	43.4796
10388.944336	80.648	45.2606
10464.226562	80.639	46.9706
10540.054688	80.647	48.6850
10616.432617	80.678	50.3783
10693.363281	80.732	52.0428
10770.852539	80.808	53.6486
10848.902344	80.903	55.3056
10927.517578	81.022	56.9321
11006.703125	81.163	58.4771
11086.461914	81.332	59.8882
11166.798828	81.531	61.2679
11247.718750	81.755	62.6417
11329.223633	82.009	63.9120
11411.320312	82.297	65.0633
11494.011719	82.614	66.1005
11577.301758	82.962	66.9319
11661.195312	83.350	67.5912
11745.697266	83.784	68.0416
11830.811523	84.269	68.1783
11916.542969	84.807	67.8865
12002.894531	85.392	67.1295
12089.873047	86.019	65.6810
12177.480469	86.661	63.1786
12265.723633	87.239	59.0629
12354.606445	87.597	52.7577
12444.132812	87.494	44.4889
12534.308594	86.731	37.2493
12625.136719	85.575	38.7666
12716.624023	85.259	54.1557
12808.773438	86.539	66.9135
12901.591797	88.425	68.7708
12995.082031	90.181	64.7628
13089.250000	91.652	57.6583
13184.099609	92.812	48.4901
13279.636719	93.637	37.8618
13375.867188	94.109	26.4786
13472.793945	94.242	15.1516
13570.422852	94.087	4.6558
13668.759766	93.727	-4.5438
13767.809570	93.253	-12.3585
13867.577148	92.751	-18.9404
13968.067383	92.301	-24.5781
14069.285156	91.975	-29.5691
14171.237305	91.783	-34.1385
14273.927734	91.696	-38.5532
14377.362305	91.684	-43.0350
14481.546875	91.707	-47.7483
14586.486328	91.727	-52.9401
14692.185547	91.731	-58.6832
14798.651367	91.708	-65.0818
14905.888672	91.633	-72.1501
15013.902344	91.468	-79.7842
15122.700195	91.178	-87.8533
15232.285156	90.751	-96.1531
15342.664062	90.189	-104.4796
15453.843750	89.491	-112.5822
15565.829102	88.660	-120.2948
15678.625000	87.707	-127.5956
15792.239258	86.668	-134.4714
15906.675781	85.563	-140.8402
16021.942383	84.383	-146.6798
16138.043945	83.112	-152.0106
16254.986328	81.780	-156.9378
16372.777344	80.439	-161.3051
16491.421875	79.159	-164.9136
16610.923828	78.027	-167.8525
16731.294922	77.075	-170.3057
16852.535156	76.267	-172.3631
16974.656250	75.581	-173.8851
17097.662109	75.026	-175.0269
17221.558594	74.605	-176.2491
17346.353516	74.304	-177.7058
17472.052734	74.111	-179.4923
17598.662109	74.008	178.3425
17726.189453	73.992	175.7410
17854.640625	74.091	172.3833
17984.021484	74.299	168.2017
18114.341797	74.589	162.9988
18245.605469	74.958	156.7905
18377.820312	75.420	149.4133
18510.994141	75.956	140.5063
18645.132812	76.496	129.4243
18780.242188	76.977	115.9558
18916.332031	77.302	100.3964
19053.408203	77.365	82.8870
19191.476562	77.106	63.9332
19330.546875	76.502	44.3516
19470.623047	75.567	24.8716
19611.714844	74.365	6.1268
19753.830078	73.001	-11.9437
19896.974609	71.724	-29.2549
