* Measurement data measured by REW V5.31
* Source: Headset (USB-C to 3.5mm Headphone Jack Adapter), MICROPHONE, L, volume: 0.250. Timing signal peak level -47.9 dBFS, measurement signal peak level -46.6 dBFS
* Format: 1M Log Swept Sine, 1 sweep at 0.0 dBFS using an acoustic timing reference
* Dated: 11-Apr-2024 15:50:32
* REW Settings:
*  C-weighting compensation: Off
*  Target level: 75.0 dB
* Note: ; Delay 0.0393 ms (13 mm, 0.53 in) using estimated IR delay relative to Acoustic reference played from SPEAKER R with no timing offset Clock adjustment: 40.8 ppm
* Measurement: Chu2Velvet R4
* Smoothing: 1/48 octave
* Frequency Step: 1/96 octave
* Start Frequency: 20.000 Hz
*
* Freq(Hz)	SPL(dB)	Phase(degrees)
20.000000	95.165	-122.0151
20.144928	95.169	-122.5798
20.290907	95.163	-123.0895
20.437943	95.152	-123.5524
20.586044	95.140	-123.9505
20.735220	95.129	-124.2817
20.885475	95.121	-124.5716
21.036821	95.120	-124.8165
21.189262	95.126	-125.0352
21.342808	95.140	-125.2652
21.497467	95.161	-125.4965
21.653246	95.189	-125.7681
21.810154	95.222	-126.0822
21.968201	95.256	-126.4418
22.127390	95.290	-126.8588
22.287735	95.323	-127.3215
22.449242	95.350	-127.8183
22.611917	95.372	-128.3509
22.775772	95.389	-128.8844
22.940815	95.398	-129.4245
23.107054	95.402	-129.9406
23.274498	95.402	-130.4265
23.443153	95.400	-130.8742
23.613033	95.399	-131.2701
23.784142	95.401	-131.6241
23.956491	95.408	-131.9367
24.130091	95.424	-132.2182
24.304947	95.448	-132.4944
24.481071	95.482	-132.7677
24.658470	95.524	-133.0763
24.837156	95.574	-133.4167
25.017136	95.627	-133.8145
25.198421	95.682	-134.2655
25.381020	95.736	-134.7666
25.564941	95.785	-135.3156
25.750195	95.829	-135.8855
25.936790	95.867	-136.4762
26.124741	95.898	-137.0564
26.314051	95.925	-137.6279
26.504732	95.948	-138.1738
26.696796	95.969	-138.6985
26.890253	95.989	-139.2048
27.085112	96.009	-139.6978
27.281382	96.029	-140.1890
27.479073	96.047	-140.6784
27.678198	96.062	-141.1725
27.878765	96.072	-141.6595
28.080786	96.077	-142.1375
28.284271	96.077	-142.5855
28.489231	96.073	-142.9988
28.695675	96.065	-143.3611
28.903616	96.058	-143.6726
29.113064	96.052	-143.9329
29.324028	96.050	-144.1532
29.536524	96.055	-144.3423
29.750557	96.065	-144.5219
29.966141	96.082	-144.6992
30.183289	96.105	-144.8951
30.402010	96.132	-145.1140
30.622314	96.162	-145.3671
30.844217	96.193	-145.6581
31.067726	96.224	-145.9899
31.292856	96.252	-146.3601
31.519617	96.276	-146.7611
31.748020	96.294	-147.1837
31.978081	96.306	-147.6020
32.209808	96.313	-148.0058
32.443211	96.317	-148.3686
32.678310	96.322	-148.6929
32.915108	96.331	-148.9778
33.153625	96.349	-149.2566
33.393871	96.376	-149.5615
33.635857	96.410	-149.9243
33.879597	96.445	-150.3804
34.125103	96.474	-150.9184
34.372387	96.491	-151.5299
34.621464	96.490	-152.1476
34.872345	96.473	-152.7211
35.125042	96.444	-153.2005
35.379574	96.413	-153.5405
35.635948	96.390	-153.7639
35.894180	96.384	-153.8985
36.154285	96.398	-154.0232
36.416275	96.430	-154.2174
36.680161	96.471	-154.5182
36.945961	96.512	-154.9539
37.213688	96.544	-155.4939
37.483353	96.561	-156.0878
37.754974	96.563	-156.6905
38.028561	96.554	-157.2510
38.304131	96.538	-157.7475
38.581699	96.521	-158.1865
38.861279	96.506	-158.5805
39.142883	96.492	-158.9517
39.426529	96.481	-159.3163
39.712231	96.469	-159.6759
40.000000	96.457	-160.0285
40.289856	96.443	-160.3683
40.581814	96.430	-160.6900
40.875885	96.416	-160.9903
41.172089	96.405	-161.2665
41.470440	96.398	-161.5175
41.770950	96.395	-161.7471
42.073643	96.400	-161.9702
42.378525	96.413	-162.2193
42.685616	96.432	-162.5284
42.994934	96.449	-162.9164
43.306492	96.459	-163.3770
43.620308	96.456	-163.8718
43.936401	96.438	-164.3349
44.254780	96.411	-164.7006
44.575470	96.385	-164.9485
44.898483	96.371	-165.1127
45.223835	96.371	-165.2645
45.551544	96.382	-165.4769
45.881630	96.396	-165.7853
46.214108	96.402	-166.1665
46.548996	96.398	-166.5515
46.886307	96.388	-166.8703
47.226067	96.383	-167.1052
47.568283	96.394	-167.3134
47.912983	96.421	-167.5943
48.260181	96.456	-168.0276
48.609894	96.482	-168.6218
48.962143	96.488	-169.3073
49.316940	96.473	-169.9732
49.674313	96.444	-170.5272
50.034271	96.416	-170.9444
50.396843	96.398	-171.2754
50.762039	96.393	-171.6080
51.129883	96.395	-172.0050
51.500389	96.393	-172.4650
51.873581	96.380	-172.9324
52.249481	96.360	-173.3428
52.628101	96.338	-173.6711
53.009464	96.322	-173.9444
53.393593	96.311	-174.2123
53.780506	96.299	-174.4991
54.170223	96.281	-174.7801
54.562763	96.257	-175.0021
54.958145	96.232	-175.1342
55.356396	96.217	-175.2066
55.757530	96.214	-175.3059
56.161572	96.216	-175.5222
56.568542	96.211	-175.8828
56.978462	96.185	-176.3246
57.391350	96.138	-176.7279
57.807232	96.079	-176.9925
58.226128	96.026	-177.1094
58.648056	95.992	-177.1721
59.073048	95.978	-177.3094
59.501114	95.971	-177.5915
59.932281	95.958	-177.9855
60.366577	95.937	-178.3984
60.804020	95.914	-178.7774
61.244629	95.894	-179.1487
61.688435	95.874	-179.5603
62.135452	95.847	-179.9865
62.585712	95.812	179.6866
63.039234	95.783	179.5402
63.496040	95.779	179.4960
63.956161	95.800	179.3347
64.419617	95.821	178.9029
64.886421	95.811	178.2997
65.356621	95.764	177.7986
65.830215	95.706	177.6164
66.307251	95.671	177.6711
66.787743	95.671	177.6519
67.271713	95.681	177.3239
67.759193	95.665	176.7671
68.250206	95.616	176.2829
68.744774	95.558	176.0956
69.242928	95.529	176.1307
69.744690	95.540	176.0946
70.250084	95.568	175.7693
70.759148	95.581	175.2178
71.271896	95.568	174.6619
71.788361	95.542	174.2513
72.308571	95.516	173.9480
72.832550	95.488	173.6686
73.360321	95.452	173.4474
73.891922	95.413	173.3807
74.427376	95.387	173.4428
74.966705	95.379	173.4675
75.509949	95.374	173.3373
76.057121	95.361	173.1128
76.608261	95.342	172.8944
77.163399	95.328	172.6446
77.722557	95.315	172.2446
78.285767	95.289	171.6865
78.853058	95.244	171.1094
79.424461	95.187	170.6523
80.000000	95.136	170.3681
80.579712	95.104	170.2151
81.163628	95.095	170.0901
81.751770	95.102	169.8765
82.344177	95.106	169.5360
82.940880	95.090	169.1706
83.541901	95.053	168.9449
84.147285	95.012	168.9419
84.757050	94.980	169.0353
85.371231	94.953	169.0123
85.989868	94.913	168.8314
86.612984	94.854	168.6933
87.240616	94.796	168.6548
87.872803	94.749	168.4678
88.509560	94.691	168.0393
89.150940	94.616	167.7623
89.796967	94.569	167.8518
90.447670	94.579	167.8546
91.103088	94.607	167.3873
91.763260	94.613	166.8570
92.428215	94.622	166.6445
93.097992	94.654	166.4622
93.772614	94.681	166.0080
94.452133	94.672	165.5649
95.136566	94.642	165.3890
95.825966	94.606	165.3096
96.520363	94.558	165.1845
97.219788	94.494	165.0972
97.924286	94.425	165.0899
98.633881	94.361	165.0840
99.348625	94.306	164.9692
100.068542	94.254	164.6648
100.793686	94.194	164.2282
101.524078	94.126	163.8126
102.259766	94.060	163.4848
103.000778	94.004	163.2382
103.747162	93.963	163.0983
104.498962	93.943	163.0673
105.256203	93.946	163.0593
106.018929	93.963	162.9710
106.787186	93.979	162.7564
107.561012	93.977	162.4491
108.340446	93.951	162.2167
109.125526	93.916	162.1986
109.916290	93.890	162.2006
110.712791	93.855	161.9226
111.515060	93.788	161.6061
112.323143	93.714	161.5847
113.137085	93.661	161.5378
113.956924	93.609	161.2012
114.782700	93.552	160.9580
115.614464	93.516	160.9124
116.452255	93.506	160.7014
117.296112	93.500	160.4848
118.146095	93.510	160.4476
119.002228	93.524	160.1743
119.864563	93.504	159.8028
120.733154	93.457	159.7918
121.608040	93.408	159.8203
122.489258	93.338	159.7110
123.376869	93.254	159.7468
124.270905	93.176	159.7783
125.171425	93.108	159.8195
126.078468	93.067	159.8493
126.992081	93.041	159.5993
127.912323	93.009	159.3336
128.839233	92.981	159.2372
129.772842	92.961	159.1823
130.713242	92.942	159.0407
131.660431	92.907	158.6509
132.614502	92.835	158.1085
133.575485	92.736	157.7866
134.543427	92.663	157.9930
135.518387	92.652	158.0771
136.500412	92.651	157.5264
137.489548	92.633	157.3741
138.485855	92.638	157.5698
139.489380	92.628	157.3011
140.500168	92.579	157.4761
141.518295	92.534	157.9042
142.543793	92.470	157.7563
143.576721	92.363	157.5573
144.617142	92.247	157.5762
145.665100	92.166	157.7813
146.720642	92.145	157.8497
147.783844	92.172	157.7186
148.854752	92.226	157.4910
149.933411	92.269	156.9250
151.019897	92.249	156.3381
152.114243	92.181	156.5015
153.216522	92.128	157.2878
154.326797	92.113	157.9338
155.445114	92.104	157.8987
156.571533	92.048	157.2491
157.706116	91.958	157.0994
158.848923	91.899	157.2102
160.000000	91.857	157.0111
161.159424	91.816	157.1754
162.327255	91.771	157.2911
163.503540	91.696	157.5714
164.688354	91.621	158.2535
165.881760	91.572	158.8708
167.083801	91.562	159.1957
168.294571	91.575	159.0060
169.514099	91.598	158.7456
170.742462	91.613	158.2943
171.979736	91.609	158.2859
173.225967	91.618	158.7127
174.481232	91.634	158.8260
175.745605	91.641	158.8313
177.019119	91.654	158.7217
178.301880	91.694	158.8049
179.593933	91.760	158.4550
180.895340	91.797	157.9621
182.206177	91.809	158.0474
183.526520	91.793	157.8965
184.856430	91.730	157.6884
186.195984	91.648	157.5908
187.545227	91.583	157.3755
188.904266	91.553	157.0748
190.273132	91.550	156.7093
191.651932	91.546	156.3327
193.040726	91.521	156.2103
194.439575	91.483	156.4064
195.848572	91.440	156.4666
197.267761	91.390	156.2852
198.697250	91.340	156.0679
200.137085	91.320	156.1182
201.587372	91.328	155.8975
203.048157	91.330	155.6843
204.519531	91.316	155.5624
206.001556	91.270	155.2906
207.494324	91.203	155.4461
208.997925	91.148	155.5736
210.512405	91.095	155.4720
212.037857	91.045	155.5036
213.574371	90.996	155.5027
215.122025	90.944	155.5737
216.680893	90.892	155.6963
218.251053	90.844	155.7309
219.832581	90.796	155.5385
221.425583	90.751	155.3083
223.030121	90.718	155.2138
224.646286	90.701	155.1600
226.274170	90.683	155.0715
227.913849	90.651	154.9595
229.565399	90.606	154.9194
231.228928	90.573	155.1480
232.904510	90.563	155.2083
234.592224	90.547	155.0504
236.292191	90.510	154.9778
238.004456	90.461	155.0229
239.729126	90.421	155.2181
241.466309	90.409	155.2990
243.216080	90.408	155.0457
244.978516	90.393	154.7927
246.753738	90.363	154.7692
248.541809	90.324	154.8243
250.342850	90.282	154.8121
252.156937	90.245	154.7623
253.984161	90.219	154.6862
255.824646	90.198	154.5917
257.678467	90.176	154.5728
259.545685	90.155	154.6370
261.426483	90.142	154.7119
263.320862	90.131	154.7394
265.229004	90.109	154.8577
267.150970	90.070	155.1008
269.086853	90.021	155.3352
271.036774	89.975	155.3745
273.000824	89.942	155.2864
274.979095	89.918	155.2618
276.971710	89.885	155.3349
278.978760	89.834	155.3880
281.000336	89.775	155.2335
283.036591	89.730	154.9786
285.087585	89.712	154.8979
287.153442	89.706	154.9754
289.234283	89.692	155.1016
291.330200	89.672	155.1426
293.441284	89.660	155.0427
295.567688	89.652	155.0473
297.709503	89.634	155.3351
299.866821	89.598	155.6379
302.039795	89.553	155.6563
304.228485	89.519	155.4869
306.433044	89.503	155.3941
308.653595	89.492	155.4818
310.890228	89.471	155.6237
313.143066	89.443	155.6566
315.412231	89.417	155.5818
317.697845	89.395	155.5485
320.000000	89.372	155.6008
322.318848	89.344	155.6630
324.654510	89.315	155.6698
327.007080	89.288	155.6384
329.376709	89.264	155.6500
331.763519	89.240	155.7098
334.167603	89.215	155.7748
336.589142	89.189	155.8375
339.028198	89.166	155.8832
341.484924	89.145	155.9063
343.959473	89.123	155.9575
346.451935	89.100	156.0164
348.962463	89.074	156.0689
351.491211	89.051	156.1201
354.038239	89.030	156.1376
356.603760	89.011	156.1296
359.187866	88.989	156.1682
361.790680	88.966	156.2534
364.412354	88.945	156.3130
367.053040	88.925	156.3492
369.712860	88.906	156.3991
372.391968	88.884	156.4530
375.090454	88.860	156.4792
377.808533	88.837	156.5253
380.546265	88.817	156.5856
383.303864	88.800	156.6220
386.081451	88.783	156.6613
388.879150	88.765	156.7318
391.697144	88.741	156.7989
394.535522	88.715	156.8548
397.394501	88.693	156.9160
400.274170	88.676	157.0071
403.174744	88.661	157.0992
406.096313	88.646	157.1819
409.039062	88.629	157.2441
412.003113	88.608	157.2470
414.988647	88.587	157.2267
417.995850	88.570	157.2946
421.024811	88.559	157.4137
424.075714	88.549	157.4500
427.148743	88.535	157.4476
430.244049	88.516	157.5402
433.361786	88.497	157.5840
436.502106	88.474	157.6029
439.665161	88.450	157.7087
442.851166	88.431	157.8135
446.060242	88.418	157.8482
449.292572	88.407	157.8747
452.548340	88.397	157.9730
455.827698	88.384	158.0714
459.130798	88.366	158.1215
462.457855	88.350	158.1579
465.809021	88.334	158.1939
469.184448	88.318	158.2335
472.584381	88.304	158.2880
476.008911	88.293	158.3921
479.458252	88.284	158.4855
482.932617	88.272	158.5150
486.432159	88.257	158.5540
489.957031	88.243	158.6253
493.507477	88.232	158.6909
497.083618	88.224	158.8049
500.685699	88.212	158.9149
504.313873	88.194	158.9618
507.968323	88.179	158.9797
511.649292	88.166	158.9975
515.356934	88.154	159.0563
519.091370	88.145	159.1502
522.852966	88.139	159.2732
526.641724	88.132	159.4212
530.458008	88.123	159.5157
534.301941	88.112	159.5574
538.173706	88.102	159.6043
542.073547	88.094	159.6873
546.001648	88.085	159.7785
549.958191	88.075	159.8583
553.943420	88.066	159.8869
557.957520	88.060	159.9268
562.000671	88.055	160.0158
566.073181	88.045	160.1136
570.175171	88.032	160.2170
574.306885	88.022	160.3094
578.468567	88.018	160.3953
582.660400	88.015	160.4812
586.882568	88.011	160.5392
591.135376	88.004	160.5710
595.419006	87.999	160.6508
599.733643	87.994	160.7557
604.079590	87.990	160.8689
608.456970	87.984	160.9387
612.866089	87.980	160.9821
617.307190	87.977	161.0669
621.780457	87.973	161.1732
626.286133	87.968	161.2709
630.824463	87.963	161.3489
635.395691	87.958	161.4869
640.000000	87.955	161.6565
644.637695	87.953	161.7419
649.309021	87.952	161.7610
654.014160	87.951	161.8170
658.753418	87.948	161.8920
663.527039	87.946	161.9741
668.335205	87.946	162.0901
673.178284	87.948	162.2337
678.056396	87.948	162.3629
682.969849	87.945	162.4189
687.918945	87.946	162.5206
692.903870	87.949	162.6505
697.924927	87.954	162.7323
702.982422	87.955	162.8450
708.076477	87.954	162.9714
713.207520	87.954	163.0822
718.375732	87.960	163.1842
723.581360	87.968	163.2900
728.824707	87.978	163.4375
734.106079	87.985	163.5816
739.425720	87.989	163.7153
744.783936	87.989	163.8563
750.180908	87.992	163.9840
755.617065	87.999	164.0934
761.092529	88.009	164.1953
766.607727	88.021	164.3305
772.162903	88.036	164.5090
777.758301	88.053	164.6747
783.394287	88.068	164.8248
789.071045	88.083	164.9743
794.789001	88.099	165.0746
800.548340	88.114	165.1595
806.349487	88.131	165.3409
812.192627	88.150	165.5646
818.078125	88.169	165.7037
824.006226	88.187	165.8025
829.977295	88.205	165.9238
835.991699	88.225	166.0762
842.049622	88.249	166.2289
848.151428	88.278	166.4019
854.297485	88.309	166.5648
860.488098	88.340	166.6984
866.723572	88.369	166.8539
873.004211	88.395	167.0099
879.330322	88.420	167.1594
885.702332	88.447	167.3104
892.120483	88.475	167.4415
898.585144	88.505	167.5906
905.096680	88.539	167.7343
911.655396	88.577	167.8554
918.261597	88.617	167.9585
924.915710	88.660	168.0870
931.618042	88.701	168.2099
938.368896	88.740	168.3257
945.168762	88.776	168.4099
952.017822	88.804	168.4851
958.916504	88.826	168.5938
965.865234	88.848	168.7061
972.864319	88.878	168.7898
979.914062	88.923	168.8641
987.014954	88.979	168.9615
994.167236	89.041	169.0200
1001.371399	89.105	169.0376
1008.627747	89.171	169.0560
1015.936646	89.240	169.0609
1023.298584	89.311	169.0586
1030.713867	89.380	169.0820
1038.182739	89.442	169.1522
1045.705933	89.499	169.1970
1053.283447	89.555	169.1552
1060.916016	89.615	169.0749
1068.603882	89.676	168.9963
1076.347412	89.740	168.9292
1084.147095	89.800	168.8404
1092.003296	89.857	168.7351
1099.916382	89.912	168.6567
1107.886841	89.968	168.5744
1115.915039	90.027	168.4482
1124.001343	90.085	168.2764
1132.146362	90.144	168.1313
1140.350342	90.204	168.0204
1148.613770	90.263	167.9073
1156.937134	90.323	167.7098
1165.320801	90.384	167.4871
1173.765137	90.444	167.2870
1182.270752	90.501	167.0906
1190.838013	90.556	166.8921
1199.467285	90.610	166.6632
1208.159180	90.663	166.4322
1216.913940	90.716	166.1937
1225.732178	90.772	165.9373
1234.614380	90.829	165.6739
1243.560913	90.885	165.3514
1252.572266	90.942	165.0729
1261.648926	91.001	164.8513
1270.791382	91.059	164.5682
1280.000000	91.114	164.2725
1289.275391	91.169	163.9519
1298.618042	91.225	163.5956
1308.028320	91.284	163.2708
1317.506836	91.342	162.9771
1327.054077	91.399	162.6608
1336.670410	91.454	162.3228
1346.356567	91.509	161.9971
1356.112793	91.564	161.6649
1365.939697	91.621	161.3163
1375.837891	91.678	160.9806
1385.807739	91.735	160.6512
1395.849854	91.793	160.2957
1405.964844	91.852	159.9265
1416.152954	91.910	159.5954
1426.415039	91.967	159.2604
1436.751465	92.022	158.9138
1447.162720	92.076	158.5768
1457.649414	92.130	158.2262
1468.212158	92.187	157.9051
1478.851440	92.247	157.5713
1489.567871	92.305	157.2053
1500.361816	92.361	156.8397
1511.234131	92.416	156.4670
1522.185059	92.473	156.1057
1533.215454	92.532	155.7312
1544.325806	92.591	155.3447
1555.516602	92.648	154.9860
1566.788574	92.708	154.6447
1578.142090	92.770	154.2740
1589.578003	92.832	153.8836
1601.096680	92.894	153.4886
1612.698975	92.957	153.1145
1624.385254	93.020	152.7484
1636.156250	93.085	152.3605
1648.012451	93.151	151.9665
1659.954590	93.216	151.5607
1671.983398	93.281	151.1439
1684.099243	93.346	150.7363
1696.302856	93.411	150.3361
1708.594971	93.478	149.9385
1720.976196	93.545	149.5024
1733.447144	93.613	149.0487
1746.008423	93.683	148.6304
1758.660645	93.756	148.1997
1771.404663	93.829	147.7454
1784.240967	93.902	147.2615
1797.170288	93.976	146.7876
1810.193359	94.052	146.3445
1823.310791	94.132	145.8796
1836.523193	94.211	145.3841
1849.831421	94.290	144.8839
1863.236084	94.369	144.3708
1876.737793	94.448	143.8771
1890.337524	94.527	143.3726
1904.035645	94.609	142.8376
1917.833008	94.690	142.3063
1931.730469	94.773	141.7639
1945.728638	94.856	141.1941
1959.828125	94.940	140.6250
1974.029907	95.023	140.0418
1988.334473	95.108	139.4379
2002.742798	95.192	138.8362
2017.255493	95.279	138.2398
2031.873291	95.366	137.6270
2046.597168	95.455	136.9599
2061.427734	95.544	136.2750
2076.365479	95.632	135.6268
2091.411865	95.721	134.9620
2106.566895	95.809	134.2555
2121.832031	95.900	133.5244
2137.207764	95.993	132.8077
2152.694824	96.085	132.0776
2168.294189	96.176	131.3179
2184.006592	96.268	130.5498
2199.832764	96.362	129.7879
2215.773682	96.456	129.0208
2231.830078	96.550	128.2104
2248.002686	96.644	127.3811
2264.292725	96.738	126.5361
2280.700684	96.832	125.6836
2297.227539	96.928	124.8088
2313.874268	97.026	123.9397
2330.641602	97.122	123.0543
2347.530273	97.218	122.1317
2364.541504	97.316	121.1828
2381.676025	97.416	120.1964
2398.934570	97.514	119.1873
2416.318359	97.610	118.1574
2433.827881	97.705	117.0928
2451.464355	97.800	115.9862
2469.228760	97.893	114.8764
2487.121826	97.986	113.7588
2505.144531	98.078	112.6013
2523.297852	98.169	111.4225
2541.582764	98.254	110.2242
2560.000000	98.335	109.0109
2578.550781	98.415	107.7640
2597.236084	98.494	106.4943
2616.056641	98.572	105.2165
2635.013672	98.649	103.9149
2654.108154	98.723	102.5934
2673.340820	98.794	101.2607
2692.713135	98.860	99.8993
2712.225586	98.922	98.5096
2731.879395	98.981	97.1141
2751.675781	99.037	95.7036
2771.615479	99.092	94.2706
2791.699707	99.143	92.8244
2811.929688	99.190	91.3654
2832.305908	99.230	89.8893
2852.830078	99.267	88.3950
2873.502930	99.302	86.8849
2894.325439	99.333	85.3651
2915.298828	99.361	83.8395
2936.424316	99.385	82.2946
2957.702881	99.405	80.7649
2979.135742	99.422	79.2297
3000.723633	99.434	77.6856
3022.468262	99.441	76.1503
3044.370117	99.442	74.6223
3066.430908	99.442	73.0883
3088.651611	99.438	71.5631
3111.033203	99.431	70.0319
3133.577148	99.421	68.5009
3156.284180	99.412	66.9707
3179.156006	99.404	65.4334
3202.193359	99.396	63.9215
3225.397949	99.384	62.4188
3248.770508	99.372	60.9126
3272.312500	99.360	59.4259
3296.024902	99.347	57.9480
3319.909180	99.332	56.4640
3343.966797	99.311	54.9826
3368.198486	99.284	53.5154
3392.605713	99.251	52.0553
3417.189941	99.212	50.5972
3441.952393	99.169	49.1693
3466.894287	99.119	47.7619
3492.016846	99.062	46.3427
3517.321289	99.001	44.9359
3542.809326	98.939	43.5655
3568.481934	98.877	42.2159
3594.340576	98.814	40.8768
3620.386719	98.752	39.5462
3646.621582	98.692	38.2340
3673.046387	98.635	36.9091
3699.662842	98.578	35.6027
3726.472168	98.522	34.3292
3753.475586	98.470	33.0558
3780.675049	98.424	31.7764
3808.071289	98.383	30.5105
3835.666016	98.342	29.2530
3863.460938	98.299	28.0030
3891.457275	98.257	26.7388
3919.656250	98.214	25.4699
3948.059814	98.168	24.2371
3976.668945	98.118	22.9916
4005.485596	98.058	21.7433
4034.510986	97.986	20.5283
4063.746582	97.905	19.3228
4093.194336	97.821	18.1162
4122.855469	97.731	16.9149
4152.730957	97.636	15.7219
4182.823730	97.536	14.5356
4213.133789	97.436	13.3807
4243.664062	97.337	12.2312
4274.415527	97.240	11.0883
4305.389648	97.147	9.9556
4336.588379	97.056	8.8117
4368.013184	96.968	7.6807
4399.665527	96.881	6.5719
4431.547363	96.796	5.4427
4463.660156	96.711	4.3000
4496.005371	96.629	3.1638
4528.585449	96.549	2.0099
4561.401367	96.470	0.8485
4594.455078	96.389	-0.3042
4627.748535	96.307	-1.4595
4661.283203	96.225	-2.6100
4695.060547	96.144	-3.7641
4729.083008	96.063	-4.9252
4763.352051	95.983	-6.0866
4797.869141	95.905	-7.2324
4832.636719	95.824	-8.3577
4867.655762	95.740	-9.4845
4902.928711	95.657	-10.6115
4938.457520	95.578	-11.7174
4974.243652	95.499	-12.8107
5010.289062	95.419	-13.8920
5046.595703	95.341	-14.9407
5083.165527	95.261	-15.9455
5120.000000	95.178	-16.9500
5157.101562	95.090	-17.9658
5194.472168	94.995	-18.9840
5232.113281	94.897	-19.9661
5270.027344	94.797	-20.9093
5308.216309	94.696	-21.8666
5346.681641	94.589	-22.7995
5385.426270	94.481	-23.6649
5424.451172	94.372	-24.5280
5463.758789	94.262	-25.3785
5503.351562	94.153	-26.2000
5543.230957	94.048	-26.9677
5583.399414	93.949	-27.6871
5623.859375	93.854	-28.3813
5664.611816	93.765	-29.0543
5705.660156	93.681	-29.7208
5747.005859	93.603	-30.3803
5788.650879	93.531	-30.9974
5830.597656	93.465	-31.5942
5872.848633	93.403	-32.1849
5915.405762	93.348	-32.7942
5958.271484	93.299	-33.4110
6001.447266	93.252	-34.0117
6044.936523	93.203	-34.5776
6088.740234	93.152	-35.1664
6132.861816	93.101	-35.7703
6177.303223	93.053	-36.3278
6222.066406	93.008	-36.8325
6267.154297	92.964	-37.2970
6312.568359	92.922	-37.7488
6358.312012	92.890	-38.2177
6404.386719	92.866	-38.6671
6450.795898	92.847	-39.0753
6497.541016	92.834	-39.4404
6544.625000	92.832	-39.7783
6592.049805	92.843	-40.0961
6639.818359	92.867	-40.4103
6687.933594	92.903	-40.7646
6736.396973	92.949	-41.1359
6785.211426	93.009	-41.5146
6834.379883	93.080	-41.9276
6883.904785	93.163	-42.3625
6933.788574	93.260	-42.8373
6984.033691	93.373	-43.3557
7034.642578	93.499	-43.9189
7085.618652	93.640	-44.5428
7136.963867	93.798	-45.2439
7188.681152	93.972	-46.0295
7240.773438	94.163	-46.8746
7293.243164	94.370	-47.8353
7346.092773	94.595	-48.9739
7399.325684	94.839	-50.2129
7452.944336	95.097	-51.6106
7506.951172	95.368	-53.2383
7561.350098	95.654	-55.0974
7616.142578	95.953	-57.2159
7671.332031	96.261	-59.6296
7726.921875	96.573	-62.4030
7782.914551	96.881	-65.6013
7839.312500	97.177	-69.2390
7896.119629	97.450	-73.3492
7953.337891	97.688	-77.9417
8010.971191	97.874	-83.0221
8069.021973	97.991	-88.5218
8127.493164	98.020	-94.3347
8186.388672	97.952	-100.2953
8245.710938	97.783	-106.2495
8305.461914	97.518	-112.0582
8365.647461	97.165	-117.5797
8426.267578	96.738	-122.6901
8487.328125	96.250	-127.3378
8548.831055	95.719	-131.5021
8610.779297	95.160	-135.1959
8673.176758	94.585	-138.4589
8736.026367	94.004	-141.3154
8799.331055	93.425	-143.7731
8863.094727	92.854	-145.8732
8927.320312	92.298	-147.6442
8992.010742	91.757	-149.1404
9057.170898	91.231	-150.4174
9122.802734	90.724	-151.5050
9188.910156	90.235	-152.3951
9255.497070	89.764	-153.1208
9322.566406	89.309	-153.6904
9390.121094	88.872	-154.1042
9458.166016	88.457	-154.4338
9526.704102	88.066	-154.7004
9595.738281	87.692	-154.8879
9665.273438	87.333	-154.9993
9735.311523	86.992	-155.0371
9805.857422	86.673	-154.9951
9876.915039	86.377	-154.8731
9948.487305	86.103	-154.7131
10020.578125	85.849	-154.5261
10093.191406	85.614	-154.3279
10166.331055	85.400	-154.1608
10240.000000	85.210	-153.9473
10314.203125	85.042	-153.6784
10388.944336	84.895	-153.4050
10464.226562	84.766	-153.1589
10540.054688	84.649	-152.9363
10616.432617	84.550	-152.6238
10693.363281	84.478	-152.3422
10770.852539	84.429	-152.1893
10848.902344	84.404	-152.1189
10927.517578	84.405	-152.0803
11006.703125	84.429	-152.0602
11086.461914	84.476	-152.0991
11166.798828	84.546	-152.1840
11247.718750	84.643	-152.3487
11329.223633	84.772	-152.7030
11411.320312	84.939	-153.2328
11494.011719	85.141	-153.9827
11577.301758	85.375	-155.0133
11661.195312	85.641	-156.4418
11745.697266	85.942	-158.4657
11830.811523	86.263	-161.3036
11916.542969	86.562	-165.2415
12002.894531	86.738	-170.9149
12089.873047	86.599	-178.8160
12177.480469	85.879	172.0579
12265.723633	84.436	166.5674
12354.606445	82.832	175.6204
12444.132812	82.625	-162.7552
12534.308594	83.935	-153.3336
12625.136719	85.471	-153.7272
12716.624023	86.757	-157.4733
12808.773438	87.795	-162.6294
12901.591797	88.645	-168.6609
12995.082031	89.335	-175.3369
13089.250000	89.872	177.4018
13184.099609	90.255	169.6781
13279.636719	90.480	161.6904
13375.867188	90.550	153.6509
13472.793945	90.482	145.8384
13570.422852	90.299	138.4724
13668.759766	90.030	131.6678
13767.809570	89.704	125.4121
13867.577148	89.357	119.6721
13968.067383	89.039	114.4378
14069.285156	88.800	109.5828
14171.237305	88.648	105.0204
14273.927734	88.562	100.7087
14377.362305	88.515	96.5023
14481.546875	88.483	92.2672
14586.486328	88.453	87.9327
14692.185547	88.427	83.4464
14798.651367	88.411	78.7017
14905.888672	88.405	73.6346
15013.902344	88.398	68.1951
15122.700195	88.369	62.3612
15232.285156	88.314	56.0605
15342.664062	88.224	49.2348
15453.843750	88.078	41.9986
15565.829102	87.837	34.3414
15678.625000	87.488	26.3049
15792.239258	87.038	18.0972
15906.675781	86.490	9.7580
16021.942383	85.832	1.4455
16138.043945	85.054	-6.6607
16254.986328	84.187	-14.6200
16372.777344	83.286	-22.4548
16491.421875	82.427	-30.0269
16610.923828	81.690	-37.3420
16731.294922	81.062	-44.4921
16852.535156	80.483	-51.6066
16974.656250	79.921	-58.6302
17097.662109	79.368	-65.6766
17221.558594	78.827	-72.8073
17346.353516	78.302	-79.9424
17472.052734	77.790	-87.1570
17598.662109	77.280	-94.7449
17726.189453	76.760	-102.6343
17854.640625	76.235	-110.6398
17984.021484	75.709	-118.8541
18114.341797	75.176	-127.5221
18245.605469	74.637	-136.6571
18377.820312	74.091	-146.0981
18510.994141	73.534	-155.8008
18645.132812	72.966	-165.7449
18780.242188	72.400	-176.2812
18916.332031	71.855	172.3165
19053.408203	71.303	160.4138
19191.476562	70.732	147.8352
19330.546875	70.110	134.2963
19470.623047	69.384	119.2350
19611.714844	68.542	102.7206
19753.830078	67.605	85.4915
19896.974609	66.660	67.8204
