* Measurement data measured by REW V5.20.13
* Source: Headset (USB-C to 3.5mm Headphone Jack Adapter), MICROPHONE (Master Volume), L, volume: 0.250. Timing signal peak level -18.5 dBFS, measurement signal peak level -18.2 dBFS
* Format: 1M Log Swept Sine, 1 sweep at -12.0 dBFS using an acoustic timing reference
* Dated: 27-Nov-2023 14:27:18
* REW Settings:
*  C-weighting compensation: Off
*  Target level: 75.0 dB
* Note: ; Delay -0.1572 ms (-54 mm, -2.12 in) using estimated IR delay relative to Acoustic reference played from HEADPHONE R with no timing offset Clock adjustment: -15.2 ppm
* Measurement: Nov 27
* Smoothing: 1/12 octave
* Frequency Step: 1/48 octave
* Start Frequency: 20.000 Hz
*
* Freq(Hz)	SPL(dB)	Phase(degrees)
20.000000	121.233	77.8304
20.299999	121.342	76.8437
20.600000	121.449	75.8596
20.900000	121.552	74.8744
21.200001	121.651	73.8890
21.400000	121.714	73.2365
21.799999	121.832	71.9550
22.000000	121.888	71.3315
22.400000	121.997	70.1259
22.700001	122.078	69.2524
23.000000	122.159	68.3931
23.299999	122.239	67.5358
23.600000	122.318	66.6753
24.000000	122.416	65.5265
24.299999	122.484	64.6766
24.700001	122.567	63.5797
25.000000	122.627	62.7932
25.400000	122.706	61.7889
25.799999	122.787	60.8134
26.200001	122.870	59.8390
26.500000	122.931	59.0979
26.900000	123.009	58.0936
27.200001	123.064	57.3336
27.600000	123.130	56.3223
28.000000	123.190	55.3260
28.500000	123.257	54.1149
29.000000	123.318	52.9478
29.500000	123.375	51.8212
30.000000	123.430	50.7254
30.400000	123.472	49.8646
30.700001	123.503	49.2271
31.100000	123.541	48.3893
31.500000	123.577	47.5686
32.000000	123.620	46.5703
32.500000	123.662	45.6007
33.000000	123.703	44.6516
33.500000	123.742	43.7148
34.000000	123.780	42.7869
34.500000	123.815	41.8702
35.000000	123.846	40.9699
35.500000	123.874	40.0894
36.000000	123.899	39.2285
36.500000	123.923	38.3850
37.000000	123.945	37.5573
37.500000	123.966	36.7456
38.200001	123.993	35.6337
38.700001	124.012	34.8508
39.500000	124.037	33.6093
40.000000	124.049	32.8484
40.599998	124.059	31.9643
41.200001	124.068	31.1138
41.799999	124.077	30.2845
42.500000	124.088	29.3288
43.099998	124.094	28.5198
43.700001	124.098	27.7247
44.400002	124.101	26.8158
45.000000	124.100	26.0542
45.500000	124.098	25.4340
46.200001	124.094	24.5872
46.799999	124.089	23.8773
47.500000	124.081	23.0663
48.200001	124.072	22.2755
48.700001	124.064	21.7203
49.400002	124.051	20.9539
50.000000	124.036	20.3151
50.799999	124.011	19.5067
51.500000	123.988	18.8339
52.200001	123.965	18.1754
53.000000	123.936	17.4359
53.799999	123.906	16.7172
54.500000	123.880	16.1008
55.200001	123.856	15.4893
56.000000	123.827	14.7964
57.000000	123.791	13.9461
58.000000	123.756	13.1194
59.000000	123.718	12.3244
60.000000	123.679	11.5699
60.799999	123.645	10.9944
61.500000	123.615	10.5068
62.200001	123.583	10.0341
63.000000	123.545	9.5151
64.000000	123.497	8.8969
65.000000	123.450	8.2974
66.000000	123.402	7.7100
67.000000	123.353	7.1465
68.000000	123.304	6.6115
69.000000	123.253	6.0932
70.000000	123.198	5.6022
71.000000	123.140	5.1666
72.000000	123.086	4.7743
73.000000	123.035	4.3925
74.000000	122.988	4.0126
75.000000	122.944	3.6339
76.199997	122.893	3.1814
77.500000	122.839	2.7053
78.800003	122.781	2.2592
80.000000	122.723	1.8939
81.199997	122.665	1.5652
82.500000	122.603	1.2115
83.800003	122.538	0.8391
85.000000	122.474	0.4922
86.199997	122.409	0.1658
87.500000	122.341	-0.1483
88.500000	122.292	-0.3621
90.000000	122.224	-0.6455
91.199997	122.173	-0.8441
92.500000	122.123	-1.0410
93.800003	122.076	-1.2498
95.000000	122.029	-1.4648
96.199997	121.977	-1.6725
97.500000	121.916	-1.8516
98.800003	121.859	-1.9896
100.000000	121.813	-2.1136
101.500000	121.760	-2.2826
103.000000	121.707	-2.4382
104.400002	121.658	-2.5454
106.000000	121.608	-2.6387
107.500000	121.564	-2.7295
109.000000	121.520	-2.8271
110.599998	121.471	-2.9222
112.000000	121.430	-2.9916
113.800003	121.383	-3.0745
115.000000	121.354	-3.1322
117.199997	121.305	-3.2542
118.000000	121.288	-3.3083
120.599998	121.230	-3.5067
122.000000	121.197	-3.6150
124.099998	121.147	-3.7670
125.000000	121.126	-3.8206
126.500000	121.092	-3.8893
128.000000	121.061	-3.9413
131.500000	120.990	-4.0366
132.000000	120.980	-4.0494
134.000000	120.943	-4.1110
136.000000	120.909	-4.1986
138.000000	120.877	-4.3219
140.000000	120.842	-4.4676
143.000000	120.780	-4.6473
145.000000	120.739	-4.7338
147.500000	120.688	-4.8617
150.000000	120.627	-5.0101
152.500000	120.560	-5.1713
155.000000	120.496	-5.3651
157.500000	120.446	-5.5688
160.000000	120.402	-5.7310
162.500000	120.356	-5.8051
165.000000	120.301	-5.8404
167.500000	120.232	-5.8928
170.000000	120.150	-5.9285
172.500000	120.061	-5.9126
175.000000	119.971	-5.8561
177.500000	119.886	-5.7816
180.000000	119.812	-5.7009
182.500000	119.751	-5.6104
185.000000	119.702	-5.4938
187.500000	119.663	-5.3535
190.000000	119.630	-5.2332
192.500000	119.595	-5.1593
195.000000	119.555	-5.1095
197.500000	119.511	-5.0471
200.000000	119.463	-4.9533
203.000000	119.404	-4.8047
206.000000	119.344	-4.6423
209.000000	119.284	-4.4755
212.000000	119.224	-4.2843
214.000000	119.186	-4.1437
218.000000	119.116	-3.8779
220.000000	119.080	-3.7670
224.000000	119.008	-3.5703
227.000000	118.955	-3.4030
230.000000	118.904	-3.2100
233.000000	118.855	-3.0162
236.000000	118.807	-2.8259
240.000000	118.745	-2.5603
243.000000	118.697	-2.3538
247.000000	118.637	-2.0689
250.000000	118.597	-1.8414
254.000000	118.546	-1.5173
258.000000	118.493	-1.1762
262.000000	118.441	-0.8447
265.000000	118.403	-0.6153
269.000000	118.352	-0.3318
272.000000	118.313	-0.1254
276.000000	118.264	0.1640
280.000000	118.217	0.4821
285.000000	118.159	0.9054
290.000000	118.100	1.3430
295.000000	118.040	1.7751
300.000000	117.981	2.1785
304.000000	117.938	2.4940
307.000000	117.910	2.7372
311.000000	117.873	3.0701
315.000000	117.834	3.4047
320.000000	117.785	3.8237
325.000000	117.737	4.2468
330.000000	117.691	4.6620
335.000000	117.648	5.0725
340.000000	117.607	5.4919
345.000000	117.563	5.9235
350.000000	117.516	6.3594
355.000000	117.470	6.7924
360.000000	117.424	7.2236
365.000000	117.377	7.6642
370.000000	117.330	8.0966
375.000000	117.280	8.4930
382.000000	117.207	9.0487
387.000000	117.160	9.5088
395.000000	117.095	10.3250
400.000000	117.058	10.8447
406.000000	117.017	11.4541
412.000000	116.979	12.0236
418.000000	116.945	12.5591
425.000000	116.905	13.1871
431.000000	116.867	13.7454
437.000000	116.831	14.2896
444.000000	116.789	14.8750
450.000000	116.752	15.3702
455.000000	116.721	15.8022
462.000000	116.676	16.4306
468.000000	116.638	16.9895
475.000000	116.591	17.6675
482.000000	116.540	18.3389
487.000000	116.506	18.7941
494.000000	116.462	19.4179
500.000000	116.425	19.9738
508.000000	116.379	20.7483
515.000000	116.343	21.4343
522.000000	116.307	22.1333
530.000000	116.263	22.9513
538.000000	116.216	23.7779
545.000000	116.174	24.4864
552.000000	116.134	25.1618
560.000000	116.094	25.9104
570.000000	116.045	26.8688
580.000000	115.990	27.8738
590.000000	115.930	28.9057
600.000000	115.871	29.9666
608.000000	115.828	30.8433
615.000000	115.793	31.6163
622.000000	115.760	32.3741
630.000000	115.726	33.2147
640.000000	115.688	34.2657
650.000000	115.656	35.3482
660.000000	115.623	36.4529
670.000000	115.582	37.5812
680.000000	115.534	38.7534
690.000000	115.492	39.9477
700.000000	115.461	41.1252
710.000000	115.441	42.2972
720.000000	115.422	43.4803
730.000000	115.398	44.6679
740.000000	115.370	45.8518
750.000000	115.344	47.0353
762.000000	115.317	48.4842
775.000000	115.296	50.1058
788.000000	115.282	51.7220
800.000000	115.276	53.1971
812.000000	115.274	54.6974
825.000000	115.272	56.3511
838.000000	115.269	58.0008
850.000000	115.270	59.5115
862.000000	115.277	61.0276
875.000000	115.290	62.6826
885.000000	115.306	63.9617
900.000000	115.337	65.8876
912.000000	115.364	67.4268
925.000000	115.394	69.0831
938.000000	115.426	70.7176
950.000000	115.461	72.2084
962.000000	115.501	73.6865
975.000000	115.553	75.2708
988.000000	115.618	76.8217
1000.000000	115.689	78.2032
1015.000000	115.788	79.8495
1030.000000	115.893	81.4312
1044.000000	115.985	82.8831
1060.000000	116.078	84.5221
1075.000000	116.159	86.0279
1090.000000	116.239	87.4896
1106.000000	116.323	88.9901
1120.000000	116.395	90.2639
1138.000000	116.486	91.8671
1150.000000	116.549	92.9215
1172.000000	116.668	94.8214
1180.000000	116.711	95.4953
1206.000000	116.839	97.6299
1220.000000	116.906	98.7467
1241.000000	117.009	100.3873
1250.000000	117.054	101.0834
1265.000000	117.131	102.2385
1280.000000	117.208	103.3853
1315.000000	117.386	106.0372
1320.000000	117.411	106.4145
1340.000000	117.510	107.9122
1360.000000	117.606	109.3970
1380.000000	117.700	110.8871
1400.000000	117.791	112.3991
1430.000000	117.933	114.7245
1450.000000	118.036	116.2813
1475.000000	118.173	118.1829
1500.000000	118.303	120.0314
1525.000000	118.426	121.8429
1550.000000	118.551	123.6373
1575.000000	118.679	125.4458
1600.000000	118.808	127.2628
1625.000000	118.939	129.0830
1650.000000	119.072	130.9065
1675.000000	119.208	132.7259
1700.000000	119.348	134.5519
1725.000000	119.489	136.3818
1750.000000	119.632	138.1921
1775.000000	119.778	139.9724
1800.000000	119.928	141.7374
1825.000000	120.082	143.4957
1850.000000	120.242	145.2390
1875.000000	120.406	146.9610
1900.000000	120.573	148.6642
1925.000000	120.744	150.3468
1950.000000	120.919	152.0051
1975.000000	121.100	153.6421
2000.000000	121.285	155.2503
2030.000000	121.506	157.1203
2060.000000	121.725	158.9237
2090.000000	121.945	160.6639
2120.000000	122.166	162.3358
2140.000000	122.315	163.4134
2180.000000	122.619	165.5048
2200.000000	122.774	166.5217
2240.000000	123.091	168.4705
2270.000000	123.330	169.8589
2300.000000	123.563	171.2023
2330.000000	123.794	172.4950
2360.000000	124.023	173.7199
2400.000000	124.329	175.2334
2430.000000	124.557	176.2836
2470.000000	124.857	177.5772
2500.000000	125.079	178.4744
2540.000000	125.368	179.5761
2580.000000	125.643	-179.4398
2620.000000	125.900	-178.5723
2650.000000	126.082	-177.9885
2690.000000	126.309	-177.2744
2720.000000	126.468	-176.7689
2760.000000	126.669	-176.1137
2800.000000	126.864	-175.4647
2850.000000	127.120	-174.7105
2900.000000	127.380	-174.2246
2950.000000	127.605	-174.1506
3000.000000	127.763	-174.3689
3040.000000	127.837	-174.6143
3070.000000	127.865	-174.7798
3110.000000	127.876	-174.9396
3150.000000	127.864	-175.0207
3200.000000	127.821	-174.9923
3250.000000	127.749	-174.7917
3300.000000	127.650	-174.4060
3350.000000	127.522	-173.8224
3400.000000	127.362	-173.0324
3450.000000	127.170	-172.0282
3500.000000	126.954	-170.7968
3550.000000	126.721	-169.3206
3600.000000	126.487	-167.5907
3650.000000	126.263	-165.6233
3700.000000	126.059	-163.4501
3750.000000	125.879	-161.1064
3820.000000	125.667	-157.6188
3870.000000	125.536	-155.0275
3950.000000	125.342	-150.7525
4000.000000	125.221	-148.0200
4060.000000	125.069	-144.6964
4120.000000	124.909	-141.3300
4180.000000	124.744	-137.9195
4250.000000	124.554	-133.8932
4310.000000	124.399	-130.3976
4370.000000	124.258	-126.8403
4440.000000	124.115	-122.5962
4500.000000	124.013	-118.8725
4550.000000	123.944	-115.7134
4620.000000	123.873	-111.2247
4680.000000	123.833	-107.3340
4750.000000	123.814	-102.7656
4820.000000	123.823	-98.1906
4870.000000	123.847	-94.9310
4940.000000	123.906	-90.3883
5000.000000	123.979	-86.5220
5080.000000	124.106	-81.4266
5150.000000	124.236	-77.0388
5220.000000	124.379	-72.7274
5300.000000	124.558	-67.9042
5380.000000	124.758	-63.2058
5450.000000	124.954	-59.2193
5520.000000	125.174	-55.3753
5600.000000	125.455	-51.1927
5700.000000	125.851	-46.3561
5800.000000	126.279	-42.0376
5900.000000	126.712	-38.2964
6000.000000	127.125	-35.1250
6080.000000	127.437	-32.9558
6150.000000	127.702	-31.3467
6220.000000	127.956	-30.1010
6300.000000	128.210	-29.2527
6400.000000	128.419	-29.0798
6500.000000	128.447	-29.5921
6600.000000	128.265	-30.2759
6700.000000	127.874	-30.6007
6800.000000	127.293	-30.1003
6900.000000	126.560	-28.4143
7000.000000	125.723	-25.2976
7100.000000	124.841	-20.6278
7200.000000	123.983	-14.4353
7300.000000	123.223	-6.9192
7400.000000	122.633	1.5778
7500.000000	122.263	10.6775
7620.000000	122.124	22.1656
7750.000000	122.305	36.7635
7880.000000	122.753	61.6808
8000.000000	123.375	114.5965
8120.000000	124.235	-131.2696
8250.000000	125.359	66.6160
8380.000000	126.313	-102.4599
8500.000000	127.008	0.2001
8620.000000	127.588	41.8663
8750.000000	127.932	52.7094
8850.000000	127.870	51.5265
9000.000000	127.163	46.2897
9120.000000	126.135	43.4470
9250.000000	124.719	43.2333
9380.000000	123.161	45.9401
9500.000000	121.710	50.9305
9620.000000	120.309	59.2852
9750.000000	118.881	76.5455
9880.000000	117.553	114.8774
10000.000000	116.417	-168.9413
10150.000000	115.163	19.6567
10300.000000	114.192	-56.6212
10440.000000	113.395	-162.4397
10600.000000	112.368	19.2686
10750.000000	111.406	97.8091
10900.000000	110.570	132.8394
11060.000000	109.830	152.6858
11200.000000	109.286	165.3894
11380.000000	108.703	-179.9902
11500.000000	108.378	-170.5498
11720.000000	107.901	-153.4565
11800.000000	107.765	-147.2969
12060.000000	107.451	-127.5100
12200.000000	107.357	-117.0142
12410.000000	107.298	-101.4607
12500.000000	107.301	-94.8364
12650.000000	107.348	-83.7930
12800.000000	107.464	-72.6990
13150.000000	108.145	-46.7825
13200.000000	108.301	-43.1284
13400.000000	109.102	-28.8115
13600.000000	110.218	-15.1907
13800.000000	111.688	-2.6160
14000.000000	113.489	8.4463
14300.000000	116.511	20.9846
14500.000000	118.477	25.8450
14750.000000	120.648	27.3940
15000.000000	122.365	24.0886
15250.000000	123.550	16.7295
15500.000000	124.139	6.2021
15750.000000	124.030	-6.1733
16000.000000	123.157	-17.8345
16250.000000	121.612	-26.0278
16500.000000	119.719	-29.8811
16750.000000	117.964	-30.6973
17000.000000	116.739	-30.7437
17250.000000	116.081	-32.1699
17500.000000	115.726	-36.4578
17750.000000	115.334	-44.0500
18000.000000	114.646	-54.1289
18250.000000	113.541	-65.0291
18500.000000	112.028	-75.2891
18750.000000	110.200	-84.3845
19000.000000	108.172	-92.5742
19250.000000	106.040	-100.2717
19500.000000	103.890	-107.4780
19750.000000	101.889	-113.4941
