* Measurement data measured by REW V5.31
* Source: Input device not selected, no input selected, L, volume: no control. Timing signal peak level -42.9 dBFS, measurement signal peak level -41.1 dBFS
* Format: 4M Log Swept Sine, 1 sweep at 0.0 dBFS using an acoustic timing reference
* Dated: 16-Apr-2024 00:36:20
* REW Settings:
*  C-weighting compensation: Off
*  Target level: 75.0 dB
* Note: ; Delay -0.6327 ms (-217 mm, -8.54 in) using estimated IR delay relative to Acoustic reference played from  R with no timing offset Clock adjustment: 10.3 ppm
* Measurement: Hola R4
* Smoothing: 1/48 octave
* Frequency Step: 1/96 octave
* Start Frequency: 20.000 Hz
*
* Freq(Hz)	SPL(dB)	Phase(degrees)
20.000000	113.972	-128.1627
20.144928	114.003	-128.6100
20.290907	114.033	-129.0553
20.437943	114.064	-129.4994
20.586044	114.095	-129.9432
20.735220	114.126	-130.3864
20.885475	114.157	-130.8312
21.036821	114.188	-131.2784
21.189262	114.219	-131.7281
21.342808	114.249	-132.1816
21.497467	114.279	-132.6389
21.653246	114.307	-133.0972
21.810154	114.334	-133.5580
21.968201	114.359	-134.0168
22.127390	114.383	-134.4717
22.287735	114.406	-134.9219
22.449242	114.428	-135.3627
22.611917	114.449	-135.7953
22.775772	114.470	-136.2188
22.940815	114.492	-136.6324
23.107054	114.514	-137.0416
23.274498	114.537	-137.4457
23.443153	114.561	-137.8507
23.613033	114.586	-138.2604
23.784142	114.611	-138.6761
23.956491	114.637	-139.1033
24.130091	114.662	-139.5402
24.304947	114.686	-139.9877
24.481071	114.709	-140.4443
24.658470	114.729	-140.9047
24.837156	114.747	-141.3686
25.017136	114.763	-141.8279
25.198421	114.778	-142.2832
25.381020	114.791	-142.7293
25.564941	114.803	-143.1667
25.750195	114.815	-143.5962
25.936790	114.827	-144.0178
26.124741	114.839	-144.4366
26.314051	114.852	-144.8527
26.504732	114.866	-145.2708
26.696796	114.879	-145.6904
26.890253	114.892	-146.1133
27.085112	114.905	-146.5381
27.281382	114.918	-146.9635
27.479073	114.930	-147.3883
27.678198	114.941	-147.8106
27.878765	114.952	-148.2304
28.080786	114.963	-148.6472
28.284271	114.975	-149.0627
28.489231	114.987	-149.4775
28.695675	114.999	-149.8939
28.903616	115.011	-150.3119
29.113064	115.023	-150.7329
29.324028	115.034	-151.1558
29.536524	115.045	-151.5803
29.750557	115.055	-152.0050
29.966141	115.065	-152.4294
30.183289	115.075	-152.8524
30.402010	115.085	-153.2740
30.622314	115.094	-153.6938
30.844217	115.102	-154.1116
31.067726	115.109	-154.5267
31.292856	115.116	-154.9382
31.519617	115.122	-155.3458
31.748020	115.128	-155.7488
31.978081	115.135	-156.1486
32.209808	115.141	-156.5459
32.443211	115.148	-156.9435
32.678310	115.154	-157.3423
32.915108	115.160	-157.7438
33.153625	115.165	-158.1464
33.393871	115.169	-158.5474
33.635857	115.171	-158.9445
33.879597	115.173	-159.3337
34.125103	115.175	-159.7150
34.372387	115.176	-160.0887
34.621464	115.179	-160.4598
34.872345	115.182	-160.8322
35.125042	115.185	-161.2092
35.379574	115.187	-161.5930
35.635948	115.189	-161.9806
35.894180	115.189	-162.3695
36.154285	115.188	-162.7547
36.416275	115.187	-163.1349
36.680161	115.185	-163.5119
36.945961	115.184	-163.8888
37.213688	115.183	-164.2712
37.483353	115.181	-164.6606
37.754974	115.179	-165.0563
38.028561	115.175	-165.4549
38.304131	115.171	-165.8514
38.581699	115.165	-166.2461
38.861279	115.160	-166.6414
39.142883	115.153	-167.0430
39.426529	115.145	-167.4553
39.712231	115.134	-167.8715
40.000000	115.117	-168.2787
40.289856	115.096	-168.6572
40.581814	115.073	-168.9841
40.875885	115.053	-169.2548
41.172089	115.041	-169.4852
41.470440	115.039	-169.7058
41.770950	115.048	-169.9553
42.073643	115.062	-170.2687
42.378525	115.076	-170.6534
42.685616	115.083	-171.0887
42.994934	115.083	-171.5418
43.306492	115.076	-171.9798
43.620308	115.065	-172.3815
43.936401	115.056	-172.7473
44.254780	115.049	-173.0967
44.575470	115.044	-173.4505
44.898483	115.040	-173.8168
45.223835	115.033	-174.1899
45.551544	115.023	-174.5560
45.881630	115.012	-174.9029
46.214108	115.002	-175.2294
46.548996	114.994	-175.5468
46.886307	114.987	-175.8711
47.226067	114.981	-176.2130
47.568283	114.973	-176.5703
47.912983	114.962	-176.9318
48.260181	114.949	-177.2852
48.609894	114.934	-177.6232
48.962143	114.918	-177.9464
49.316940	114.904	-178.2600
49.674313	114.889	-178.5695
50.034271	114.875	-178.8784
50.396843	114.862	-179.1877
50.762039	114.847	-179.4990
51.129883	114.833	-179.8138
51.500389	114.818	179.8667
51.873581	114.801	179.5436
52.249481	114.782	179.2210
52.628101	114.763	178.9051
53.009464	114.744	178.6006
53.393593	114.726	178.3089
53.780506	114.710	178.0261
54.170223	114.696	177.7444
54.562763	114.684	177.4539
54.958145	114.671	177.1473
55.356396	114.657	176.8239
55.757530	114.641	176.4915
56.161572	114.622	176.1631
56.568542	114.600	175.8516
56.978462	114.579	175.5605
57.391350	114.558	175.2829
57.807232	114.539	175.0056
58.226128	114.521	174.7197
58.648056	114.501	174.4279
59.073048	114.480	174.1401
59.501114	114.459	173.8644
59.932281	114.437	173.5985
60.366577	114.416	173.3327
60.804020	114.394	173.0624
61.244629	114.372	172.7944
61.688435	114.349	172.5386
62.135452	114.327	172.2936
62.585712	114.308	172.0435
63.039234	114.287	171.7753
63.496040	114.264	171.4987
63.956161	114.237	171.2439
64.419617	114.211	171.0334
64.886421	114.190	170.8548
65.356621	114.175	170.6700
65.830215	114.163	170.4469
66.307251	114.151	170.1852
66.787743	114.136	169.9061
67.271713	114.119	169.6247
67.759193	114.100	169.3412
68.250206	114.078	169.0562
68.744774	114.053	168.7831
69.242928	114.028	168.5345
69.744690	114.004	168.3007
70.250084	113.982	168.0565
70.759148	113.958	167.7931
71.271896	113.931	167.5323
71.788361	113.903	167.3016
72.308571	113.877	167.0984
72.832550	113.854	166.8921
73.360321	113.832	166.6584
73.891922	113.808	166.4064
74.427376	113.781	166.1613
74.966705	113.755	165.9330
75.509949	113.730	165.7120
76.057121	113.706	165.4882
76.608261	113.682	165.2634
77.163399	113.658	165.0425
77.722557	113.635	164.8240
78.285767	113.611	164.6050
78.853058	113.586	164.3881
79.424461	113.560	164.1774
80.000000	113.533	163.9727
80.579712	113.505	163.7733
81.163628	113.476	163.5782
81.751770	113.447	163.3815
82.344177	113.418	163.1781
82.940880	113.387	162.9742
83.541901	113.358	162.7723
84.147285	113.330	162.5575
84.757050	113.303	162.3272
85.371231	113.275	162.1063
85.989868	113.251	161.9005
86.612984	113.228	161.6802
87.240616	113.206	161.4750
87.872803	113.189	161.3563
88.509560	113.186	161.2469
89.150940	113.187	160.9382
89.796967	113.163	160.4419
90.447670	113.104	160.0780
91.103088	113.039	160.0565
91.763260	112.995	160.1687
92.428215	112.967	160.1536
93.097992	112.937	160.0253
93.772614	112.902	159.9037
94.452133	112.867	159.7847
95.136566	112.833	159.6321
95.825966	112.798	159.4666
96.520363	112.763	159.3022
97.219788	112.730	159.1340
97.924286	112.698	158.9659
98.633881	112.667	158.8036
99.348625	112.636	158.6537
100.068542	112.605	158.5204
100.793686	112.574	158.3939
101.524078	112.542	158.2748
102.259766	112.509	158.1772
103.000778	112.477	158.0784
103.747162	112.445	157.9437
104.498962	112.410	157.7913
105.256203	112.373	157.6580
106.018929	112.336	157.5408
106.787186	112.302	157.4220
107.561012	112.268	157.2968
108.340446	112.234	157.1668
109.125526	112.198	157.0404
109.916290	112.161	156.9313
110.712791	112.123	156.8444
111.515060	112.086	156.7713
112.323143	112.049	156.6990
113.137085	112.011	156.6230
113.956924	111.973	156.5493
114.782700	111.934	156.4798
115.614464	111.895	156.4172
116.452255	111.856	156.3693
117.296112	111.817	156.3370
118.146095	111.777	156.3190
119.002228	111.738	156.3224
119.864563	111.700	156.3470
120.733154	111.662	156.3800
121.608040	111.625	156.4252
122.489258	111.589	156.5008
123.376869	111.557	156.5984
124.270905	111.529	156.6979
125.171425	111.505	156.8026
126.078468	111.485	156.9213
126.992081	111.472	157.0452
127.912323	111.463	157.1675
128.839233	111.461	157.2750
129.772842	111.461	157.3522
130.713242	111.465	157.4078
131.660431	111.470	157.4197
132.614502	111.474	157.3799
133.575485	111.476	157.3293
134.543427	111.476	157.2575
135.518387	111.475	157.1504
136.500412	111.470	157.0311
137.489548	111.462	156.9047
138.485855	111.451	156.7797
139.489380	111.437	156.6625
140.500168	111.420	156.5405
141.518295	111.400	156.4328
142.543793	111.381	156.3223
143.576721	111.359	156.1829
144.617142	111.336	156.0472
145.665100	111.311	155.9136
146.720642	111.284	155.7928
147.783844	111.258	155.6966
148.854752	111.233	155.6247
149.933411	111.210	155.5378
151.019897	111.185	155.4385
152.114243	111.160	155.3683
153.216522	111.135	155.3110
154.326797	111.113	155.2488
155.445114	111.092	155.1631
156.571533	111.072	155.0804
157.706116	111.052	155.0297
158.848923	111.035	155.0148
160.000000	111.020	154.9872
161.159424	111.005	154.9274
162.327255	110.986	154.8746
163.503540	110.966	154.8437
164.688354	110.943	154.8239
165.881760	110.917	154.8051
167.083801	110.886	154.7827
168.294571	110.851	154.7577
169.514099	110.812	154.7405
170.742462	110.769	154.7275
171.979736	110.724	154.7158
173.225967	110.679	154.7054
174.481232	110.636	154.6866
175.745605	110.597	154.6815
177.019119	110.563	154.6896
178.301880	110.533	154.6900
179.593933	110.505	154.6934
180.895340	110.482	154.6905
182.206177	110.462	154.6838
183.526520	110.444	154.7003
184.856430	110.429	154.7334
186.195984	110.417	154.7690
187.545227	110.405	154.7915
188.904266	110.392	154.8070
190.273132	110.377	154.8250
191.651932	110.361	154.8438
193.040726	110.345	154.8592
194.439575	110.327	154.8826
195.848572	110.306	154.9172
197.267761	110.283	154.9614
198.697250	110.259	155.0141
200.137085	110.235	155.0591
201.587372	110.211	155.0900
203.048157	110.187	155.1255
204.519531	110.163	155.1696
206.001556	110.140	155.2151
207.494324	110.118	155.2679
208.997925	110.096	155.3223
210.512405	110.074	155.3771
212.037857	110.052	155.4335
213.574371	110.030	155.4825
215.122025	110.008	155.5375
216.680893	109.987	155.6014
218.251053	109.966	155.6615
219.832581	109.945	155.7233
221.425583	109.924	155.7733
223.030121	109.902	155.8168
224.646286	109.879	155.8653
226.274170	109.855	155.9271
227.913849	109.832	155.9986
229.565399	109.808	156.0745
231.228928	109.784	156.1640
232.904510	109.760	156.2543
234.592224	109.736	156.3316
236.292191	109.713	156.3986
238.004456	109.689	156.4667
239.729126	109.664	156.5409
241.466309	109.639	156.6163
243.216080	109.613	156.7060
244.978516	109.588	156.8023
246.753738	109.563	156.8998
248.541809	109.539	157.0100
250.342850	109.515	157.1246
252.156937	109.490	157.2433
253.984161	109.464	157.3784
255.824646	109.438	157.5360
257.678467	109.413	157.7006
259.545685	109.388	157.8718
261.426483	109.363	158.0578
263.320862	109.340	158.2708
265.229004	109.319	158.5226
267.150970	109.302	158.8049
269.086853	109.289	159.0995
271.036774	109.282	159.3937
273.000824	109.283	159.6841
274.979095	109.290	159.9638
276.971710	109.303	160.2170
278.978760	109.319	160.4121
281.000336	109.336	160.5480
283.036591	109.352	160.6376
285.087585	109.366	160.6779
287.153442	109.375	160.6948
289.234283	109.378	160.7131
291.330200	109.378	160.7293
293.441284	109.374	160.7291
295.567688	109.368	160.7338
297.709503	109.359	160.7680
299.866821	109.348	160.8371
302.039795	109.335	160.9180
304.228485	109.321	160.9942
306.433044	109.307	161.0698
308.653595	109.292	161.1542
310.890228	109.277	161.2481
313.143066	109.262	161.3527
315.412231	109.245	161.4743
317.697845	109.229	161.5984
320.000000	109.213	161.7296
322.318848	109.198	161.8649
324.654510	109.184	161.9933
327.007080	109.170	162.1285
329.376709	109.156	162.2836
331.763519	109.142	162.4287
334.167603	109.127	162.5776
336.589142	109.113	162.7490
339.028198	109.100	162.9185
341.484924	109.088	163.0782
343.959473	109.075	163.2372
346.451935	109.061	163.3989
348.962463	109.047	163.5656
351.491211	109.034	163.7377
354.038239	109.020	163.9168
356.603760	109.007	164.1105
359.187866	108.994	164.3085
361.790680	108.982	164.4963
364.412354	108.971	164.6807
367.053040	108.960	164.8728
369.712860	108.948	165.0744
372.391968	108.936	165.2717
375.090454	108.924	165.4678
377.808533	108.912	165.6815
380.546265	108.900	165.9055
383.303864	108.889	166.1124
386.081451	108.878	166.3126
388.879150	108.867	166.5328
391.697144	108.855	166.7549
394.535522	108.845	166.9714
397.394501	108.835	167.2011
400.274170	108.825	167.4377
403.174744	108.814	167.6697
406.096313	108.803	167.9033
409.039062	108.794	168.1503
412.003113	108.785	168.4011
414.988647	108.776	168.6401
417.995850	108.768	168.8759
421.024811	108.760	169.1201
424.075714	108.751	169.3691
427.148743	108.742	169.6237
430.244049	108.734	169.8845
433.361786	108.725	170.1562
436.502106	108.716	170.4265
439.665161	108.707	170.6961
442.851166	108.699	170.9750
446.060242	108.692	171.2511
449.292572	108.684	171.5261
452.548340	108.677	171.8048
455.827698	108.672	172.0891
459.130798	108.667	172.3851
462.457855	108.662	172.6920
465.809021	108.657	173.0030
469.184448	108.651	173.3196
472.584381	108.645	173.6343
476.008911	108.639	173.9482
479.458252	108.633	174.2690
482.932617	108.628	174.5942
486.432159	108.623	174.9240
489.957031	108.618	175.2599
493.507477	108.612	175.5955
497.083618	108.608	175.9343
500.685699	108.604	176.2793
504.313873	108.600	176.6277
507.968323	108.596	176.9803
511.649292	108.592	177.3378
515.356934	108.589	177.6962
519.091370	108.586	178.0665
522.852966	108.583	178.4471
526.641724	108.580	178.8279
530.458008	108.577	179.2027
534.301941	108.574	179.5870
538.173706	108.571	179.9825
542.073547	108.568	-179.6174
546.001648	108.566	-179.2172
549.958191	108.564	-178.8100
553.943420	108.562	-178.3914
557.957520	108.560	-177.9720
562.000671	108.559	-177.5523
566.073181	108.557	-177.1298
570.175171	108.557	-176.7069
574.306885	108.556	-176.2798
578.468567	108.556	-175.8418
582.660400	108.556	-175.4046
586.882568	108.555	-174.9581
591.135376	108.555	-174.4976
595.419006	108.556	-174.0306
599.733643	108.556	-173.5624
604.079590	108.556	-173.0855
608.456970	108.557	-172.5976
612.866089	108.559	-172.1172
617.307190	108.561	-171.6280
621.780457	108.562	-171.1243
626.286133	108.563	-170.6248
630.824463	108.565	-170.1271
635.395691	108.568	-169.6128
640.000000	108.571	-169.0911
644.637695	108.574	-168.5710
649.309021	108.578	-168.0375
654.014160	108.581	-167.5031
658.753418	108.585	-166.9681
663.527039	108.590	-166.4158
668.335205	108.596	-165.8580
673.178284	108.602	-165.3053
678.056396	108.607	-164.7438
682.969849	108.613	-164.1719
687.918945	108.620	-163.5932
692.903870	108.627	-163.0034
697.924927	108.634	-162.4102
702.982422	108.640	-161.8181
708.076477	108.648	-161.2108
713.207520	108.656	-160.5893
718.375732	108.665	-159.9672
723.581360	108.674	-159.3524
728.824707	108.684	-158.7283
734.106079	108.694	-158.0837
739.425720	108.706	-157.4261
744.783936	108.717	-156.7677
750.180908	108.728	-156.1013
755.617065	108.740	-155.4310
761.092529	108.753	-154.7516
766.607727	108.767	-154.0692
772.162903	108.781	-153.3773
777.758301	108.796	-152.6741
783.394287	108.811	-151.9703
789.071045	108.827	-151.2596
794.789001	108.844	-150.5314
800.548340	108.861	-149.7905
806.349487	108.878	-149.0455
812.192627	108.898	-148.3040
818.078125	108.918	-147.5424
824.006226	108.938	-146.7645
829.977295	108.958	-145.9839
835.991699	108.980	-145.2057
842.049622	109.002	-144.4304
848.151428	109.026	-143.6484
854.297485	109.051	-142.8505
860.488098	109.078	-142.0414
866.723572	109.104	-141.2310
873.004211	109.131	-140.4224
879.330322	109.157	-139.5927
885.702332	109.184	-138.7452
892.120483	109.211	-137.8953
898.585144	109.241	-137.0493
905.096680	109.272	-136.1890
911.655396	109.305	-135.3257
918.261597	109.339	-134.4586
924.915710	109.373	-133.5897
931.618042	109.408	-132.7045
938.368896	109.443	-131.8165
945.168762	109.475	-130.9381
952.017822	109.499	-130.0518
958.916504	109.514	-129.1525
965.865234	109.527	-128.2474
972.864319	109.548	-127.3364
979.914062	109.582	-126.4216
987.014954	109.629	-125.4990
994.167236	109.683	-124.5746
1001.371399	109.739	-123.6420
1008.627747	109.796	-122.6986
1015.936646	109.854	-121.7596
1023.298584	109.911	-120.8253
1030.713867	109.966	-119.8856
1038.182739	110.018	-118.9465
1045.705933	110.067	-118.0073
1053.283447	110.117	-117.0556
1060.916016	110.165	-116.0968
1068.603882	110.213	-115.1403
1076.347412	110.262	-114.1866
1084.147095	110.312	-113.2404
1092.003296	110.362	-112.2952
1099.916382	110.411	-111.3411
1107.886841	110.460	-110.3793
1115.915039	110.508	-109.4168
1124.001343	110.557	-108.4550
1132.146362	110.606	-107.5001
1140.350342	110.656	-106.5450
1148.613770	110.706	-105.5753
1156.937134	110.755	-104.5950
1165.320801	110.803	-103.6250
1173.765137	110.850	-102.6676
1182.270752	110.897	-101.7208
1190.838013	110.943	-100.7791
1199.467285	110.990	-99.8379
1208.159180	111.035	-98.8972
1216.913940	111.081	-97.9602
1225.732178	111.127	-97.0247
1234.614380	111.174	-96.0843
1243.560913	111.220	-95.1404
1252.572266	111.267	-94.1888
1261.648926	111.314	-93.2256
1270.791382	111.361	-92.2565
1280.000000	111.408	-91.2864
1289.275391	111.455	-90.3091
1298.618042	111.504	-89.3105
1308.028320	111.552	-88.2935
1317.506836	111.599	-87.2693
1327.054077	111.645	-86.2360
1336.670410	111.691	-85.1869
1346.356567	111.737	-84.1152
1356.112793	111.783	-83.0356
1365.939697	111.828	-81.9499
1375.837891	111.873	-80.8464
1385.807739	111.916	-79.7191
1395.849854	111.960	-78.5704
1405.964844	112.003	-77.4005
1416.152954	112.046	-76.2113
1426.415039	112.091	-75.0075
1436.751465	112.136	-73.7864
1447.162720	112.182	-72.5479
1457.649414	112.231	-71.2915
1468.212158	112.281	-70.0222
1478.851440	112.333	-68.7437
1489.567871	112.386	-67.4657
1500.361816	112.440	-66.1995
1511.234131	112.492	-64.9314
1522.185059	112.543	-63.6550
1533.215454	112.594	-62.3645
1544.325806	112.644	-61.0576
1555.516602	112.692	-59.7349
1566.788574	112.739	-58.3927
1578.142090	112.786	-57.0383
1589.578003	112.834	-55.6741
1601.096680	112.883	-54.2914
1612.698975	112.932	-52.8806
1624.385254	112.981	-51.4580
1636.156250	113.031	-50.0266
1648.012451	113.082	-48.5844
1659.954590	113.133	-47.1315
1671.983398	113.183	-45.6640
1684.099243	113.232	-44.1882
1696.302856	113.282	-42.6974
1708.594971	113.332	-41.1870
1720.976196	113.381	-39.6565
1733.447144	113.430	-38.1097
1746.008423	113.479	-36.5545
1758.660645	113.528	-34.9921
1771.404663	113.577	-33.4260
1784.240967	113.627	-31.8484
1797.170288	113.677	-30.2498
1810.193359	113.728	-28.6376
1823.310791	113.779	-27.0132
1836.523193	113.832	-25.3737
1849.831421	113.884	-23.7145
1863.236084	113.937	-22.0381
1876.737793	113.990	-20.3440
1890.337524	114.043	-18.6298
1904.035645	114.096	-16.8963
1917.833008	114.149	-15.1431
1931.730469	114.202	-13.3641
1945.728638	114.254	-11.5768
1959.828125	114.306	-9.7856
1974.029907	114.359	-7.9772
1988.334473	114.413	-6.1499
2002.742798	114.466	-4.3096
2017.255493	114.518	-2.4493
2031.873291	114.570	-0.5778
2046.597168	114.622	1.3086
2061.427734	114.675	3.2226
2076.365479	114.728	5.1620
2091.411865	114.780	7.1265
2106.566895	114.831	9.1147
2121.832031	114.881	11.1133
2137.207764	114.932	13.1276
2152.694824	114.983	15.1631
2168.294189	115.033	17.2168
2184.006592	115.082	19.2851
2199.832764	115.131	21.3691
2215.773682	115.179	23.4679
2231.830078	115.226	25.5787
2248.002686	115.273	27.7068
2264.292725	115.320	29.8522
2280.700684	115.366	32.0103
2297.227539	115.410	34.1949
2313.874268	115.452	36.4093
2330.641602	115.493	38.6450
2347.530273	115.533	40.9044
2364.541504	115.572	43.1879
2381.676025	115.610	45.4973
2398.934570	115.646	47.8401
2416.318359	115.680	50.2221
2433.827881	115.713	52.6338
2451.464355	115.745	55.0728
2469.228760	115.776	57.5508
2487.121826	115.806	60.0849
2505.144531	115.837	62.6826
2523.297852	115.870	65.3402
2541.582764	115.905	68.0739
2560.000000	115.947	70.8753
2578.550781	115.999	73.7237
2597.236084	116.061	76.6020
2616.056641	116.135	79.4816
2635.013672	116.218	82.3278
2654.108154	116.306	85.1107
2673.340820	116.393	87.8186
2692.713135	116.474	90.4661
2712.225586	116.547	93.0793
2731.879395	116.610	95.6901
2751.675781	116.666	98.3189
2771.615479	116.714	100.9934
2791.699707	116.760	103.7343
2811.929688	116.805	106.5369
2832.305908	116.851	109.3916
2852.830078	116.899	112.2774
2873.502930	116.950	115.1677
2894.325439	117.002	118.0568
2915.298828	117.053	120.9374
2936.424316	117.101	123.8083
2957.702881	117.144	126.6686
2979.135742	117.180	129.5237
3000.723633	117.207	132.3837
3022.468262	117.226	135.2670
3044.370117	117.236	138.1739
3066.430908	117.240	141.1158
3088.651611	117.239	144.1053
3111.033203	117.233	147.1623
3133.577148	117.224	150.2959
3156.284180	117.215	153.5061
3179.156006	117.207	156.7915
3202.193359	117.200	160.1470
3225.397949	117.194	163.5718
3248.770508	117.189	167.0519
3272.312500	117.189	170.5828
3296.024902	117.193	174.1640
3319.909180	117.199	177.7904
3343.966797	117.204	-178.5519
3368.198486	117.204	-174.8767
3392.605713	117.199	-171.1821
3417.189941	117.191	-167.4646
3441.952393	117.176	-163.7119
3466.894287	117.153	-159.9241
3492.016846	117.124	-156.1322
3517.321289	117.092	-152.3421
3542.809326	117.058	-148.5289
3568.481934	117.023	-144.6676
3594.340576	116.985	-140.7646
3620.386719	116.946	-136.8336
3646.621582	116.906	-132.8823
3673.046387	116.868	-128.9008
3699.662842	116.831	-124.8525
3726.472168	116.793	-120.7166
3753.475586	116.758	-116.5239
3780.675049	116.728	-112.2791
3808.071289	116.702	-107.9561
3835.666016	116.678	-103.5471
3863.460938	116.654	-99.0523
3891.457275	116.631	-94.4718
3919.656250	116.608	-89.8072
3948.059814	116.585	-85.0683
3976.668945	116.560	-80.2577
4005.485596	116.526	-75.3721
4034.510986	116.478	-70.4058
4063.746582	116.421	-65.3840
4093.194336	116.361	-60.3030
4122.855469	116.294	-55.1587
4152.730957	116.220	-49.9552
4182.823730	116.140	-44.6964
4213.133789	116.056	-39.3779
4243.664062	115.972	-33.9972
4274.415527	115.889	-28.5452
4305.389648	115.808	-23.0205
4336.588379	115.728	-17.4288
4368.013184	115.650	-11.7647
4399.665527	115.571	-6.0009
4431.547363	115.493	-0.1515
4463.660156	115.416	5.7737
4496.005371	115.340	11.7602
4528.585449	115.266	17.8054
4561.401367	115.193	23.9086
4594.455078	115.119	30.0746
4627.748535	115.046	36.3059
4661.283203	114.974	42.5828
4695.060547	114.902	48.8863
4729.083008	114.832	55.2422
4763.352051	114.764	61.6664
4797.869141	114.696	68.1544
4832.636719	114.628	74.7219
4867.655762	114.561	81.3751
4902.928711	114.496	88.1178
4938.457520	114.432	94.9540
4974.243652	114.369	101.8946
5010.289062	114.305	108.9501
5046.595703	114.240	116.1013
5083.165527	114.172	123.3264
5120.000000	114.102	130.6340
5157.101562	114.030	138.0396
5194.472168	113.953	145.5352
5232.113281	113.874	153.1104
5270.027344	113.793	160.7587
5308.216309	113.711	168.4811
5346.681641	113.623	176.2815
5385.426270	113.529	-175.8172
5424.451172	113.434	-167.8276
5463.758789	113.342	-159.7368
5503.351562	113.251	-151.5350
5543.230957	113.162	-143.2194
5583.399414	113.077	-134.7966
5623.859375	112.997	-126.2711
5664.611816	112.922	-117.6437
5705.660156	112.852	-108.9174
5747.005859	112.785	-100.1000
5788.650879	112.723	-91.2058
5830.597656	112.664	-82.2750
5872.848633	112.610	-73.3009
5915.405762	112.560	-64.2323
5958.271484	112.514	-55.0449
6001.447266	112.471	-45.7263
6044.936523	112.429	-36.2569
6088.740234	112.389	-26.6458
6132.861816	112.354	-16.9032
6177.303223	112.322	-7.0327
6222.066406	112.295	2.9398
6267.154297	112.272	12.9928
6312.568359	112.255	23.1366
6358.312012	112.245	33.3677
6404.386719	112.242	43.6718
6450.795898	112.245	54.0675
6497.541016	112.255	64.5572
6544.625000	112.273	75.1179
6592.049805	112.299	85.7444
6639.818359	112.333	96.4359
6687.933594	112.374	107.1564
6736.396973	112.422	117.9167
6785.211426	112.477	128.7382
6834.379883	112.538	139.6148
6883.904785	112.601	150.5653
6933.788574	112.666	161.5791
6984.033691	112.735	172.6397
7034.642578	112.808	-176.2349
7085.618652	112.886	-165.0294
7136.963867	112.969	-153.7484
7188.681152	113.060	-142.4365
7240.773438	113.163	-131.1160
7293.243164	113.281	-119.7897
7346.092773	113.417	-108.4185
7399.325684	113.575	-97.0084
7452.944336	113.755	-85.6228
7506.951172	113.956	-74.3411
7561.350098	114.176	-63.2281
7616.142578	114.411	-52.3351
7671.332031	114.653	-41.6924
7726.921875	114.890	-31.3548
7782.914551	115.106	-21.3987
7839.312500	115.286	-11.8536
7896.119629	115.413	-2.6974
7953.337891	115.470	6.1191
8010.971191	115.441	14.7166
8069.021973	115.314	23.2649
8127.493164	115.084	31.8973
8186.388672	114.756	40.7625
8245.710938	114.337	50.0092
8305.461914	113.845	59.7483
8365.647461	113.294	70.0604
8426.267578	112.700	81.0016
8487.328125	112.079	92.5230
8548.831055	111.441	104.4910
8610.779297	110.798	116.7699
8673.176758	110.157	129.2452
8736.026367	109.526	141.8511
8799.331055	108.909	154.5439
8863.094727	108.308	167.2849
8927.320312	107.726	-179.9630
8992.010742	107.161	-167.2317
9057.170898	106.613	-154.5562
9122.802734	106.079	-141.9735
9188.910156	105.561	-129.4915
9255.497070	105.056	-117.1416
9322.566406	104.562	-104.9689
9390.121094	104.079	-92.9558
9458.166016	103.611	-81.0985
9526.704102	103.157	-69.4255
9595.738281	102.718	-57.9333
9665.273438	102.288	-46.6337
9735.311523	101.871	-35.5571
9805.857422	101.472	-24.6775
9876.915039	101.094	-13.9055
9948.487305	100.738	-3.2473
10020.578125	100.405	7.2501
10093.191406	100.103	17.6017
10166.331055	99.846	27.8585
10240.000000	99.648	38.0363
10314.203125	99.523	48.0750
10388.944336	99.496	57.9199
10464.226562	99.584	67.4408
10540.054688	99.799	76.3552
10616.432617	100.142	84.3655
10693.363281	100.593	91.2189
10770.852539	101.112	96.7366
10848.902344	101.652	100.8060
10927.517578	102.165	103.4751
11006.703125	102.610	104.8734
11086.461914	102.967	105.2571
11166.798828	103.231	104.8704
11247.718750	103.413	103.9222
11329.223633	103.531	102.5763
11411.320312	103.603	100.8842
11494.011719	103.647	98.8817
11577.301758	103.681	96.5402
11661.195312	103.720	93.8339
11745.697266	103.775	90.7200
11830.811523	103.851	87.1711
11916.542969	103.955	83.1210
12002.894531	104.093	78.4899
12089.873047	104.265	73.2355
12177.480469	104.478	67.3075
12265.723633	104.736	60.7002
12354.606445	105.045	53.5164
12444.132812	105.406	45.9303
12534.308594	105.825	38.0049
12625.136719	106.308	29.7102
12716.624023	106.858	21.0420
12808.773438	107.483	11.9064
12901.591797	108.185	2.1884
12995.082031	108.969	-8.2637
13089.250000	109.830	-19.6338
13184.099609	110.751	-32.1273
13279.636719	111.692	-46.0480
13375.867188	112.581	-61.6965
13472.793945	113.315	-79.1838
13570.422852	113.781	-98.2876
13668.759766	113.890	-118.3591
13767.809570	113.610	-138.4452
13867.577148	112.989	-157.6558
13968.067383	112.142	-175.4215
14069.285156	111.218	168.4521
14171.237305	110.323	153.8171
14273.927734	109.501	140.3518
14377.362305	108.762	127.7441
14481.546875	108.097	115.7320
14586.486328	107.486	104.1216
14692.185547	106.924	92.7728
14798.651367	106.418	81.5311
14905.888672	105.964	70.3055
15013.902344	105.550	59.0183
15122.700195	105.164	47.6265
15232.285156	104.811	36.0933
15342.664062	104.495	24.3672
15453.843750	104.203	12.4228
15565.829102	103.914	0.2161
15678.625000	103.626	-12.3286
15792.239258	103.352	-25.2880
15906.675781	103.086	-38.7469
16021.942383	102.794	-52.8369
16138.043945	102.445	-67.6497
16254.986328	102.043	-83.1911
16372.777344	101.609	-99.3424
16491.421875	101.173	-116.1060
16610.923828	100.760	-133.3558
16731.294922	100.322	-150.8629
16852.535156	99.790	-168.4708
16974.656250	99.137	174.0867
17097.662109	98.376	157.0402
17221.558594	97.537	140.5900
17346.353516	96.651	124.6503
17472.052734	95.746	109.1956
17598.662109	94.846	94.1608
17726.189453	93.968	79.4493
17854.640625	93.128	65.0242
17984.021484	92.346	50.5759
18114.341797	91.639	36.1451
18245.605469	91.012	21.5920
18377.820312	90.479	6.6638
18510.994141	90.044	-8.7614
18645.132812	89.697	-24.7521
18780.242188	89.427	-41.7050
18916.332031	89.227	-59.7454
19053.408203	89.079	-78.8984
19191.476562	88.947	-99.9451
19330.546875	88.764	-123.0082
19470.623047	88.396	-148.0985
19611.714844	87.635	-174.6588
19753.830078	86.332	158.8375
19896.974609	84.753	134.3929
