* Measurement data measured by REW V5.31
* Source: Frequency response averaged data
* Format: Averaged data produced from the rms magnitudes of L, L
* Dated: 16-Apr-2024 00:53:02
* REW Settings:
*  C-weighting compensation: Off
*  Target level: 75.0 dB
* Note: ; Averaged data produced from the rms magnitudes of L, L
* Measurement: Hola L3
* Smoothing: 1/48 octave
* Frequency Step: 1/96 octave
* Start Frequency: 20.000 Hz
*
* Freq(Hz)	SPL(dB)
20.000000	114.426
20.144928	114.461
20.290907	114.483
20.437943	114.494
20.586044	114.493
20.735220	114.478
20.885475	114.456
21.036821	114.425
21.189262	114.390
21.342808	114.358
21.497467	114.329
21.653246	114.314
21.810154	114.311
21.968201	114.326
22.127390	114.363
22.287735	114.420
22.449242	114.497
22.611917	114.595
22.775772	114.704
22.940815	114.828
23.107054	114.955
23.274498	115.084
23.443153	115.205
23.613033	115.314
23.784142	115.406
23.956491	115.472
24.130091	115.514
24.304947	115.525
24.481071	115.507
24.658470	115.464
24.837156	115.398
25.017136	115.323
25.198421	115.241
25.381020	115.171
25.564941	115.114
25.750195	115.082
25.936790	115.074
26.124741	115.083
26.314051	115.108
26.504732	115.130
26.696796	115.147
26.890253	115.143
27.085112	115.120
27.281382	115.075
27.479073	115.017
27.678198	114.954
27.878765	114.903
28.080786	114.871
28.284271	114.869
28.489231	114.899
28.695675	114.952
28.903616	115.022
29.113064	115.086
29.324028	115.138
29.536524	115.162
29.750557	115.158
29.966141	115.124
30.183289	115.074
30.402010	115.016
30.622314	114.967
30.844217	114.940
31.067726	114.940
31.292856	114.965
31.519617	115.006
31.748020	115.050
31.978081	115.077
32.209808	115.081
32.443211	115.052
32.678310	114.999
32.915108	114.929
33.153625	114.864
33.393871	114.818
33.635857	114.804
33.879597	114.823
34.125103	114.863
34.372387	114.912
34.621464	114.943
34.872345	114.947
35.125042	114.917
35.379574	114.862
35.635948	114.804
35.894180	114.760
36.154285	114.757
36.416275	114.800
36.680161	114.882
36.945961	114.989
37.213688	115.090
37.483353	115.167
37.754974	115.211
38.028561	115.217
38.304131	115.198
38.581699	115.166
38.861279	115.132
39.142883	115.104
39.426529	115.081
39.712231	115.059
40.000000	115.035
40.289856	115.007
40.581814	114.979
40.875885	114.958
41.172089	114.948
41.470440	114.948
41.770950	114.951
42.073643	114.951
42.378525	114.940
42.685616	114.917
42.994934	114.887
43.306492	114.854
43.620308	114.823
43.936401	114.799
44.254780	114.780
44.575470	114.770
44.898483	114.768
45.223835	114.775
45.551544	114.789
45.881630	114.802
46.214108	114.806
46.548996	114.794
46.886307	114.766
47.226067	114.729
47.568283	114.695
47.912983	114.673
48.260181	114.664
48.609894	114.666
48.962143	114.675
49.316940	114.690
49.674313	114.716
50.034271	114.751
50.396843	114.786
50.762039	114.803
51.129883	114.784
51.500389	114.729
51.873581	114.656
52.249481	114.595
52.628101	114.572
53.009464	114.582
53.393593	114.597
53.780506	114.587
54.170223	114.544
54.562763	114.497
54.958145	114.486
55.356396	114.531
55.757530	114.607
56.161572	114.665
56.568542	114.664
56.978462	114.612
57.391350	114.553
57.807232	114.527
58.226128	114.532
58.648056	114.525
59.073048	114.470
59.501114	114.381
59.932281	114.317
60.366577	114.327
60.804020	114.389
61.244629	114.432
61.688435	114.401
62.135452	114.313
62.585712	114.234
63.039234	114.208
63.496040	114.210
63.956161	114.177
64.419617	114.088
64.886421	113.983
65.356621	113.921
65.830215	113.915
66.307251	113.923
66.787743	113.907
67.271713	113.877
67.759193	113.860
68.250206	113.864
68.744774	113.865
69.242928	113.847
69.744690	113.821
70.250084	113.798
70.759148	113.776
71.271896	113.750
71.788361	113.729
72.308571	113.721
72.832550	113.712
73.360321	113.680
73.891922	113.631
74.427376	113.595
74.966705	113.587
75.509949	113.591
76.057121	113.579
76.608261	113.543
77.163399	113.496
77.722557	113.460
78.285767	113.443
78.853058	113.439
79.424461	113.426
80.000000	113.390
80.579712	113.342
81.163628	113.309
81.751770	113.296
82.344177	113.281
82.940880	113.250
83.541901	113.213
84.147285	113.181
84.757050	113.153
85.371231	113.123
85.989868	113.093
86.612984	113.072
87.240616	113.059
87.872803	113.042
88.509560	113.013
89.150940	112.977
89.796967	112.941
90.447670	112.909
91.103088	112.878
91.763260	112.847
92.428215	112.820
93.097992	112.794
93.772614	112.765
94.452133	112.734
95.136566	112.703
95.825966	112.669
96.520363	112.638
97.219788	112.609
97.924286	112.579
98.633881	112.545
99.348625	112.506
100.068542	112.463
100.793686	112.421
101.524078	112.384
102.259766	112.352
103.000778	112.323
103.747162	112.297
104.498962	112.277
105.256203	112.264
106.018929	112.252
106.787186	112.231
107.561012	112.210
108.340446	112.200
109.125526	112.186
109.916290	112.154
110.712791	112.116
111.515060	112.078
112.323143	112.035
113.137085	111.986
113.956924	111.938
114.782700	111.909
115.614464	111.889
116.452255	111.856
117.296112	111.819
118.146095	111.791
119.002228	111.767
119.864563	111.745
120.733154	111.723
121.608040	111.685
122.489258	111.643
123.376869	111.617
124.270905	111.599
125.171425	111.573
126.078468	111.550
126.992081	111.538
127.912323	111.520
128.839233	111.484
129.772842	111.456
130.713242	111.431
131.660431	111.374
132.614502	111.310
133.575485	111.296
134.543427	111.300
135.518387	111.256
136.500412	111.201
137.489548	111.185
138.485855	111.178
139.489380	111.151
140.500168	111.106
141.518295	111.059
142.543793	111.023
143.576721	110.995
144.617142	110.970
145.665100	110.951
146.720642	110.930
147.783844	110.899
148.854752	110.858
149.933411	110.823
151.019897	110.799
152.114243	110.788
153.216522	110.786
154.326797	110.774
155.445114	110.753
156.571533	110.724
157.706116	110.690
158.848923	110.660
160.000000	110.627
161.159424	110.598
162.327255	110.577
163.503540	110.555
164.688354	110.534
165.881760	110.510
167.083801	110.482
168.294571	110.448
169.514099	110.414
170.742462	110.376
171.979736	110.332
173.225967	110.293
174.481232	110.256
175.745605	110.222
177.019119	110.193
178.301880	110.157
179.593933	110.128
180.895340	110.106
182.206177	110.078
183.526520	110.058
184.856430	110.050
186.195984	110.037
187.545227	110.022
188.904266	110.016
190.273132	110.007
191.651932	109.987
193.040726	109.971
194.439575	109.961
195.848572	109.940
197.267761	109.903
198.697250	109.869
200.137085	109.851
201.587372	109.842
203.048157	109.827
204.519531	109.797
206.001556	109.761
207.494324	109.733
208.997925	109.715
210.512405	109.702
212.037857	109.689
213.574371	109.670
215.122025	109.643
216.680893	109.613
218.251053	109.585
219.832581	109.555
221.425583	109.526
223.030121	109.499
224.646286	109.475
226.274170	109.452
227.913849	109.428
229.565399	109.404
231.228928	109.382
232.904510	109.363
234.592224	109.346
236.292191	109.331
238.004456	109.316
239.729126	109.297
241.466309	109.275
243.216080	109.253
244.978516	109.232
246.753738	109.213
248.541809	109.197
250.342850	109.180
252.156937	109.161
253.984161	109.139
255.824646	109.117
257.678467	109.095
259.545685	109.073
261.426483	109.051
263.320862	109.032
265.229004	109.011
267.150970	108.991
269.086853	108.974
271.036774	108.958
273.000824	108.938
274.979095	108.913
276.971710	108.889
278.978760	108.869
281.000336	108.856
283.036591	108.843
285.087585	108.827
287.153442	108.810
289.234283	108.797
291.330200	108.789
293.441284	108.780
295.567688	108.766
297.709503	108.749
299.866821	108.738
302.039795	108.732
304.228485	108.726
306.433044	108.716
308.653595	108.706
310.890228	108.698
313.143066	108.692
315.412231	108.685
317.697845	108.677
320.000000	108.670
322.318848	108.661
324.654510	108.648
327.007080	108.635
329.376709	108.623
331.763519	108.611
334.167603	108.599
336.589142	108.586
339.028198	108.572
341.484924	108.560
343.959473	108.550
346.451935	108.538
348.962463	108.522
351.491211	108.504
354.038239	108.488
356.603760	108.473
359.187866	108.460
361.790680	108.449
364.412354	108.438
367.053040	108.425
369.712860	108.414
372.391968	108.406
375.090454	108.399
377.808533	108.392
380.546265	108.381
383.303864	108.371
386.081451	108.361
388.879150	108.351
391.697144	108.339
394.535522	108.327
397.394501	108.318
400.274170	108.312
403.174744	108.307
406.096313	108.302
409.039062	108.294
412.003113	108.284
414.988647	108.274
417.995850	108.264
421.024811	108.257
424.075714	108.250
427.148743	108.244
430.244049	108.236
433.361786	108.228
436.502106	108.220
439.665161	108.213
442.851166	108.205
446.060242	108.195
449.292572	108.186
452.548340	108.180
455.827698	108.175
459.130798	108.169
462.457855	108.164
465.809021	108.159
469.184448	108.154
472.584381	108.147
476.008911	108.139
479.458252	108.133
482.932617	108.127
486.432159	108.121
489.957031	108.117
493.507477	108.113
497.083618	108.109
500.685699	108.104
504.313873	108.098
507.968323	108.093
511.649292	108.088
515.356934	108.082
519.091370	108.076
522.852966	108.072
526.641724	108.072
530.458008	108.071
534.301941	108.067
538.173706	108.063
542.073547	108.060
546.001648	108.059
549.958191	108.059
553.943420	108.058
557.957520	108.057
562.000671	108.057
566.073181	108.055
570.175171	108.053
574.306885	108.051
578.468567	108.051
582.660400	108.050
586.882568	108.049
591.135376	108.050
595.419006	108.051
599.733643	108.051
604.079590	108.052
608.456970	108.054
612.866089	108.055
617.307190	108.056
621.780457	108.055
626.286133	108.057
630.824463	108.060
635.395691	108.062
640.000000	108.064
644.637695	108.066
649.309021	108.068
654.014160	108.072
658.753418	108.077
663.527039	108.084
668.335205	108.090
673.178284	108.096
678.056396	108.101
682.969849	108.104
687.918945	108.109
692.903870	108.116
697.924927	108.124
702.982422	108.131
708.076477	108.139
713.207520	108.148
718.375732	108.158
723.581360	108.167
728.824707	108.175
734.106079	108.183
739.425720	108.192
744.783936	108.204
750.180908	108.218
755.617065	108.230
761.092529	108.240
766.607727	108.252
772.162903	108.267
777.758301	108.282
783.394287	108.296
789.071045	108.313
794.789001	108.332
800.548340	108.351
806.349487	108.369
812.192627	108.387
818.078125	108.407
824.006226	108.427
829.977295	108.448
835.991699	108.471
842.049622	108.494
848.151428	108.519
854.297485	108.543
860.488098	108.569
866.723572	108.596
873.004211	108.623
879.330322	108.647
885.702332	108.672
892.120483	108.700
898.585144	108.729
905.096680	108.760
911.655396	108.793
918.261597	108.827
924.915710	108.863
931.618042	108.900
938.368896	108.939
945.168762	108.973
952.017822	108.998
958.916504	109.013
965.865234	109.025
972.864319	109.044
979.914062	109.079
987.014954	109.129
994.167236	109.185
1001.371399	109.244
1008.627747	109.302
1015.936646	109.359
1023.298584	109.416
1030.713867	109.469
1038.182739	109.518
1045.705933	109.565
1053.283447	109.612
1060.916016	109.660
1068.603882	109.708
1076.347412	109.756
1084.147095	109.805
1092.003296	109.853
1099.916382	109.901
1107.886841	109.951
1115.915039	110.003
1124.001343	110.053
1132.146362	110.103
1140.350342	110.151
1148.613770	110.198
1156.937134	110.244
1165.320801	110.290
1173.765137	110.337
1182.270752	110.383
1190.838013	110.429
1199.467285	110.475
1208.159180	110.520
1216.913940	110.565
1225.732178	110.611
1234.614380	110.656
1243.560913	110.702
1252.572266	110.749
1261.648926	110.796
1270.791382	110.845
1280.000000	110.892
1289.275391	110.940
1298.618042	110.987
1308.028320	111.035
1317.506836	111.082
1327.054077	111.129
1336.670410	111.177
1346.356567	111.225
1356.112793	111.273
1365.939697	111.321
1375.837891	111.368
1385.807739	111.415
1395.849854	111.460
1405.964844	111.505
1416.152954	111.551
1426.415039	111.597
1436.751465	111.643
1447.162720	111.689
1457.649414	111.734
1468.212158	111.780
1478.851440	111.827
1489.567871	111.874
1500.361816	111.921
1511.234131	111.969
1522.185059	112.017
1533.215454	112.064
1544.325806	112.111
1555.516602	112.159
1566.788574	112.207
1578.142090	112.255
1589.578003	112.304
1601.096680	112.353
1612.698975	112.402
1624.385254	112.451
1636.156250	112.499
1648.012451	112.549
1659.954590	112.600
1671.983398	112.650
1684.099243	112.699
1696.302856	112.748
1708.594971	112.797
1720.976196	112.847
1733.447144	112.896
1746.008423	112.945
1758.660645	112.996
1771.404663	113.047
1784.240967	113.097
1797.170288	113.147
1810.193359	113.197
1823.310791	113.247
1836.523193	113.298
1849.831421	113.349
1863.236084	113.401
1876.737793	113.453
1890.337524	113.504
1904.035645	113.554
1917.833008	113.605
1931.730469	113.657
1945.728638	113.710
1959.828125	113.763
1974.029907	113.816
1988.334473	113.867
2002.742798	113.917
2017.255493	113.967
2031.873291	114.017
2046.597168	114.068
2061.427734	114.121
2076.365479	114.173
2091.411865	114.224
2106.566895	114.276
2121.832031	114.327
2137.207764	114.377
2152.694824	114.426
2168.294189	114.475
2184.006592	114.523
2199.832764	114.571
2215.773682	114.620
2231.830078	114.670
2248.002686	114.722
2264.292725	114.772
2280.700684	114.818
2297.227539	114.863
2313.874268	114.908
2330.641602	114.954
2347.530273	115.002
2364.541504	115.048
2381.676025	115.093
2398.934570	115.135
2416.318359	115.176
2433.827881	115.216
2451.464355	115.254
2469.228760	115.291
2487.121826	115.329
2505.144531	115.365
2523.297852	115.399
2541.582764	115.429
2560.000000	115.457
2578.550781	115.484
2597.236084	115.511
2616.056641	115.540
2635.013672	115.570
2654.108154	115.602
2673.340820	115.634
2692.713135	115.669
2712.225586	115.707
2731.879395	115.751
2751.675781	115.804
2771.615479	115.866
2791.699707	115.934
2811.929688	116.007
2832.305908	116.084
2852.830078	116.164
2873.502930	116.245
2894.325439	116.325
2915.298828	116.399
2936.424316	116.465
2957.702881	116.524
2979.135742	116.576
3000.723633	116.619
3022.468262	116.655
3044.370117	116.684
3066.430908	116.710
3088.651611	116.735
3111.033203	116.757
3133.577148	116.776
3156.284180	116.795
3179.156006	116.816
3202.193359	116.838
3225.397949	116.858
3248.770508	116.878
3272.312500	116.899
3296.024902	116.921
3319.909180	116.941
3343.966797	116.957
3368.198486	116.964
3392.605713	116.967
3417.189941	116.967
3441.952393	116.963
3466.894287	116.953
3492.016846	116.937
3517.321289	116.920
3542.809326	116.902
3568.481934	116.881
3594.340576	116.857
3620.386719	116.829
3646.621582	116.804
3673.046387	116.783
3699.662842	116.762
3726.472168	116.739
3753.475586	116.715
3780.675049	116.696
3808.071289	116.678
3835.666016	116.656
3863.460938	116.631
3891.457275	116.601
3919.656250	116.570
3948.059814	116.536
3976.668945	116.496
4005.485596	116.441
4034.510986	116.364
4063.746582	116.272
4093.194336	116.173
4122.855469	116.065
4152.730957	115.946
4182.823730	115.818
4213.133789	115.684
4243.664062	115.547
4274.415527	115.408
4305.389648	115.269
4336.588379	115.128
4368.013184	114.982
4399.665527	114.834
4431.547363	114.684
4463.660156	114.535
4496.005371	114.385
4528.585449	114.235
4561.401367	114.084
4594.455078	113.931
4627.748535	113.777
4661.283203	113.623
4695.060547	113.468
4729.083008	113.312
4763.352051	113.159
4797.869141	113.009
4832.636719	112.860
4867.655762	112.714
4902.928711	112.574
4938.457520	112.441
4974.243652	112.313
5010.289062	112.189
5046.595703	112.069
5083.165527	111.956
5120.000000	111.848
5157.101562	111.745
5194.472168	111.644
5232.113281	111.548
5270.027344	111.461
5308.216309	111.382
5346.681641	111.310
5385.426270	111.243
5424.451172	111.184
5463.758789	111.138
5503.351562	111.103
5543.230957	111.078
5583.399414	111.068
5623.859375	111.074
5664.611816	111.097
5705.660156	111.130
5747.005859	111.173
5788.650879	111.224
5830.597656	111.283
5872.848633	111.350
5915.405762	111.424
5958.271484	111.507
6001.447266	111.592
6044.936523	111.672
6088.740234	111.752
6132.861816	111.835
6177.303223	111.917
6222.066406	111.997
6267.154297	112.077
6312.568359	112.155
6358.312012	112.234
6404.386719	112.313
6450.795898	112.394
6497.541016	112.475
6544.625000	112.558
6592.049805	112.641
6639.818359	112.725
6687.933594	112.808
6736.396973	112.897
6785.211426	112.997
6834.379883	113.099
6883.904785	113.201
6933.788574	113.303
6984.033691	113.409
7034.642578	113.523
7085.618652	113.649
7136.963867	113.781
7188.681152	113.915
7240.773438	114.058
7293.243164	114.216
7346.092773	114.387
7399.325684	114.565
7452.944336	114.751
7506.951172	114.941
7561.350098	115.129
7616.142578	115.305
7671.332031	115.453
7726.921875	115.550
7782.914551	115.575
7839.312500	115.521
7896.119629	115.388
7953.337891	115.182
8010.971191	114.909
8069.021973	114.571
8127.493164	114.169
8186.388672	113.702
8245.710938	113.177
8305.461914	112.608
8365.647461	112.005
8426.267578	111.383
8487.328125	110.754
8548.831055	110.126
8610.779297	109.504
8673.176758	108.895
8736.026367	108.300
8799.331055	107.722
8863.094727	107.159
8927.320312	106.611
8992.010742	106.076
9057.170898	105.555
9122.802734	105.050
9188.910156	104.558
9255.497070	104.079
9322.566406	103.607
9390.121094	103.145
9458.166016	102.698
9526.704102	102.264
9595.738281	101.842
9665.273438	101.433
9735.311523	101.040
9805.857422	100.662
9876.915039	100.299
9948.487305	99.958
10020.578125	99.647
10093.191406	99.372
10166.331055	99.138
10240.000000	98.962
10314.203125	98.869
10388.944336	98.885
10464.226562	99.024
10540.054688	99.293
10616.432617	99.696
10693.363281	100.209
10770.852539	100.787
10848.902344	101.377
10927.517578	101.925
11006.703125	102.396
11086.461914	102.769
11166.798828	103.039
11247.718750	103.221
11329.223633	103.342
11411.320312	103.423
11494.011719	103.487
11577.301758	103.550
11661.195312	103.626
11745.697266	103.729
11830.811523	103.863
11916.542969	104.033
12002.894531	104.242
12089.873047	104.497
12177.480469	104.804
12265.723633	105.168
12354.606445	105.598
12444.132812	106.096
12534.308594	106.671
12625.136719	107.334
12716.624023	108.094
12808.773438	108.961
12901.591797	109.938
12995.082031	111.019
13089.250000	112.165
13184.099609	113.278
13279.636719	114.203
13375.867188	114.770
13472.793945	114.865
13570.422852	114.474
13668.759766	113.677
13767.809570	112.608
13867.577148	111.424
13968.067383	110.269
14069.285156	109.265
14171.237305	108.446
14273.927734	107.772
14377.362305	107.209
14481.546875	106.726
14586.486328	106.294
14692.185547	105.917
14798.651367	105.609
14905.888672	105.368
15013.902344	105.181
15122.700195	105.036
15232.285156	104.940
15342.664062	104.893
15453.843750	104.873
15565.829102	104.850
15678.625000	104.816
15792.239258	104.775
15906.675781	104.703
16021.942383	104.539
16138.043945	104.229
16254.986328	103.785
16372.777344	103.241
16491.421875	102.675
16610.923828	102.183
16731.294922	101.733
16852.535156	101.250
16974.656250	100.698
17097.662109	100.069
17221.558594	99.372
17346.353516	98.618
17472.052734	97.817
17598.662109	96.978
17726.189453	96.124
17854.640625	95.274
17984.021484	94.443
18114.341797	93.639
18245.605469	92.867
18377.820312	92.128
18510.994141	91.444
18645.132812	90.825
18780.242188	90.253
18916.332031	89.734
19053.408203	89.276
19191.476562	88.863
19330.546875	88.488
19470.623047	88.082
19611.714844	87.375
19753.830078	86.017
19896.974609	84.115
