* Measurement data measured by REW V5.31.1
* Source: Input device not selected, no input selected, R, volume: no control. Timing signal peak level -17.9 dBFS, measurement signal peak level -17.8 dBFS
* Format: 256k Log Swept Sine, 1 sweep at -12.0 dBFS using an acoustic timing reference
* Dated: 31-Jul-2024 15:02:07
* REW Settings:
*  C-weighting compensation: Off
*  Target level: 75.0 dB
* Note: ; Delay -0.0933 ms (-32 mm, -1.26 in) using estimated IR delay relative to Acoustic reference played from  R with no timing offset
* Measurement: IE600Sil R1
* Smoothing: 1/24 octave
* Frequency Step: 1/96 octave
* Start Frequency: 20.000 Hz
*
* Freq(Hz)	SPL(dB)	Phase(degrees)
20.000000	119.366	-153.9092
20.144928	119.370	-154.3752
20.290907	119.373	-154.8419
20.437943	119.375	-155.3089
20.586044	119.377	-155.7758
20.735220	119.377	-156.2421
20.885475	119.376	-156.7070
21.036821	119.374	-157.1695
21.189262	119.370	-157.6279
21.342808	119.366	-158.0805
21.497467	119.360	-158.5255
21.653246	119.353	-158.9610
21.810154	119.345	-159.3856
21.968201	119.338	-159.7986
22.127390	119.331	-160.2001
22.287735	119.325	-160.5914
22.449242	119.321	-160.9750
22.611917	119.318	-161.3544
22.775772	119.317	-161.7339
22.940815	119.319	-162.1179
23.107054	119.321	-162.5108
23.274498	119.325	-162.9158
23.443153	119.328	-163.3346
23.613033	119.331	-163.7675
23.784142	119.332	-164.2125
23.956491	119.330	-164.6658
24.130091	119.326	-165.1227
24.304947	119.319	-165.5776
24.481071	119.309	-166.0257
24.658470	119.297	-166.4628
24.837156	119.283	-166.8868
25.017136	119.268	-167.2974
25.198421	119.254	-167.6961
25.381020	119.239	-168.0859
25.564941	119.224	-168.4700
25.750195	119.209	-168.8513
25.936790	119.193	-169.2309
26.124741	119.176	-169.6077
26.314051	119.157	-169.9789
26.504732	119.136	-170.3395
26.696796	119.113	-170.6849
26.890253	119.090	-171.0105
27.085112	119.066	-171.3147
27.281382	119.043	-171.5987
27.479073	119.023	-171.8672
27.678198	119.005	-172.1269
27.878765	118.990	-172.3858
28.080786	118.978	-172.6505
28.284271	118.966	-172.9250
28.489231	118.955	-173.2092
28.695675	118.944	-173.4992
28.903616	118.931	-173.7892
29.113064	118.918	-174.0733
29.324028	118.906	-174.3492
29.536524	118.896	-174.6192
29.750557	118.891	-174.8928
29.966141	118.891	-175.1831
30.183289	118.894	-175.5066
30.402010	118.900	-175.8755
30.622314	118.904	-176.2964
30.844217	118.903	-176.7647
31.067726	118.894	-177.2669
31.292856	118.875	-177.7797
31.519617	118.847	-178.2780
31.748020	118.812	-178.7384
31.978081	118.772	-179.1462
32.209808	118.734	-179.4987
32.443211	118.699	-179.8065
32.678310	118.672	179.9099
32.915108	118.651	179.6275
33.153625	118.635	179.3253
33.393871	118.620	178.9938
33.635857	118.605	178.6345
33.879597	118.586	178.2603
34.125103	118.562	177.8879
34.372387	118.535	177.5328
34.621464	118.507	177.2031
34.872345	118.481	176.8965
35.125042	118.458	176.6022
35.379574	118.438	176.3049
35.635948	118.420	175.9926
35.894180	118.401	175.6611
36.154285	118.380	175.3160
36.416275	118.354	174.9709
36.680161	118.324	174.6407
36.945961	118.292	174.3360
37.213688	118.261	174.0588
37.483353	118.233	173.8002
37.754974	118.208	173.5455
38.028561	118.187	173.2782
38.304131	118.167	172.9881
38.581699	118.146	172.6749
38.861279	118.120	172.3478
39.142883	118.090	172.0223
39.426529	118.055	171.7139
39.712231	118.018	171.4320
40.000000	117.981	171.1779
40.289856	117.946	170.9449
40.581814	117.914	170.7219
40.875885	117.884	170.4984
41.172089	117.855	170.2686
41.470440	117.828	170.0313
41.770950	117.800	169.7889
42.073643	117.772	169.5444
42.378525	117.744	169.2992
42.685616	117.715	169.0530
42.994934	117.686	168.8057
43.306492	117.655	168.5591
43.620308	117.623	168.3180
43.936401	117.590	168.0886
44.254780	117.557	167.8745
44.575470	117.526	167.6734
44.898483	117.497	167.4763
45.223835	117.470	167.2709
45.551544	117.443	167.0468
45.881630	117.416	166.8011
46.214108	117.384	166.5402
46.548996	117.349	166.2772
46.886307	117.309	166.0265
47.226067	117.267	165.7976
47.568283	117.225	165.5917
47.912983	117.184	165.4033
48.260181	117.146	165.2237
48.609894	117.110	165.0453
48.962143	117.076	164.8627
49.316940	117.044	164.6728
49.674313	117.012	164.4738
50.034271	116.981	164.2644
50.396843	116.949	164.0450
50.762039	116.916	163.8179
51.129883	116.881	163.5875
51.500389	116.844	163.3592
51.873581	116.805	163.1379
52.249481	116.766	162.9274
52.628101	116.726	162.7293
53.009464	116.688	162.5427
53.393593	116.651	162.3639
53.780506	116.615	162.1871
54.170223	116.581	162.0068
54.562763	116.545	161.8209
54.958145	116.507	161.6327
55.356396	116.467	161.4492
55.757530	116.425	161.2780
56.161572	116.382	161.1223
56.568542	116.340	160.9806
56.978462	116.298	160.8478
57.391350	116.257	160.7189
57.807232	116.216	160.5914
58.226128	116.175	160.4652
58.648056	116.135	160.3412
59.073048	116.095	160.2189
59.501114	116.056	160.0959
59.932281	116.018	159.9670
60.366577	115.981	159.8273
60.804020	115.942	159.6745
61.244629	115.902	159.5125
61.688435	115.859	159.3508
62.135452	115.815	159.1998
62.585712	115.770	159.0647
63.039234	115.725	158.9420
63.496040	115.682	158.8237
63.956161	115.640	158.7043
64.419617	115.597	158.5847
64.886421	115.553	158.4697
65.356621	115.508	158.3624
65.830215	115.464	158.2618
66.307251	115.419	158.1661
66.787743	115.373	158.0754
67.271713	115.327	157.9916
67.759193	115.280	157.9146
68.250206	115.232	157.8423
68.744774	115.184	157.7744
69.242928	115.134	157.7148
69.744690	115.084	157.6669
70.250084	115.035	157.6295
70.759148	114.985	157.5977
71.271896	114.936	157.5714
71.788361	114.886	157.5586
72.308571	114.835	157.5681
72.832550	114.787	157.6015
73.360321	114.741	157.6546
73.891922	114.698	157.7271
74.427376	114.660	157.8252
74.966705	114.628	157.9498
75.509949	114.608	158.0827
76.057121	114.598	158.1884
76.608261	114.598	158.2294
77.163399	114.600	158.1846
77.722557	114.600	158.0567
78.285767	114.592	157.8678
78.853058	114.575	157.6495
79.424461	114.548	157.4297
80.000000	114.514	157.2255
80.579712	114.474	157.0428
81.163628	114.431	156.8813
81.751770	114.385	156.7375
82.344177	114.339	156.6057
82.940880	114.290	156.4814
83.541901	114.240	156.3654
84.147285	114.188	156.2623
84.757050	114.134	156.1747
85.371231	114.081	156.1009
85.989868	114.027	156.0378
86.612984	113.974	155.9844
87.240616	113.920	155.9418
87.872803	113.866	155.9109
88.509560	113.813	155.8907
89.150940	113.760	155.8774
89.796967	113.707	155.8680
90.447670	113.654	155.8617
91.103088	113.600	155.8597
91.763260	113.545	155.8642
92.428215	113.488	155.8786
93.097992	113.431	155.9068
93.772614	113.372	155.9507
94.452133	113.313	156.0095
95.136566	113.252	156.0831
95.825966	113.189	156.1741
96.520363	113.124	156.2858
97.219788	113.057	156.4231
97.924286	112.989	156.5937
98.633881	112.922	156.7999
99.348625	112.856	157.0346
100.068542	112.793	157.2932
100.793686	112.732	157.5820
101.524078	112.676	157.9070
102.259766	112.624	158.2697
103.000778	112.579	158.6774
103.747162	112.543	159.1351
104.498962	112.517	159.6289
105.256203	112.503	160.1430
106.018929	112.500	160.6758
106.787186	112.511	161.2169
107.561012	112.537	161.7333
108.340446	112.579	162.1873
109.125526	112.634	162.5427
109.916290	112.699	162.7614
110.712791	112.766	162.8203
111.515060	112.829	162.7267
112.323143	112.882	162.5082
113.137085	112.920	162.2010
113.956924	112.942	161.8521
114.782700	112.950	161.5042
115.614464	112.947	161.1740
116.452255	112.933	160.8687
117.296112	112.911	160.5996
118.146095	112.882	160.3664
119.002228	112.848	160.1701
119.864563	112.813	160.0206
120.733154	112.780	159.8992
121.608040	112.749	159.7713
122.489258	112.719	159.6284
123.376869	112.688	159.4778
124.270905	112.654	159.3291
125.171425	112.617	159.1940
126.078468	112.578	159.0782
126.992081	112.535	158.9809
127.912323	112.488	158.9022
128.839233	112.436	158.8492
129.772842	112.381	158.8280
130.713242	112.327	158.8303
131.660431	112.272	158.8471
132.614502	112.219	158.8816
133.575485	112.169	158.9359
134.543427	112.121	159.0087
135.518387	112.076	159.1094
136.500412	112.034	159.2503
137.489548	111.996	159.4244
138.485855	111.963	159.6115
139.489380	111.933	159.8069
140.500168	111.909	160.0032
141.518295	111.891	160.1626
142.543793	111.876	160.2495
143.576721	111.859	160.2657
144.617142	111.839	160.2379
145.665100	111.814	160.1895
146.720642	111.784	160.1375
147.783844	111.749	160.1001
148.854752	111.711	160.0900
149.933411	111.672	160.1085
151.019897	111.633	160.1486
152.114243	111.596	160.1979
153.216522	111.560	160.2469
154.326797	111.525	160.2927
155.445114	111.493	160.3390
156.571533	111.462	160.3912
157.706116	111.432	160.4528
158.848923	111.402	160.5236
160.000000	111.372	160.6041
161.159424	111.342	160.6930
162.327255	111.312	160.7853
163.503540	111.281	160.8788
164.688354	111.247	160.9753
165.881760	111.210	161.0770
167.083801	111.169	161.1848
168.294571	111.126	161.2994
169.514099	111.080	161.4187
170.742462	111.032	161.5378
171.979736	110.982	161.6542
173.225967	110.931	161.7719
174.481232	110.881	161.8932
175.745605	110.834	162.0150
177.019119	110.790	162.1359
178.301880	110.749	162.2594
179.593933	110.711	162.3881
180.895340	110.678	162.5211
182.206177	110.649	162.6560
183.526520	110.623	162.7923
184.856430	110.599	162.9310
186.195984	110.576	163.0727
187.545227	110.553	163.2173
188.904266	110.531	163.3657
190.273132	110.507	163.5184
191.651932	110.483	163.6759
193.040726	110.458	163.8381
194.439575	110.431	164.0027
195.848572	110.404	164.1671
197.267761	110.374	164.3306
198.697250	110.343	164.4923
200.137085	110.312	164.6540
201.587372	110.279	164.8187
203.048157	110.247	164.9872
204.519531	110.215	165.1578
206.001556	110.184	165.3293
207.494324	110.153	165.5015
208.997925	110.122	165.6745
210.512405	110.092	165.8508
212.037857	110.062	166.0328
213.574371	110.033	166.2192
215.122025	110.004	166.4076
216.680893	109.975	166.5961
218.251053	109.945	166.7852
219.832581	109.915	166.9769
221.425583	109.884	167.1731
223.030121	109.853	167.3739
224.646286	109.822	167.5783
226.274170	109.791	167.7856
227.913849	109.761	167.9956
229.565399	109.731	168.2097
231.228928	109.702	168.4288
232.904510	109.673	168.6522
234.592224	109.645	168.8777
236.292191	109.618	169.1048
238.004456	109.590	169.3362
239.729126	109.563	169.5748
241.466309	109.536	169.8222
243.216080	109.509	170.0808
244.978516	109.484	170.3532
246.753738	109.460	170.6398
248.541809	109.439	170.9395
250.342850	109.420	171.2496
252.156937	109.405	171.5646
253.984161	109.394	171.8764
255.824646	109.388	172.1746
257.678467	109.386	172.4485
259.545685	109.386	172.6906
261.426483	109.387	172.8976
263.320862	109.387	173.0721
265.229004	109.383	173.2214
267.150970	109.376	173.3550
269.086853	109.364	173.4829
271.036774	109.349	173.6123
273.000824	109.331	173.7479
274.979095	109.311	173.8920
276.971710	109.290	174.0453
278.978760	109.268	174.2093
281.000336	109.247	174.3857
283.036591	109.226	174.5757
285.087585	109.206	174.7779
287.153442	109.186	174.9882
289.234283	109.166	175.2019
291.330200	109.146	175.4149
293.441284	109.127	175.6252
295.567688	109.107	175.8334
297.709503	109.088	176.0416
299.866821	109.069	176.2527
302.039795	109.050	176.4696
304.228485	109.031	176.6920
306.433044	109.012	176.9178
308.653595	108.993	177.1453
310.890228	108.974	177.3743
313.143066	108.955	177.6058
315.412231	108.937	177.8411
317.697845	108.919	178.0807
320.000000	108.901	178.3244
322.318848	108.883	178.5717
324.654510	108.866	178.8222
327.007080	108.848	179.0746
329.376709	108.831	179.3272
331.763519	108.814	179.5799
334.167603	108.798	179.8332
336.589142	108.782	-179.9125
339.028198	108.766	-179.6570
341.484924	108.750	-179.4000
343.959473	108.735	-179.1421
346.451935	108.720	-178.8838
348.962463	108.705	-178.6250
351.491211	108.690	-178.3656
354.038239	108.676	-178.1059
356.603760	108.662	-177.8442
359.187866	108.648	-177.5792
361.790680	108.634	-177.3108
364.412354	108.621	-177.0399
367.053040	108.607	-176.7662
369.712860	108.594	-176.4890
372.391968	108.580	-176.2080
375.090454	108.567	-175.9245
377.808533	108.554	-175.6403
380.546265	108.541	-175.3563
383.303864	108.528	-175.0726
386.081451	108.517	-174.7894
388.879150	108.505	-174.5069
391.697144	108.494	-174.2242
394.535522	108.484	-173.9402
397.394501	108.473	-173.6550
400.274170	108.463	-173.3693
403.174744	108.453	-173.0828
406.096313	108.443	-172.7947
409.039062	108.434	-172.5043
412.003113	108.425	-172.2119
414.988647	108.416	-171.9176
417.995850	108.408	-171.6213
421.024811	108.399	-171.3223
424.075714	108.390	-171.0220
427.148743	108.380	-170.7219
430.244049	108.370	-170.4209
433.361786	108.361	-170.1168
436.502106	108.352	-169.8105
439.665161	108.344	-169.5039
442.851166	108.336	-169.1978
446.060242	108.328	-168.8926
449.292572	108.321	-168.5862
452.548340	108.314	-168.2765
455.827698	108.307	-167.9639
459.130798	108.300	-167.6494
462.457855	108.293	-167.3336
465.809021	108.287	-167.0170
469.184448	108.280	-166.7002
472.584381	108.274	-166.3817
476.008911	108.269	-166.0582
479.458252	108.263	-165.7297
482.932617	108.257	-165.3983
486.432159	108.251	-165.0647
489.957031	108.246	-164.7297
493.507477	108.240	-164.3938
497.083618	108.235	-164.0581
500.685699	108.230	-163.7226
504.313873	108.226	-163.3868
507.968323	108.222	-163.0489
511.649292	108.218	-162.7080
515.356934	108.215	-162.3650
519.091370	108.212	-162.0217
522.852966	108.210	-161.6776
526.641724	108.207	-161.3300
530.458008	108.205	-160.9775
534.301941	108.203	-160.6211
538.173706	108.200	-160.2620
542.073547	108.198	-159.9008
546.001648	108.196	-159.5385
549.958191	108.194	-159.1754
553.943420	108.192	-158.8104
557.957520	108.191	-158.4427
562.000671	108.190	-158.0724
566.073181	108.189	-157.6999
570.175171	108.190	-157.3254
574.306885	108.190	-156.9490
578.468567	108.191	-156.5717
582.660400	108.192	-156.1934
586.882568	108.194	-155.8126
591.135376	108.195	-155.4282
595.419006	108.198	-155.0388
599.733643	108.200	-154.6450
604.079590	108.203	-154.2480
608.456970	108.206	-153.8486
612.866089	108.210	-153.4482
617.307190	108.213	-153.0462
621.780457	108.216	-152.6409
626.286133	108.219	-152.2312
630.824463	108.223	-151.8182
635.395691	108.228	-151.4035
640.000000	108.233	-150.9874
644.637695	108.239	-150.5703
649.309021	108.245	-150.1529
654.014160	108.252	-149.7348
658.753418	108.259	-149.3144
663.527039	108.267	-148.8914
668.335205	108.275	-148.4652
673.178284	108.284	-148.0347
678.056396	108.293	-147.5994
682.969849	108.303	-147.1608
687.918945	108.312	-146.7204
692.903870	108.323	-146.2790
697.924927	108.333	-145.8361
702.982422	108.343	-145.3895
708.076477	108.354	-144.9376
713.207520	108.366	-144.4790
718.375732	108.378	-144.0139
723.581360	108.390	-143.5450
728.824707	108.404	-143.0741
734.106079	108.418	-142.6016
739.425720	108.432	-142.1275
744.783936	108.448	-141.6520
750.180908	108.464	-141.1757
755.617065	108.481	-140.6975
761.092529	108.498	-140.2153
766.607727	108.516	-139.7279
772.162903	108.535	-139.2358
777.758301	108.554	-138.7402
783.394287	108.574	-138.2419
789.071045	108.595	-137.7419
794.789001	108.617	-137.2403
800.548340	108.639	-136.7372
806.349487	108.662	-136.2315
812.192627	108.685	-135.7216
818.078125	108.710	-135.2070
824.006226	108.735	-134.6893
829.977295	108.761	-134.1699
835.991699	108.788	-133.6500
842.049622	108.815	-133.1298
848.151428	108.844	-132.6085
854.297485	108.874	-132.0854
860.488098	108.906	-131.5609
866.723572	108.938	-131.0356
873.004211	108.970	-130.5097
879.330322	109.003	-129.9830
885.702332	109.037	-129.4545
892.120483	109.070	-128.9233
898.585144	109.106	-128.3895
905.096680	109.142	-127.8549
911.655396	109.181	-127.3217
918.261597	109.221	-126.7888
924.915710	109.262	-126.2542
931.618042	109.304	-125.7181
938.368896	109.345	-125.1818
945.168762	109.383	-124.6477
952.017822	109.416	-124.1173
958.916504	109.444	-123.5909
965.865234	109.473	-123.0697
972.864319	109.508	-122.5548
979.914062	109.554	-122.0472
987.014954	109.610	-121.5481
994.167236	109.673	-121.0585
1001.371399	109.740	-120.5778
1008.627747	109.807	-120.1038
1015.936646	109.874	-119.6357
1023.298584	109.940	-119.1754
1030.713867	110.003	-118.7249
1038.182739	110.064	-118.2848
1045.705933	110.123	-117.8538
1053.283447	110.181	-117.4303
1060.916016	110.237	-117.0128
1068.603882	110.294	-116.6012
1076.347412	110.350	-116.1973
1084.147095	110.405	-115.8023
1092.003296	110.460	-115.4160
1099.916382	110.515	-115.0375
1107.886841	110.570	-114.6670
1115.915039	110.624	-114.3041
1124.001343	110.678	-113.9484
1132.146362	110.732	-113.5995
1140.350342	110.786	-113.2569
1148.613770	110.838	-112.9210
1156.937134	110.890	-112.5914
1165.320801	110.940	-112.2672
1173.765137	110.989	-111.9481
1182.270752	111.038	-111.6337
1190.838013	111.085	-111.3236
1199.467285	111.132	-111.0174
1208.159180	111.178	-110.7149
1216.913940	111.223	-110.4157
1225.732178	111.268	-110.1184
1234.614380	111.313	-109.8213
1243.560913	111.357	-109.5230
1252.572266	111.402	-109.2219
1261.648926	111.446	-108.9175
1270.791382	111.489	-108.6087
1280.000000	111.533	-108.2935
1289.275391	111.577	-107.9703
1298.618042	111.621	-107.6386
1308.028320	111.665	-107.2988
1317.506836	111.710	-106.9519
1327.054077	111.755	-106.5986
1336.670410	111.801	-106.2394
1346.356567	111.846	-105.8734
1356.112793	111.891	-105.4999
1365.939697	111.935	-105.1170
1375.837891	111.978	-104.7211
1385.807739	112.021	-104.3066
1395.849854	112.064	-103.8669
1405.964844	112.109	-103.3959
1416.152954	112.156	-102.8883
1426.415039	112.208	-102.3418
1436.751465	112.267	-101.7596
1447.162720	112.336	-101.1521
1457.649414	112.416	-100.5367
1468.212158	112.509	-99.9370
1478.851440	112.613	-99.3804
1489.567871	112.728	-98.8945
1500.361816	112.849	-98.5014
1511.234131	112.971	-98.2121
1522.185059	113.091	-98.0241
1533.215454	113.203	-97.9215
1544.325806	113.305	-97.8806
1555.516602	113.396	-97.8751
1566.788574	113.475	-97.8821
1578.142090	113.545	-97.8848
1589.578003	113.607	-97.8717
1601.096680	113.662	-97.8349
1612.698975	113.711	-97.7696
1624.385254	113.757	-97.6738
1636.156250	113.799	-97.5471
1648.012451	113.839	-97.3901
1659.954590	113.878	-97.2021
1671.983398	113.915	-96.9817
1684.099243	113.951	-96.7280
1696.302856	113.987	-96.4402
1708.594971	114.023	-96.1168
1720.976196	114.061	-95.7549
1733.447144	114.102	-95.3513
1746.008423	114.147	-94.9037
1758.660645	114.198	-94.4127
1771.404663	114.258	-93.8830
1784.240967	114.328	-93.3262
1797.170288	114.413	-92.7615
1810.193359	114.512	-92.2161
1823.310791	114.625	-91.7221
1836.523193	114.749	-91.3107
1849.831421	114.880	-91.0059
1863.236084	115.012	-90.8173
1876.737793	115.140	-90.7377
1890.337524	115.258	-90.7466
1904.035645	115.365	-90.8156
1917.833008	115.458	-90.9137
1931.730469	115.539	-91.0116
1945.728638	115.610	-91.0855
1959.828125	115.673	-91.1172
1974.029907	115.732	-91.0951
1988.334473	115.790	-91.0145
2002.742798	115.851	-90.8782
2017.255493	115.919	-90.6974
2031.873291	115.996	-90.4930
2046.597168	116.086	-90.2943
2061.427734	116.188	-90.1358
2076.365479	116.300	-90.0514
2091.411865	116.417	-90.0677
2106.566895	116.534	-90.1974
2121.832031	116.645	-90.4368
2137.207764	116.746	-90.7685
2152.694824	116.834	-91.1670
2168.294189	116.908	-91.6058
2184.006592	116.968	-92.0612
2199.832764	117.016	-92.5151
2215.773682	117.052	-92.9545
2231.830078	117.079	-93.3716
2248.002686	117.097	-93.7613
2264.292725	117.109	-94.1198
2280.700684	117.113	-94.4446
2297.227539	117.112	-94.7339
2313.874268	117.107	-94.9857
2330.641602	117.098	-95.1985
2347.530273	117.085	-95.3721
2364.541504	117.071	-95.5066
2381.676025	117.055	-95.6029
2398.934570	117.038	-95.6625
2416.318359	117.022	-95.6874
2433.827881	117.008	-95.6805
2451.464355	116.996	-95.6467
2469.228760	116.988	-95.5942
2487.121826	116.986	-95.5359
2505.144531	116.988	-95.4884
2523.297852	116.994	-95.4688
2541.582764	117.001	-95.4906
2560.000000	117.007	-95.5595
2578.550781	117.008	-95.6722
2597.236084	117.003	-95.8182
2616.056641	116.990	-95.9828
2635.013672	116.968	-96.1514
2654.108154	116.937	-96.3105
2673.340820	116.899	-96.4494
2692.713135	116.853	-96.5599
2712.225586	116.800	-96.6367
2731.879395	116.743	-96.6761
2751.675781	116.680	-96.6764
2771.615479	116.614	-96.6363
2791.699707	116.545	-96.5550
2811.929688	116.474	-96.4330
2832.305908	116.402	-96.2725
2852.830078	116.328	-96.0762
2873.502930	116.254	-95.8473
2894.325439	116.180	-95.5878
2915.298828	116.106	-95.2997
2936.424316	116.031	-94.9849
2957.702881	115.957	-94.6450
2979.135742	115.883	-94.2805
3000.723633	115.809	-93.8908
3022.468262	115.735	-93.4754
3044.370117	115.663	-93.0346
3066.430908	115.591	-92.5699
3088.651611	115.521	-92.0828
3111.033203	115.453	-91.5745
3133.577148	115.387	-91.0460
3156.284180	115.323	-90.4978
3179.156006	115.263	-89.9304
3202.193359	115.205	-89.3433
3225.397949	115.150	-88.7365
3248.770508	115.098	-88.1108
3272.312500	115.049	-87.4665
3296.024902	115.002	-86.8035
3319.909180	114.956	-86.1222
3343.966797	114.908	-85.4234
3368.198486	114.858	-84.7070
3392.605713	114.805	-83.9718
3417.189941	114.749	-83.2165
3441.952393	114.691	-82.4401
3466.894287	114.630	-81.6421
3492.016846	114.566	-80.8221
3517.321289	114.502	-79.9792
3542.809326	114.439	-79.1132
3568.481934	114.377	-78.2239
3594.340576	114.317	-77.3120
3620.386719	114.260	-76.3783
3646.621582	114.207	-75.4232
3673.046387	114.159	-74.4477
3699.662842	114.116	-73.4527
3726.472168	114.079	-72.4392
3753.475586	114.048	-71.4075
3780.675049	114.025	-70.3579
3808.071289	114.008	-69.2915
3835.666016	113.995	-68.2090
3863.460938	113.985	-67.1105
3891.457275	113.977	-65.9957
3919.656250	113.970	-64.8640
3948.059814	113.963	-63.7140
3976.668945	113.955	-62.5446
4005.485596	113.943	-61.3557
4034.510986	113.925	-60.1485
4063.746582	113.905	-58.9242
4093.194336	113.884	-57.6846
4122.855469	113.862	-56.4325
4152.730957	113.840	-55.1720
4182.823730	113.820	-53.9076
4213.133789	113.804	-52.6432
4243.664062	113.793	-51.3827
4274.415527	113.789	-50.1304
4305.389648	113.790	-48.8894
4336.588379	113.798	-47.6616
4368.013184	113.813	-46.4478
4399.665527	113.834	-45.2486
4431.547363	113.860	-44.0642
4463.660156	113.890	-42.8946
4496.005371	113.925	-41.7392
4528.585449	113.964	-40.5977
4561.401367	114.007	-39.4704
4594.455078	114.054	-38.3580
4627.748535	114.105	-37.2616
4661.283203	114.160	-36.1832
4695.060547	114.218	-35.1257
4729.083008	114.281	-34.0929
4763.352051	114.346	-33.0893
4797.869141	114.416	-32.1192
4832.636719	114.488	-31.1868
4867.655762	114.562	-30.2954
4902.928711	114.639	-29.4475
4938.457520	114.716	-28.6452
4974.243652	114.793	-27.8897
5010.289062	114.867	-27.1811
5046.595703	114.938	-26.5175
5083.165527	115.002	-25.8965
5120.000000	115.059	-25.3152
5157.101562	115.106	-24.7715
5194.472168	115.142	-24.2633
5232.113281	115.165	-23.7883
5270.027344	115.175	-23.3430
5308.216309	115.171	-22.9223
5346.681641	115.149	-22.5184
5385.426270	115.110	-22.1203
5424.451172	115.053	-21.7142
5463.758789	114.975	-21.2825
5503.351562	114.877	-20.8044
5543.230957	114.757	-20.2549
5583.399414	114.617	-19.6032
5623.859375	114.457	-18.8134
5664.611816	114.277	-17.8447
5705.660156	114.080	-16.6514
5747.005859	113.869	-15.1840
5788.650879	113.650	-13.3916
5830.597656	113.431	-11.2251
5872.848633	113.225	-8.6434
5915.405762	113.045	-5.6215
5958.271484	112.907	-2.1595
6001.447266	112.830	1.7084
6044.936523	112.832	5.9054
6088.740234	112.930	10.3099
6132.861816	113.133	14.7654
6177.303223	113.445	19.0941
6222.066406	113.859	23.1174
6267.154297	114.363	26.6791
6312.568359	114.939	29.6604
6358.312012	115.566	31.9818
6404.386719	116.225	33.5986
6450.795898	116.894	34.4955
6497.541016	117.554	34.6809
6544.625000	118.187	34.1832
6592.049805	118.774	33.0504
6639.818359	119.299	31.3506
6687.933594	119.750	29.1724
6736.396973	120.115	26.6227
6785.211426	120.388	23.8209
6834.379883	120.566	20.8922
6883.904785	120.651	17.9592
6933.788574	120.651	15.1332
6984.033691	120.574	12.5058
7034.642578	120.434	10.1437
7085.618652	120.243	8.0858
7136.963867	120.015	6.3430
7188.681152	119.762	4.9023
7240.773438	119.492	3.7332
7293.243164	119.213	2.7985
7346.092773	118.927	2.0630
7399.325684	118.636	1.4967
7452.944336	118.340	1.0751
7506.951172	118.037	0.7775
7561.350098	117.727	0.5871
7616.142578	117.406	0.4921
7671.332031	117.072	0.4896
7726.921875	116.721	0.5881
7782.914551	116.348	0.8116
7839.312500	115.950	1.2023
7896.119629	115.527	1.8212
7953.337891	115.082	2.7460
8010.971191	114.624	4.0640
8069.021973	114.167	5.8583
8127.493164	113.730	8.1884
8186.388672	113.338	11.0638
8245.710938	113.018	14.4207
8305.461914	112.795	18.1150
8365.647461	112.682	21.9435
8426.267578	112.679	25.6863
8487.328125	112.772	29.1518
8548.831055	112.943	32.2050
8610.779297	113.168	34.7750
8673.176758	113.426	36.8427
8736.026367	113.700	38.4226
8799.331055	113.977	39.5469
8863.094727	114.245	40.2548
8927.320312	114.494	40.5875
8992.010742	114.719	40.5859
9057.170898	114.911	40.2905
9122.802734	115.067	39.7422
9188.910156	115.182	38.9828
9255.497070	115.250	38.0572
9322.566406	115.269	37.0142
9390.121094	115.237	35.9074
9458.166016	115.155	34.7955
9526.704102	115.026	33.7419
9595.738281	114.855	32.8057
9665.273438	114.652	32.0234
9735.311523	114.424	31.3958
9805.857422	114.178	30.9021
9876.915039	113.914	30.5327
9948.487305	113.631	30.3017
10020.578125	113.331	30.2337
10093.191406	113.019	30.3485
10166.331055	112.697	30.6550
10240.000000	112.372	31.1525
10314.203125	112.047	31.8339
10388.944336	111.726	32.6890
10464.226562	111.412	33.7057
10540.054688	111.107	34.8713
10616.432617	110.813	36.1736
10693.363281	110.531	37.6008
10770.852539	110.262	39.1420
10848.902344	110.009	40.7861
10927.517578	109.772	42.5226
11006.703125	109.550	44.3422
11086.461914	109.346	46.2358
11166.798828	109.160	48.1944
11247.718750	108.992	50.2083
11329.223633	108.842	52.2682
11411.320312	108.713	54.3667
11494.011719	108.603	56.4977
11577.301758	108.514	58.6551
11661.195312	108.447	60.8322
11745.697266	108.403	63.0198
11830.811523	108.381	65.2084
11916.542969	108.384	67.3890
12002.894531	108.412	69.5519
12089.873047	108.468	71.6873
12177.480469	108.553	73.7856
12265.723633	108.669	75.8359
12354.606445	108.817	77.8237
12444.132812	109.001	79.7305
12534.308594	109.221	81.5373
12625.136719	109.481	83.2236
12716.624023	109.783	84.7637
12808.773438	110.131	86.1243
12901.591797	110.528	87.2643
12995.082031	110.979	88.1325
13089.250000	111.488	88.6638
13184.099609	112.058	88.7747
13279.636719	112.692	88.3591
13375.867188	113.388	87.2848
13472.793945	114.138	85.3961
13570.422852	114.924	82.5252
13668.759766	115.719	78.5159
13767.809570	116.483	73.2615
13867.577148	117.168	66.7525
13968.067383	117.728	59.1208
14069.285156	118.116	50.6563
14171.237305	118.297	41.7774
14273.927734	118.255	32.9543
14377.362305	118.006	24.6072
14481.546875	117.589	17.0268
14586.486328	117.055	10.3472
14692.185547	116.463	4.5598
14798.651367	115.869	-0.4509
14905.888672	115.318	-4.8674
15013.902344	114.837	-8.9068
15122.700195	114.442	-12.7987
15232.285156	114.142	-16.7759
15342.664062	113.942	-21.0762
15453.843750	113.832	-25.9439
15565.829102	113.792	-31.6275
15678.625000	113.796	-38.3634
15792.239258	113.804	-46.3431
15906.675781	113.755	-55.6596
16021.942383	113.571	-66.2545
16138.043945	113.175	-77.8805
16254.986328	112.522	-90.1164
16372.777344	111.604	-102.4403
16491.421875	110.463	-114.3446
16610.923828	109.176	-125.4474
16731.294922	107.821	-135.5459
16852.535156	106.460	-144.6065
16974.656250	105.132	-152.7217
17097.662109	103.866	-160.0542
17221.558594	102.682	-166.7964
17346.353516	101.585	-173.1364
17472.052734	100.577	-179.2422
17598.662109	99.652	174.7440
17726.189453	98.805	168.7027
17854.640625	98.029	162.5325
17984.021484	97.322	156.1448
18114.341797	96.679	149.4537
18245.605469	96.098	142.3733
18377.820312	95.577	134.8184
18510.994141	95.111	126.7043
18645.132812	94.697	117.9466
18780.242188	94.324	108.4499
18916.332031	93.984	98.1114
19053.408203	93.665	86.8297
19191.476562	93.349	74.5212
19330.546875	93.017	61.1269
19470.623047	92.649	46.6026
19611.714844	92.238	30.9836
19753.830078	91.805	14.7023
19896.974609	91.423	-0.3669
