* Measurement data measured by REW V5.31.1
* Source: Headset (USB-C to 3.5mm Headphone Jack Adapter), MICROPHONE (Master Volume), R, volume: 0.250. Timing signal peak level -22.7 dBFS, measurement signal peak level -22.0 dBFS
* Format: 256k Log Swept Sine, 1 sweep at -12.0 dBFS using an acoustic timing reference
* Dated: Nov 14, 2024 4:39:18 AM
* REW Settings:
*  C-weighting compensation: Off
*  Target level: 75.0 dB
* Note: ; Delay -0.0913 ms (-31 mm, -1.23 in) using estimated IR delay relative to Acoustic reference played from  R with no timing offset Clock adjustment: 1.2 ppm
* Measurement: IE600 Sil S3 R2
* Smoothing: 1/24 octave
* Frequency Step: 1/96 octave
* Start Frequency: 20.000 Hz
*
* Freq(Hz)	SPL(dB)	Phase(degrees)
20.000000	116.983	-134.9605
20.144928	117.006	-135.3752
20.290907	117.030	-135.7962
20.437943	117.055	-136.2217
20.586044	117.080	-136.6498
20.735220	117.106	-137.0800
20.885475	117.134	-137.5135
21.036821	117.164	-137.9526
21.189262	117.195	-138.4023
21.342808	117.229	-138.8689
21.497467	117.264	-139.3578
21.653246	117.300	-139.8750
21.810154	117.336	-140.4238
21.968201	117.369	-141.0043
22.127390	117.398	-141.6141
22.287735	117.421	-142.2462
22.449242	117.439	-142.8906
22.611917	117.449	-143.5366
22.775772	117.452	-144.1702
22.940815	117.449	-144.7804
23.107054	117.440	-145.3566
23.274498	117.429	-145.8915
23.443153	117.415	-146.3827
23.613033	117.403	-146.8305
23.784142	117.393	-147.2402
23.956491	117.386	-147.6195
24.130091	117.384	-147.9770
24.304947	117.386	-148.3226
24.481071	117.392	-148.6635
24.658470	117.401	-149.0063
24.837156	117.412	-149.3549
25.017136	117.426	-149.7115
25.198421	117.441	-150.0777
25.381020	117.458	-150.4545
25.564941	117.476	-150.8437
25.750195	117.495	-151.2478
25.936790	117.514	-151.6699
26.124741	117.533	-152.1132
26.314051	117.551	-152.5800
26.504732	117.568	-153.0707
26.696796	117.580	-153.5832
26.890253	117.589	-154.1126
27.085112	117.592	-154.6518
27.281382	117.590	-155.1918
27.479073	117.583	-155.7239
27.678198	117.571	-156.2401
27.878765	117.556	-156.7350
28.080786	117.539	-157.2062
28.284271	117.522	-157.6552
28.489231	117.505	-158.0859
28.695675	117.489	-158.5048
28.903616	117.474	-158.9183
29.113064	117.461	-159.3324
29.324028	117.448	-159.7507
29.536524	117.435	-160.1740
29.750557	117.421	-160.6006
29.966141	117.405	-161.0268
30.183289	117.389	-161.4475
30.402010	117.372	-161.8587
30.622314	117.355	-162.2576
30.844217	117.338	-162.6442
31.067726	117.324	-163.0211
31.292856	117.312	-163.3935
31.519617	117.302	-163.7675
31.748020	117.296	-164.1495
31.978081	117.290	-164.5440
32.209808	117.286	-164.9528
32.443211	117.281	-165.3748
32.678310	117.275	-165.8061
32.915108	117.267	-166.2415
33.153625	117.258	-166.6753
33.393871	117.247	-167.1033
33.635857	117.236	-167.5232
33.879597	117.225	-167.9351
34.125103	117.213	-168.3401
34.372387	117.202	-168.7394
34.621464	117.190	-169.1335
34.872345	117.177	-169.5216
35.125042	117.164	-169.9017
35.379574	117.151	-170.2719
35.635948	117.138	-170.6322
35.894180	117.126	-170.9852
36.154285	117.117	-171.3365
36.416275	117.108	-171.6941
36.680161	117.101	-172.0657
36.945961	117.093	-172.4567
37.213688	117.082	-172.8680
37.483353	117.068	-173.2939
37.754974	117.049	-173.7235
38.028561	117.024	-174.1413
38.304131	116.994	-174.5306
38.581699	116.962	-174.8788
38.861279	116.929	-175.1808
39.142883	116.901	-175.4417
39.426529	116.878	-175.6781
39.712231	116.863	-175.9131
40.000000	116.854	-176.1700
40.289856	116.848	-176.4658
40.581814	116.841	-176.8050
40.875885	116.830	-177.1778
41.172089	116.813	-177.5652
41.470440	116.791	-177.9463
41.770950	116.765	-178.3058
42.073643	116.739	-178.6393
42.378525	116.713	-178.9530
42.685616	116.688	-179.2583
42.994934	116.665	-179.5646
43.306492	116.641	-179.8746
43.620308	116.616	179.8146
43.936401	116.590	179.5077
44.254780	116.564	179.2053
44.575470	116.538	178.9019
44.898483	116.514	178.5898
45.223835	116.487	178.2655
45.551544	116.458	177.9330
45.881630	116.426	177.6035
46.214108	116.392	177.2878
46.548996	116.358	176.9891
46.886307	116.327	176.6989
47.226067	116.298	176.4013
47.568283	116.271	176.0837
47.912983	116.243	175.7457
48.260181	116.211	175.3998
48.609894	116.176	175.0646
48.962143	116.140	174.7547
49.316940	116.104	174.4741
49.674313	116.071	174.2180
50.034271	116.040	173.9783
50.396843	116.013	173.7494
50.762039	115.988	173.5273
51.129883	115.967	173.3057
51.500389	115.948	173.0727
51.873581	115.931	172.8159
52.249481	115.911	172.5309
52.628101	115.887	172.2286
53.009464	115.857	171.9317
53.393593	115.822	171.6622
53.780506	115.786	171.4268
54.170223	115.752	171.2126
54.562763	115.721	170.9968
54.958145	115.688	170.7637
55.356396	115.652	170.5166
55.757530	115.612	170.2737
56.161572	115.568	170.0531
56.568542	115.525	169.8582
56.978462	115.485	169.6749
57.391350	115.449	169.4832
57.807232	115.414	169.2710
58.226128	115.378	169.0403
58.648056	115.341	168.8022
59.073048	115.302	168.5677
59.501114	115.262	168.3428
59.932281	115.222	168.1295
60.366577	115.183	167.9277
60.804020	115.144	167.7354
61.244629	115.107	167.5470
61.688435	115.071	167.3555
62.135452	115.034	167.1594
62.585712	114.994	166.9681
63.039234	114.951	166.7978
63.496040	114.907	166.6602
63.956161	114.864	166.5541
64.419617	114.825	166.4666
64.886421	114.789	166.3836
65.356621	114.754	166.2984
65.830215	114.722	166.2113
66.307251	114.691	166.1233
66.787743	114.662	166.0319
67.271713	114.636	165.9323
67.759193	114.613	165.8191
68.250206	114.592	165.6863
68.744774	114.573	165.5254
69.242928	114.555	165.3291
69.744690	114.535	165.0982
70.250084	114.510	164.8448
70.759148	114.480	164.5880
71.271896	114.446	164.3435
71.788361	114.409	164.1186
72.308571	114.371	163.9124
72.832550	114.331	163.7206
73.360321	114.292	163.5387
73.891922	114.251	163.3647
74.427376	114.208	163.1982
74.966705	114.165	163.0395
75.509949	114.121	162.8882
76.057121	114.076	162.7441
76.608261	114.030	162.6085
77.163399	113.983	162.4833
77.722557	113.937	162.3684
78.285767	113.891	162.2609
78.853058	113.847	162.1576
79.424461	113.802	162.0585
80.000000	113.759	161.9661
80.579712	113.716	161.8813
81.163628	113.675	161.8018
81.751770	113.636	161.7238
82.344177	113.598	161.6438
82.940880	113.561	161.5590
83.541901	113.523	161.4692
84.147285	113.484	161.3792
84.757050	113.444	161.2975
85.371231	113.404	161.2296
85.989868	113.364	161.1741
86.612984	113.326	161.1237
87.240616	113.290	161.0702
87.872803	113.255	161.0084
88.509560	113.221	160.9370
89.150940	113.186	160.8559
89.796967	113.152	160.7627
90.447670	113.116	160.6545
91.103088	113.079	160.5319
91.763260	113.039	160.4013
92.428215	112.996	160.2717
93.097992	112.950	160.1497
93.772614	112.903	160.0377
94.452133	112.855	159.9348
95.136566	112.806	159.8396
95.825966	112.755	159.7529
96.520363	112.703	159.6763
97.219788	112.650	159.6098
97.924286	112.597	159.5530
98.633881	112.542	159.5078
99.348625	112.486	159.4752
100.068542	112.431	159.4528
100.793686	112.375	159.4371
101.524078	112.318	159.4285
102.259766	112.260	159.4293
103.000778	112.201	159.4398
103.747162	112.141	159.4605
104.498962	112.081	159.4944
105.256203	112.020	159.5432
106.018929	111.958	159.6063
106.787186	111.894	159.6865
107.561012	111.830	159.7911
108.340446	111.764	159.9269
109.125526	111.697	160.0981
109.916290	111.630	160.3106
110.712791	111.563	160.5709
111.515060	111.498	160.8817
112.323143	111.437	161.2426
113.137085	111.380	161.6543
113.956924	111.329	162.1196
114.782700	111.287	162.6387
115.614464	111.256	163.2046
116.452255	111.241	163.8045
117.296112	111.242	164.4212
118.146095	111.264	165.0275
119.002228	111.307	165.5836
119.864563	111.368	166.0430
120.733154	111.444	166.3651
121.608040	111.526	166.5284
122.489258	111.608	166.5337
123.376869	111.682	166.3974
124.270905	111.745	166.1464
125.171425	111.792	165.8144
126.078468	111.823	165.4341
126.992081	111.839	165.0305
127.912323	111.840	164.6225
128.839233	111.828	164.2293
129.772842	111.803	163.8688
130.713242	111.770	163.5524
131.660431	111.731	163.2840
132.614502	111.687	163.0643
133.575485	111.641	162.8951
134.543427	111.594	162.7783
135.518387	111.549	162.7113
136.500412	111.507	162.6874
137.489548	111.471	162.6964
138.485855	111.441	162.7225
139.489380	111.418	162.7448
140.500168	111.399	162.7426
141.518295	111.382	162.7015
142.543793	111.365	162.6172
143.576721	111.344	162.4964
144.617142	111.318	162.3525
145.665100	111.286	162.2017
146.720642	111.249	162.0563
147.783844	111.209	161.9233
148.854752	111.167	161.8055
149.933411	111.123	161.7039
151.019897	111.079	161.6194
152.114243	111.035	161.5525
153.216522	110.992	161.5028
154.326797	110.949	161.4691
155.445114	110.908	161.4509
156.571533	110.868	161.4467
157.706116	110.831	161.4539
158.848923	110.793	161.4694
160.000000	110.757	161.4921
161.159424	110.720	161.5215
162.327255	110.682	161.5580
163.503540	110.643	161.6009
164.688354	110.602	161.6492
165.881760	110.557	161.7016
167.083801	110.509	161.7584
168.294571	110.458	161.8198
169.514099	110.405	161.8873
170.742462	110.350	161.9620
171.979736	110.294	162.0440
173.225967	110.237	162.1323
174.481232	110.183	162.2264
175.745605	110.132	162.3260
177.019119	110.085	162.4305
178.301880	110.040	162.5392
179.593933	110.000	162.6506
180.895340	109.963	162.7629
182.206177	109.930	162.8750
183.526520	109.900	162.9869
184.856430	109.871	163.0997
186.195984	109.843	163.2148
187.545227	109.816	163.3337
188.904266	109.789	163.4572
190.273132	109.762	163.5862
191.651932	109.734	163.7212
193.040726	109.707	163.8619
194.439575	109.678	164.0066
195.848572	109.648	164.1530
197.267761	109.617	164.2992
198.697250	109.584	164.4446
200.137085	109.552	164.5886
201.587372	109.519	164.7306
203.048157	109.486	164.8705
204.519531	109.453	165.0093
206.001556	109.420	165.1483
207.494324	109.386	165.2880
208.997925	109.352	165.4291
210.512405	109.318	165.5734
212.037857	109.283	165.7225
213.574371	109.248	165.8765
215.122025	109.213	166.0347
216.680893	109.178	166.1981
218.251053	109.142	166.3703
219.832581	109.107	166.5543
221.425583	109.072	166.7495
223.030121	109.037	166.9548
224.646286	109.004	167.1701
226.274170	108.971	167.3967
227.913849	108.940	167.6344
229.565399	108.911	167.8813
231.228928	108.885	168.1354
232.904510	108.861	168.3935
234.592224	108.841	168.6501
236.292191	108.824	168.8978
238.004456	108.809	169.1288
239.729126	108.797	169.3369
241.466309	108.787	169.5183
243.216080	108.776	169.6739
244.978516	108.764	169.8085
246.753738	108.749	169.9280
248.541809	108.731	170.0388
250.342850	108.711	170.1468
252.156937	108.688	170.2585
253.984161	108.663	170.3795
255.824646	108.637	170.5133
257.678467	108.610	170.6592
259.545685	108.582	170.8152
261.426483	108.554	170.9806
263.320862	108.525	171.1553
265.229004	108.496	171.3395
267.150970	108.467	171.5332
269.086853	108.439	171.7371
271.036774	108.411	171.9517
273.000824	108.385	172.1770
274.979095	108.360	172.4123
276.971710	108.338	172.6542
278.978760	108.319	172.8971
281.000336	108.301	173.1346
283.036591	108.286	173.3609
285.087585	108.271	173.5723
287.153442	108.256	173.7679
289.234283	108.241	173.9514
291.330200	108.224	174.1287
293.441284	108.205	174.3048
295.567688	108.185	174.4825
297.709503	108.165	174.6632
299.866821	108.143	174.8480
302.039795	108.121	175.0385
304.228485	108.099	175.2357
306.433044	108.077	175.4382
308.653595	108.055	175.6448
310.890228	108.033	175.8552
313.143066	108.011	176.0694
315.412231	107.989	176.2880
317.697845	107.967	176.5115
320.000000	107.946	176.7402
322.318848	107.925	176.9727
324.654510	107.904	177.2076
327.007080	107.883	177.4454
329.376709	107.863	177.6868
331.763519	107.843	177.9316
334.167603	107.823	178.1790
336.589142	107.804	178.4279
339.028198	107.785	178.6766
341.484924	107.766	178.9248
343.959473	107.747	179.1732
346.451935	107.728	179.4221
348.962463	107.710	179.6721
351.491211	107.692	179.9246
354.038239	107.675	-179.8198
356.603760	107.658	-179.5611
359.187866	107.642	-179.2989
361.790680	107.625	-179.0338
364.412354	107.610	-178.7662
367.053040	107.594	-178.4954
369.712860	107.578	-178.2208
372.391968	107.563	-177.9438
375.090454	107.548	-177.6670
377.808533	107.533	-177.3927
380.546265	107.519	-177.1215
383.303864	107.505	-176.8520
386.081451	107.491	-176.5827
388.879150	107.478	-176.3137
391.697144	107.466	-176.0458
394.535522	107.453	-175.7797
397.394501	107.440	-175.5147
400.274170	107.428	-175.2486
403.174744	107.415	-174.9788
406.096313	107.402	-174.7045
409.039062	107.389	-174.4265
412.003113	107.376	-174.1450
414.988647	107.363	-173.8591
417.995850	107.350	-173.5684
421.024811	107.337	-173.2737
424.075714	107.324	-172.9762
427.148743	107.311	-172.6768
430.244049	107.299	-172.3751
433.361786	107.287	-172.0726
436.502106	107.275	-171.7733
439.665161	107.263	-171.4781
442.851166	107.253	-171.1847
446.060242	107.242	-170.8897
449.292572	107.233	-170.5903
452.548340	107.223	-170.2860
455.827698	107.214	-169.9786
459.130798	107.205	-169.6686
462.457855	107.195	-169.3551
465.809021	107.186	-169.0371
469.184448	107.177	-168.7135
472.584381	107.167	-168.3841
476.008911	107.158	-168.0504
479.458252	107.149	-167.7143
482.932617	107.140	-167.3773
486.432159	107.132	-167.0412
489.957031	107.125	-166.7071
493.507477	107.118	-166.3758
497.083618	107.111	-166.0465
500.685699	107.105	-165.7177
504.313873	107.100	-165.3893
507.968323	107.094	-165.0615
511.649292	107.089	-164.7333
515.356934	107.085	-164.4021
519.091370	107.080	-164.0659
522.852966	107.076	-163.7247
526.641724	107.071	-163.3793
530.458008	107.066	-163.0300
534.301941	107.060	-162.6763
538.173706	107.055	-162.3178
542.073547	107.049	-161.9552
546.001648	107.044	-161.5889
549.958191	107.039	-161.2189
553.943420	107.034	-160.8470
557.957520	107.030	-160.4745
562.000671	107.026	-160.1018
566.073181	107.023	-159.7300
570.175171	107.021	-159.3593
574.306885	107.020	-158.9879
578.468567	107.020	-158.6147
582.660400	107.019	-158.2406
586.882568	107.020	-157.8643
591.135376	107.020	-157.4834
595.419006	107.020	-157.0968
599.733643	107.020	-156.7054
604.079590	107.020	-156.3100
608.456970	107.020	-155.9106
612.866089	107.020	-155.5065
617.307190	107.020	-155.0966
621.780457	107.020	-154.6811
626.286133	107.020	-154.2616
630.824463	107.021	-153.8404
635.395691	107.023	-153.4188
640.000000	107.025	-152.9970
644.637695	107.028	-152.5747
649.309021	107.032	-152.1510
654.014160	107.037	-151.7255
658.753418	107.042	-151.2980
663.527039	107.048	-150.8682
668.335205	107.054	-150.4341
673.178284	107.061	-149.9934
678.056396	107.068	-149.5452
682.969849	107.075	-149.0897
687.918945	107.083	-148.6292
692.903870	107.092	-148.1657
697.924927	107.100	-147.7004
702.982422	107.109	-147.2334
708.076477	107.119	-146.7654
713.207520	107.130	-146.2970
718.375732	107.141	-145.8274
723.581360	107.153	-145.3543
728.824707	107.165	-144.8757
734.106079	107.178	-144.3904
739.425720	107.192	-143.8991
744.783936	107.206	-143.4028
750.180908	107.220	-142.9034
755.617065	107.235	-142.4012
761.092529	107.251	-141.8957
766.607727	107.268	-141.3865
772.162903	107.285	-140.8736
777.758301	107.304	-140.3570
783.394287	107.323	-139.8372
789.071045	107.344	-139.3141
794.789001	107.366	-138.7873
800.548340	107.388	-138.2566
806.349487	107.412	-137.7223
812.192627	107.437	-137.1847
818.078125	107.463	-136.6445
824.006226	107.490	-136.1015
829.977295	107.518	-135.5560
835.991699	107.548	-135.0087
842.049622	107.579	-134.4607
848.151428	107.612	-133.9114
854.297485	107.646	-133.3586
860.488098	107.680	-132.8026
866.723572	107.716	-132.2446
873.004211	107.753	-131.6851
879.330322	107.790	-131.1252
885.702332	107.829	-130.5673
892.120483	107.868	-130.0133
898.585144	107.910	-129.4638
905.096680	107.954	-128.9195
911.655396	108.000	-128.3809
918.261597	108.047	-127.8481
924.915710	108.096	-127.3211
931.618042	108.145	-126.7994
938.368896	108.192	-126.2827
945.168762	108.236	-125.7712
952.017822	108.274	-125.2647
958.916504	108.308	-124.7621
965.865234	108.340	-124.2621
972.864319	108.377	-123.7638
979.914062	108.424	-123.2664
987.014954	108.480	-122.7696
994.167236	108.543	-122.2754
1001.371399	108.610	-121.7855
1008.627747	108.678	-121.2992
1015.936646	108.747	-120.8163
1023.298584	108.815	-120.3388
1030.713867	108.883	-119.8687
1038.182739	108.948	-119.4080
1045.705933	109.012	-118.9574
1053.283447	109.076	-118.5166
1060.916016	109.140	-118.0849
1068.603882	109.204	-117.6621
1076.347412	109.268	-117.2485
1084.147095	109.332	-116.8447
1092.003296	109.397	-116.4503
1099.916382	109.461	-116.0644
1107.886841	109.524	-115.6873
1115.915039	109.588	-115.3205
1124.001343	109.651	-114.9645
1132.146362	109.715	-114.6188
1140.350342	109.778	-114.2829
1148.613770	109.840	-113.9557
1156.937134	109.902	-113.6362
1165.320801	109.963	-113.3240
1173.765137	110.023	-113.0196
1182.270752	110.084	-112.7234
1190.838013	110.144	-112.4352
1199.467285	110.203	-112.1544
1208.159180	110.262	-111.8803
1216.913940	110.321	-111.6125
1225.732178	110.380	-111.3499
1234.614380	110.440	-111.0916
1243.560913	110.499	-110.8368
1252.572266	110.558	-110.5851
1261.648926	110.617	-110.3368
1270.791382	110.676	-110.0925
1280.000000	110.736	-109.8517
1289.275391	110.797	-109.6135
1298.618042	110.857	-109.3775
1308.028320	110.917	-109.1435
1317.506836	110.978	-108.9113
1327.054077	111.038	-108.6804
1336.670410	111.098	-108.4501
1346.356567	111.157	-108.2197
1356.112793	111.217	-107.9892
1365.939697	111.276	-107.7584
1375.837891	111.335	-107.5278
1385.807739	111.394	-107.2981
1395.849854	111.453	-107.0689
1405.964844	111.511	-106.8391
1416.152954	111.568	-106.6075
1426.415039	111.625	-106.3741
1436.751465	111.683	-106.1394
1447.162720	111.739	-105.9038
1457.649414	111.796	-105.6682
1468.212158	111.853	-105.4330
1478.851440	111.910	-105.1978
1489.567871	111.968	-104.9624
1500.361816	112.026	-104.7270
1511.234131	112.084	-104.4916
1522.185059	112.142	-104.2563
1533.215454	112.201	-104.0206
1544.325806	112.260	-103.7844
1555.516602	112.320	-103.5480
1566.788574	112.380	-103.3121
1578.142090	112.441	-103.0773
1589.578003	112.502	-102.8437
1601.096680	112.562	-102.6112
1612.698975	112.623	-102.3792
1624.385254	112.684	-102.1475
1636.156250	112.745	-101.9169
1648.012451	112.806	-101.6884
1659.954590	112.867	-101.4622
1671.983398	112.929	-101.2385
1684.099243	112.991	-101.0181
1696.302856	113.054	-100.8013
1708.594971	113.117	-100.5879
1720.976196	113.180	-100.3776
1733.447144	113.244	-100.1708
1746.008423	113.308	-99.9680
1758.660645	113.372	-99.7691
1771.404663	113.436	-99.5737
1784.240967	113.500	-99.3816
1797.170288	113.565	-99.1930
1810.193359	113.630	-99.0076
1823.310791	113.696	-98.8249
1836.523193	113.763	-98.6442
1849.831421	113.829	-98.4641
1863.236084	113.897	-98.2829
1876.737793	113.965	-98.1003
1890.337524	114.034	-97.9172
1904.035645	114.104	-97.7350
1917.833008	114.176	-97.5569
1931.730469	114.250	-97.3874
1945.728638	114.327	-97.2321
1959.828125	114.406	-97.0973
1974.029907	114.487	-96.9896
1988.334473	114.569	-96.9142
2002.742798	114.651	-96.8732
2017.255493	114.731	-96.8661
2031.873291	114.808	-96.8890
2046.597168	114.883	-96.9367
2061.427734	114.953	-97.0035
2076.365479	115.021	-97.0846
2091.411865	115.085	-97.1758
2106.566895	115.146	-97.2747
2121.832031	115.204	-97.3802
2137.207764	115.260	-97.4923
2152.694824	115.314	-97.6108
2168.294189	115.365	-97.7356
2184.006592	115.414	-97.8661
2199.832764	115.460	-98.0013
2215.773682	115.504	-98.1407
2231.830078	115.545	-98.2841
2248.002686	115.584	-98.4310
2264.292725	115.619	-98.5808
2280.700684	115.652	-98.7334
2297.227539	115.682	-98.8881
2313.874268	115.709	-99.0435
2330.641602	115.732	-99.1986
2347.530273	115.753	-99.3525
2364.541504	115.772	-99.5052
2381.676025	115.788	-99.6577
2398.934570	115.802	-99.8110
2416.318359	115.814	-99.9653
2433.827881	115.823	-100.1207
2451.464355	115.830	-100.2770
2469.228760	115.834	-100.4335
2487.121826	115.836	-100.5889
2505.144531	115.834	-100.7425
2523.297852	115.829	-100.8942
2541.582764	115.821	-101.0445
2560.000000	115.809	-101.1937
2578.550781	115.793	-101.3418
2597.236084	115.773	-101.4874
2616.056641	115.748	-101.6279
2635.013672	115.718	-101.7595
2654.108154	115.683	-101.8780
2673.340820	115.643	-101.9792
2692.713135	115.599	-102.0598
2712.225586	115.550	-102.1173
2731.879395	115.498	-102.1484
2751.675781	115.442	-102.1507
2771.615479	115.383	-102.1232
2791.699707	115.322	-102.0665
2811.929688	115.259	-101.9807
2832.305908	115.193	-101.8658
2852.830078	115.126	-101.7219
2873.502930	115.058	-101.5499
2894.325439	114.988	-101.3509
2915.298828	114.918	-101.1249
2936.424316	114.847	-100.8718
2957.702881	114.775	-100.5911
2979.135742	114.703	-100.2828
3000.723633	114.631	-99.9467
3022.468262	114.560	-99.5835
3044.370117	114.489	-99.1946
3066.430908	114.421	-98.7822
3088.651611	114.354	-98.3493
3111.033203	114.291	-97.8993
3133.577148	114.231	-97.4353
3156.284180	114.176	-96.9613
3179.156006	114.124	-96.4807
3202.193359	114.074	-95.9956
3225.397949	114.027	-95.5069
3248.770508	113.981	-95.0135
3272.312500	113.936	-94.5121
3296.024902	113.890	-93.9982
3319.909180	113.842	-93.4670
3343.966797	113.789	-92.9145
3368.198486	113.732	-92.3382
3392.605713	113.669	-91.7367
3417.189941	113.603	-91.1090
3441.952393	113.533	-90.4544
3466.894287	113.460	-89.7729
3492.016846	113.385	-89.0650
3517.321289	113.309	-88.3313
3542.809326	113.234	-87.5725
3568.481934	113.160	-86.7894
3594.340576	113.089	-85.9820
3620.386719	113.020	-85.1502
3646.621582	112.955	-84.2945
3673.046387	112.894	-83.4145
3699.662842	112.839	-82.5100
3726.472168	112.789	-81.5816
3753.475586	112.745	-80.6302
3780.675049	112.708	-79.6568
3808.071289	112.678	-78.6620
3835.666016	112.651	-77.6466
3863.460938	112.628	-76.6132
3891.457275	112.607	-75.5645
3919.656250	112.589	-74.5018
3948.059814	112.571	-73.4261
3976.668945	112.553	-72.3395
4005.485596	112.531	-71.2454
4034.510986	112.506	-70.1477
4063.746582	112.476	-69.0492
4093.194336	112.445	-67.9520
4122.855469	112.412	-66.8582
4152.730957	112.376	-65.7681
4182.823730	112.339	-64.6807
4213.133789	112.302	-63.5943
4243.664062	112.266	-62.5062
4274.415527	112.233	-61.4136
4305.389648	112.202	-60.3142
4336.588379	112.174	-59.2060
4368.013184	112.149	-58.0882
4399.665527	112.129	-56.9614
4431.547363	112.113	-55.8276
4463.660156	112.103	-54.6895
4496.005371	112.098	-53.5509
4528.585449	112.099	-52.4162
4561.401367	112.106	-51.2899
4594.455078	112.119	-50.1766
4627.748535	112.136	-49.0807
4661.283203	112.158	-48.0061
4695.060547	112.183	-46.9558
4729.083008	112.212	-45.9318
4763.352051	112.243	-44.9351
4797.869141	112.278	-43.9674
4832.636719	112.314	-43.0308
4867.655762	112.353	-42.1276
4902.928711	112.393	-41.2595
4938.457520	112.433	-40.4276
4974.243652	112.472	-39.6324
5010.289062	112.507	-38.8758
5046.595703	112.538	-38.1588
5083.165527	112.562	-37.4809
5120.000000	112.576	-36.8398
5157.101562	112.579	-36.2318
5194.472168	112.568	-35.6517
5232.113281	112.542	-35.0922
5270.027344	112.501	-34.5438
5308.216309	112.443	-33.9961
5346.681641	112.369	-33.4378
5385.426270	112.277	-32.8571
5424.451172	112.167	-32.2406
5463.758789	112.038	-31.5728
5503.351562	111.891	-30.8352
5543.230957	111.725	-30.0052
5583.399414	111.540	-29.0540
5623.859375	111.337	-27.9466
5664.611816	111.117	-26.6421
5705.660156	110.881	-25.0938
5747.005859	110.633	-23.2513
5788.650879	110.380	-21.0649
5830.597656	110.132	-18.4896
5872.848633	109.899	-15.4916
5915.405762	109.698	-12.0581
5958.271484	109.545	-8.2056
6001.447266	109.456	-3.9861
6044.936523	109.446	0.5100
6088.740234	109.527	5.1569
6132.861816	109.704	9.8064
6177.303223	109.974	14.3056
6222.066406	110.330	18.5163
6267.154297	110.759	22.3302
6312.568359	111.247	25.6731
6358.312012	111.777	28.5012
6404.386719	112.334	30.7950
6450.795898	112.906	32.5532
6497.541016	113.479	33.7865
6544.625000	114.042	34.5136
6592.049805	114.586	34.7585
6639.818359	115.101	34.5505
6687.933594	115.577	33.9245
6736.396973	116.007	32.9231
6785.211426	116.382	31.5976
6834.379883	116.696	30.0081
6883.904785	116.944	28.2229
6933.788574	117.124	26.3179
6984.033691	117.234	24.3725
7034.642578	117.276	22.4651
7085.618652	117.256	20.6678
7136.963867	117.178	19.0410
7188.681152	117.052	17.6295
7240.773438	116.883	16.4637
7293.243164	116.680	15.5631
7346.092773	116.449	14.9412
7399.325684	116.195	14.6082
7452.944336	115.924	14.5720
7506.951172	115.642	14.8379
7561.350098	115.352	15.4104
7616.142578	115.061	16.2939
7671.332031	114.775	17.4941
7726.921875	114.502	19.0187
7782.914551	114.251	20.8736
7839.312500	114.034	23.0565
7896.119629	113.867	25.5438
7953.337891	113.768	28.2736
8010.971191	113.757	31.1307
8069.021973	113.844	33.9435
8127.493164	114.025	36.5050
8186.388672	114.284	38.6180
8245.710938	114.593	40.1476
8305.461914	114.917	41.0556
8365.647461	115.228	41.3989
8426.267578	115.501	41.2988
8487.328125	115.728	40.8986
8548.831055	115.905	40.3292
8610.779297	116.040	39.6902
8673.176758	116.141	39.0443
8736.026367	116.216	38.4202
8799.331055	116.275	37.8213
8863.094727	116.321	37.2347
8927.320312	116.360	36.6390
8992.010742	116.390	36.0103
9057.170898	116.412	35.3260
9122.802734	116.423	34.5681
9188.910156	116.420	33.7239
9255.497070	116.399	32.7885
9322.566406	116.354	31.7660
9390.121094	116.282	30.6716
9458.166016	116.181	29.5324
9526.704102	116.051	28.3824
9595.738281	115.893	27.2485
9665.273438	115.708	26.1408
9735.311523	115.497	25.0631
9805.857422	115.257	24.0340
9876.915039	114.988	23.0890
9948.487305	114.690	22.2665
10020.578125	114.367	21.5981
10093.191406	114.024	21.1056
10166.331055	113.665	20.8025
10240.000000	113.295	20.6951
10314.203125	112.918	20.7851
10388.944336	112.539	21.0704
10464.226562	112.161	21.5457
10540.054688	111.788	22.2033
10616.432617	111.423	23.0333
10693.363281	111.068	24.0239
10770.852539	110.726	25.1614
10848.902344	110.398	26.4307
10927.517578	110.086	27.8159
11006.703125	109.792	29.3004
11086.461914	109.516	30.8676
11166.798828	109.259	32.5003
11247.718750	109.022	34.1826
11329.223633	108.803	35.9006
11411.320312	108.602	37.6438
11494.011719	108.419	39.4043
11577.301758	108.253	41.1765
11661.195312	108.103	42.9571
11745.697266	107.971	44.7435
11830.811523	107.855	46.5328
11916.542969	107.757	48.3206
12002.894531	107.676	50.1034
12089.873047	107.614	51.8771
12177.480469	107.571	53.6362
12265.723633	107.548	55.3754
12354.606445	107.547	57.0883
12444.132812	107.569	58.7676
12534.308594	107.614	60.4050
12625.136719	107.685	61.9911
12716.624023	107.782	63.5149
12808.773438	107.908	64.9619
12901.591797	108.066	66.3149
12995.082031	108.258	67.5528
13089.250000	108.488	68.6503
13184.099609	108.756	69.5779
13279.636719	109.068	70.2983
13375.867188	109.426	70.7642
13472.793945	109.835	70.9148
13570.422852	110.298	70.6745
13668.759766	110.820	69.9487
13767.809570	111.407	68.6235
13867.577148	112.068	66.5682
13968.067383	112.803	63.6423
14069.285156	113.592	59.7131
14171.237305	114.382	54.6811
14273.927734	115.105	48.5146
14377.362305	115.690	41.2814
14481.546875	116.077	33.1734
14586.486328	116.222	24.5076
14692.185547	116.114	15.6852
14798.651367	115.771	7.1161
14905.888672	115.231	-0.8618
15013.902344	114.543	-8.0361
15122.700195	113.760	-14.3313
15232.285156	112.933	-19.7877
15342.664062	112.104	-24.5217
15453.843750	111.298	-28.6878
15565.829102	110.527	-32.4489
15678.625000	109.797	-35.9584
15792.239258	109.117	-39.3553
15906.675781	108.492	-42.7652
16021.942383	107.920	-46.3055
16138.043945	107.404	-50.0887
16254.986328	106.965	-54.2290
16372.777344	106.646	-58.8493
16491.421875	106.500	-64.0869
16610.923828	106.554	-70.0979
16731.294922	106.782	-77.0534
16852.535156	107.121	-85.1265
16974.656250	107.503	-94.4700
17097.662109	107.856	-105.1705
17221.558594	108.108	-117.1962
17346.353516	108.190	-130.3480
17472.052734	108.061	-144.2693
17598.662109	107.732	-158.5803
17726.189453	107.238	-173.1153
17854.640625	106.562	172.1877
17984.021484	105.666	157.7424
18114.341797	104.588	143.9385
18245.605469	103.421	130.8518
18377.820312	102.247	118.3369
18510.994141	101.121	106.1571
18645.132812	100.073	94.0589
18780.242188	99.109	81.8055
18916.332031	98.224	69.1865
19053.408203	97.407	56.0156
19191.476562	96.639	42.1387
19330.546875	95.896	27.4430
19470.623047	95.157	11.8562
19611.714844	94.411	-4.6241
19753.830078	93.683	-21.6348
19896.974609	93.069	-37.3749
