* Measurement data measured by REW V5.31.1
* Source: Headset (USB-C to 3.5mm Headphone Jack Adapter), MICROPHONE (Master Volume), R, volume: 0.250. Timing signal peak level -21.4 dBFS, measurement signal peak level -21.2 dBFS
* Format: 256k Log Swept Sine, 1 sweep at -12.0 dBFS using an acoustic timing reference
* Dated: Nov 14, 2024 4:41:44 AM
* REW Settings:
*  C-weighting compensation: Off
*  Target level: 75.0 dB
* Note: ; Delay -0.0867 ms (-30 mm, -1.17 in) using estimated IR delay relative to Acoustic reference played from  L with no timing offset
* Measurement: IE600 Sil S3 L1
* Smoothing: 1/24 octave
* Frequency Step: 1/96 octave
* Start Frequency: 20.000 Hz
*
* Freq(Hz)	SPL(dB)	Phase(degrees)
20.000000	117.016	-139.4353
20.144928	117.025	-139.7612
20.290907	117.042	-140.0933
20.437943	117.066	-140.4470
20.586044	117.097	-140.8389
20.735220	117.131	-141.2773
20.885475	117.165	-141.7670
21.036821	117.198	-142.3079
21.189262	117.225	-142.8910
21.342808	117.245	-143.5031
21.497467	117.257	-144.1289
21.653246	117.260	-144.7471
21.810154	117.254	-145.3403
21.968201	117.243	-145.8909
22.127390	117.227	-146.3851
22.287735	117.212	-146.8181
22.449242	117.200	-147.1903
22.611917	117.194	-147.5106
22.775772	117.197	-147.7966
22.940815	117.211	-148.0677
23.107054	117.236	-148.3491
23.274498	117.270	-148.6627
23.443153	117.310	-149.0269
23.613033	117.354	-149.4543
23.784142	117.398	-149.9475
23.956491	117.438	-150.5026
24.130091	117.471	-151.1076
24.304947	117.494	-151.7449
24.481071	117.508	-152.3956
24.658470	117.512	-153.0381
24.837156	117.507	-153.6558
25.017136	117.496	-154.2341
25.198421	117.482	-154.7664
25.381020	117.466	-155.2521
25.564941	117.452	-155.6970
25.750195	117.442	-156.1136
25.936790	117.435	-156.5157
26.124741	117.433	-156.9197
26.314051	117.434	-157.3381
26.504732	117.435	-157.7807
26.696796	117.436	-158.2504
26.890253	117.433	-158.7446
27.085112	117.425	-159.2561
27.281382	117.412	-159.7727
27.479073	117.392	-160.2818
27.678198	117.366	-160.7704
27.878765	117.337	-161.2291
28.080786	117.305	-161.6514
28.284271	117.274	-162.0374
28.489231	117.244	-162.3908
28.695675	117.218	-162.7202
28.903616	117.197	-163.0359
29.113064	117.180	-163.3488
29.324028	117.166	-163.6674
29.536524	117.156	-163.9974
29.750557	117.148	-164.3408
29.966141	117.142	-164.6968
30.183289	117.136	-165.0630
30.402010	117.132	-165.4377
30.622314	117.130	-165.8204
30.844217	117.130	-166.2140
31.067726	117.131	-166.6229
31.292856	117.134	-167.0535
31.519617	117.137	-167.5096
31.748020	117.139	-167.9916
31.978081	117.138	-168.4932
32.209808	117.131	-169.0028
32.443211	117.119	-169.5029
32.678310	117.101	-169.9750
32.915108	117.079	-170.4039
33.153625	117.057	-170.7809
33.393871	117.038	-171.1086
33.635857	117.025	-171.4001
33.879597	117.019	-171.6771
34.125103	117.020	-171.9620
34.372387	117.023	-172.2719
34.621464	117.026	-172.6128
34.872345	117.026	-172.9765
35.125042	117.018	-173.3456
35.379574	117.005	-173.6968
35.635948	116.987	-174.0136
35.894180	116.969	-174.2924
36.154285	116.955	-174.5445
36.416275	116.945	-174.7953
36.680161	116.937	-175.0698
36.945961	116.930	-175.3847
37.213688	116.916	-175.7366
37.483353	116.894	-176.1025
37.754974	116.862	-176.4498
38.028561	116.824	-176.7502
38.304131	116.789	-176.9985
38.581699	116.761	-177.2217
38.861279	116.745	-177.4714
39.142883	116.737	-177.8048
39.426529	116.726	-178.2549
39.712231	116.700	-178.8051
40.000000	116.649	-179.3900
40.289856	116.573	-179.9124
40.581814	116.479	179.7259
40.875885	116.386	179.5727
41.172089	116.315	179.5956
41.470440	116.281	179.6877
41.770950	116.284	179.7049
42.073643	116.310	179.5303
42.378525	116.335	179.1349
42.685616	116.338	178.5859
42.994934	116.313	178.0071
43.306492	116.264	177.5220
43.620308	116.209	177.1994
43.936401	116.168	177.0154
44.254780	116.152	176.8755
44.575470	116.156	176.6689
44.898483	116.165	176.3318
45.223835	116.160	175.8868
45.551544	116.133	175.4216
45.881630	116.087	175.0368
46.214108	116.035	174.7863
46.548996	115.993	174.6450
46.886307	115.969	174.5343
47.226067	115.957	174.3683
47.568283	115.944	174.1144
47.912983	115.919	173.8079
48.260181	115.881	173.5197
48.609894	115.836	173.3026
48.962143	115.796	173.1562
49.316940	115.768	173.0317
49.674313	115.750	172.8696
50.034271	115.734	172.6407
50.396843	115.713	172.3563
50.762039	115.688	172.0448
51.129883	115.658	171.7211
51.500389	115.628	171.3773
51.873581	115.592	171.0045
52.249481	115.546	170.6226
52.628101	115.489	170.2844
53.009464	115.426	170.0455
53.393593	115.371	169.9175
53.780506	115.333	169.8488
54.170223	115.313	169.7529
54.562763	115.303	169.5664
54.958145	115.289	169.2858
55.356396	115.264	168.9561
55.757530	115.228	168.6284
56.161572	115.185	168.3293
56.568542	115.137	168.0620
56.978462	115.084	167.8318
57.391350	115.025	167.6558
57.807232	114.966	167.5471
58.226128	114.911	167.4912
58.648056	114.862	167.4537
59.073048	114.814	167.4185
59.501114	114.762	167.4136
59.932281	114.711	167.4880
60.366577	114.671	167.6479
60.804020	114.655	167.8156
61.244629	114.658	167.8729
61.688435	114.663	167.7602
62.135452	114.650	167.5421
62.585712	114.616	167.3659
63.039234	114.578	167.3394
63.496040	114.560	167.4287
63.956161	114.572	167.4756
64.419617	114.601	167.3317
64.886421	114.620	166.9818
65.356621	114.613	166.5381
65.830215	114.586	166.1306
66.307251	114.552	165.8056
66.787743	114.519	165.5261
67.271713	114.486	165.2512
67.759193	114.448	164.9924
68.250206	114.407	164.7878
68.744774	114.373	164.6399
69.242928	114.349	164.4982
69.744690	114.335	164.2983
70.250084	114.320	164.0064
70.759148	114.296	163.6376
71.271896	114.255	163.2524
71.788361	114.198	162.9337
72.308571	114.136	162.7347
72.832550	114.082	162.6271
73.360321	114.040	162.5241
73.891922	114.000	162.3757
74.427376	113.954	162.2210
74.966705	113.904	162.1227
75.509949	113.862	162.0719
76.057121	113.830	161.9936
76.608261	113.799	161.8444
77.163399	113.760	161.6594
77.722557	113.714	161.4910
78.285767	113.667	161.3438
78.853058	113.619	161.1982
79.424461	113.566	161.0654
80.000000	113.512	160.9758
80.579712	113.462	160.9241
81.163628	113.419	160.8686
81.751770	113.378	160.7847
82.344177	113.335	160.6889
82.940880	113.293	160.6011
83.541901	113.253	160.5082
84.147285	113.212	160.3892
84.757050	113.167	160.2558
85.371231	113.117	160.1464
85.989868	113.068	160.0778
86.612984	113.022	160.0233
87.240616	112.980	159.9468
87.872803	112.934	159.8469
88.509560	112.885	159.7538
89.150940	112.835	159.6885
89.796967	112.786	159.6370
90.447670	112.738	159.5715
91.103088	112.687	159.4911
91.763260	112.632	159.4265
92.428215	112.574	159.4044
93.097992	112.519	159.4169
93.772614	112.469	159.4341
94.452133	112.420	159.4405
95.136566	112.370	159.4451
95.825966	112.321	159.4548
96.520363	112.274	159.4534
97.219788	112.226	159.4193
97.924286	112.173	159.3602
98.633881	112.111	159.3167
99.348625	112.044	159.3279
100.068542	111.978	159.3986
100.793686	111.914	159.5072
101.524078	111.852	159.6428
102.259766	111.792	159.8210
103.000778	111.737	160.0555
103.747162	111.692	160.3190
104.498962	111.658	160.5486
105.256203	111.628	160.7001
106.018929	111.590	160.7933
106.787186	111.543	160.8934
107.561012	111.489	161.0527
108.340446	111.436	161.2754
109.125526	111.383	161.5383
109.916290	111.331	161.8367
110.712791	111.277	162.2013
111.515060	111.228	162.6702
112.323143	111.191	163.2389
113.137085	111.176	163.8344
113.956924	111.181	164.3494
114.782700	111.194	164.7262
115.614464	111.203	165.0040
116.452255	111.205	165.2820
117.296112	111.212	165.6307
118.146095	111.236	166.0322
119.002228	111.282	166.3999
119.864563	111.344	166.6534
120.733154	111.412	166.7782
121.608040	111.477	166.8134
122.489258	111.540	166.7938
123.376869	111.602	166.7124
124.270905	111.662	166.5327
125.171425	111.713	166.2339
126.078468	111.750	165.8380
126.992081	111.770	165.3975
127.912323	111.774	164.9608
128.839233	111.768	164.5494
129.772842	111.754	164.1609
130.713242	111.734	163.7868
131.660431	111.706	163.4241
132.614502	111.668	163.0797
133.575485	111.621	162.7675
134.543427	111.567	162.5028
135.518387	111.507	162.2935
136.500412	111.446	162.1338
137.489548	111.387	162.0109
138.485855	111.331	161.9067
139.489380	111.279	161.8073
140.500168	111.229	161.7062
141.518295	111.180	161.6071
142.543793	111.131	161.5221
143.576721	111.082	161.4605
144.617142	111.033	161.4307
145.665100	110.985	161.4302
146.720642	110.938	161.4517
147.783844	110.893	161.4843
148.854752	110.848	161.5159
149.933411	110.803	161.5423
151.019897	110.759	161.5610
152.114243	110.715	161.5782
153.216522	110.672	161.6005
154.326797	110.631	161.6337
155.445114	110.592	161.6837
156.571533	110.557	161.7489
157.706116	110.524	161.8287
158.848923	110.492	161.9174
160.000000	110.461	162.0096
161.159424	110.431	162.1008
162.327255	110.400	162.1862
163.503540	110.367	162.2695
164.688354	110.331	162.3525
165.881760	110.292	162.4367
167.083801	110.249	162.5227
168.294571	110.203	162.6100
169.514099	110.155	162.6990
170.742462	110.104	162.7891
171.979736	110.053	162.8822
173.225967	110.001	162.9808
174.481232	109.951	163.0850
175.745605	109.903	163.1941
177.019119	109.859	163.3055
178.301880	109.818	163.4179
179.593933	109.781	163.5310
180.895340	109.749	163.6450
182.206177	109.720	163.7606
183.526520	109.696	163.8796
184.856430	109.673	164.0031
186.195984	109.651	164.1309
187.545227	109.630	164.2619
188.904266	109.609	164.3948
190.273132	109.586	164.5280
191.651932	109.562	164.6616
193.040726	109.536	164.7938
194.439575	109.508	164.9254
195.848572	109.477	165.0583
197.267761	109.446	165.1928
198.697250	109.413	165.3307
200.137085	109.381	165.4731
201.587372	109.350	165.6182
203.048157	109.320	165.7675
204.519531	109.290	165.9208
206.001556	109.261	166.0760
207.494324	109.232	166.2350
208.997925	109.203	166.3959
210.512405	109.173	166.5551
212.037857	109.142	166.7126
213.574371	109.112	166.8665
215.122025	109.082	167.0156
216.680893	109.053	167.1680
218.251053	109.025	167.3281
219.832581	108.996	167.4933
221.425583	108.966	167.6628
223.030121	108.936	167.8345
224.646286	108.906	168.0035
226.274170	108.876	168.1711
227.913849	108.847	168.3439
229.565399	108.819	168.5224
231.228928	108.791	168.7057
232.904510	108.762	168.8961
234.592224	108.734	169.0931
236.292191	108.706	169.2900
238.004456	108.677	169.4853
239.729126	108.650	169.6813
241.466309	108.623	169.8773
243.216080	108.597	170.0699
244.978516	108.571	170.2633
246.753738	108.546	170.4645
248.541809	108.521	170.6724
250.342850	108.497	170.8827
252.156937	108.474	171.0974
253.984161	108.450	171.3242
255.824646	108.427	171.5632
257.678467	108.407	171.8047
259.545685	108.387	172.0422
261.426483	108.369	172.2808
263.320862	108.353	172.5242
265.229004	108.340	172.7620
267.150970	108.328	172.9809
269.086853	108.316	173.1812
271.036774	108.302	173.3752
273.000824	108.287	173.5717
274.979095	108.272	173.7656
276.971710	108.256	173.9466
278.978760	108.240	174.1115
281.000336	108.221	174.2693
283.036591	108.202	174.4332
285.087585	108.181	174.6105
287.153442	108.162	174.8004
289.234283	108.144	174.9966
291.330200	108.126	175.1952
293.441284	108.108	175.3951
295.567688	108.090	175.5961
297.709503	108.071	175.7992
299.866821	108.052	176.0062
302.039795	108.033	176.2172
304.228485	108.014	176.4290
306.433044	107.994	176.6382
308.653595	107.974	176.8463
310.890228	107.952	177.0595
313.143066	107.930	177.2848
315.412231	107.909	177.5237
317.697845	107.890	177.7717
320.000000	107.872	178.0223
322.318848	107.856	178.2675
324.654510	107.842	178.5026
327.007080	107.827	178.7278
329.376709	107.811	178.9480
331.763519	107.795	179.1686
334.167603	107.779	179.3942
336.589142	107.762	179.6271
339.028198	107.745	179.8680
341.484924	107.728	-179.8820
343.959473	107.712	-179.6244
346.451935	107.697	-179.3608
348.962463	107.682	-179.0939
351.491211	107.668	-178.8287
354.038239	107.654	-178.5704
356.603760	107.641	-178.3209
359.187866	107.628	-178.0768
361.790680	107.615	-177.8329
364.412354	107.600	-177.5844
367.053040	107.585	-177.3305
369.712860	107.568	-177.0745
372.391968	107.552	-176.8214
375.090454	107.538	-176.5704
377.808533	107.527	-176.3130
380.546265	107.518	-176.0416
383.303864	107.508	-175.7581
386.081451	107.497	-175.4711
388.879150	107.484	-175.1888
391.697144	107.469	-174.9141
394.535522	107.454	-174.6447
397.394501	107.439	-174.3762
400.274170	107.426	-174.1045
403.174744	107.415	-173.8264
406.096313	107.405	-173.5425
409.039062	107.397	-173.2572
412.003113	107.389	-172.9752
414.988647	107.381	-172.6960
417.995850	107.373	-172.4163
421.024811	107.364	-172.1360
424.075714	107.353	-171.8568
427.148743	107.341	-171.5775
430.244049	107.330	-171.2961
433.361786	107.320	-171.0109
436.502106	107.311	-170.7184
439.665161	107.302	-170.4164
442.851166	107.294	-170.1048
446.060242	107.286	-169.7869
449.292572	107.277	-169.4679
452.548340	107.268	-169.1525
455.827698	107.259	-168.8444
459.130798	107.250	-168.5449
462.457855	107.242	-168.2509
465.809021	107.235	-167.9569
469.184448	107.230	-167.6589
472.584381	107.225	-167.3547
476.008911	107.221	-167.0438
479.458252	107.217	-166.7277
482.932617	107.213	-166.4077
486.432159	107.207	-166.0848
489.957031	107.201	-165.7607
493.507477	107.195	-165.4365
497.083618	107.188	-165.1100
500.685699	107.181	-164.7801
504.313873	107.175	-164.4465
507.968323	107.169	-164.1095
511.649292	107.164	-163.7700
515.356934	107.159	-163.4276
519.091370	107.155	-163.0836
522.852966	107.151	-162.7402
526.641724	107.147	-162.3992
530.458008	107.144	-162.0610
534.301941	107.142	-161.7245
538.173706	107.141	-161.3867
542.073547	107.140	-161.0441
546.001648	107.139	-160.6964
549.958191	107.139	-160.3448
553.943420	107.138	-159.9911
557.957520	107.138	-159.6354
562.000671	107.137	-159.2760
566.073181	107.136	-158.9122
570.175171	107.135	-158.5443
574.306885	107.133	-158.1730
578.468567	107.132	-157.7982
582.660400	107.130	-157.4200
586.882568	107.129	-157.0371
591.135376	107.129	-156.6498
595.419006	107.130	-156.2603
599.733643	107.131	-155.8715
604.079590	107.133	-155.4849
608.456970	107.135	-155.1005
612.866089	107.138	-154.7178
617.307190	107.142	-154.3345
621.780457	107.147	-153.9480
626.286133	107.151	-153.5562
630.824463	107.156	-153.1575
635.395691	107.161	-152.7523
640.000000	107.166	-152.3411
644.637695	107.171	-151.9246
649.309021	107.176	-151.5040
654.014160	107.181	-151.0804
658.753418	107.186	-150.6556
663.527039	107.191	-150.2301
668.335205	107.197	-149.8030
673.178284	107.203	-149.3727
678.056396	107.210	-148.9375
682.969849	107.219	-148.4975
687.918945	107.228	-148.0549
692.903870	107.238	-147.6104
697.924927	107.248	-147.1639
702.982422	107.259	-146.7159
708.076477	107.271	-146.2664
713.207520	107.284	-145.8149
718.375732	107.297	-145.3589
723.581360	107.310	-144.8967
728.824707	107.324	-144.4291
734.106079	107.338	-143.9561
739.425720	107.352	-143.4758
744.783936	107.366	-142.9877
750.180908	107.380	-142.4948
755.617065	107.395	-142.0010
761.092529	107.411	-141.5057
766.607727	107.429	-141.0076
772.162903	107.447	-140.5076
777.758301	107.466	-140.0089
783.394287	107.486	-139.5091
789.071045	107.507	-139.0016
794.789001	107.529	-138.4827
800.548340	107.552	-137.9561
806.349487	107.578	-137.4294
812.192627	107.603	-136.9056
818.078125	107.629	-136.3788
824.006226	107.654	-135.8422
829.977295	107.681	-135.2941
835.991699	107.710	-134.7383
842.049622	107.741	-134.1806
848.151428	107.773	-133.6231
854.297485	107.807	-133.0649
860.488098	107.842	-132.5040
866.723572	107.877	-131.9381
873.004211	107.915	-131.3673
879.330322	107.954	-130.7968
885.702332	107.997	-130.2306
892.120483	108.043	-129.6685
898.585144	108.092	-129.1119
905.096680	108.142	-128.5670
911.655396	108.192	-128.0406
918.261597	108.245	-127.5311
924.915710	108.299	-127.0286
931.618042	108.353	-126.5244
938.368896	108.405	-126.0186
945.168762	108.452	-125.5149
952.017822	108.490	-125.0154
958.916504	108.524	-124.5197
965.865234	108.557	-124.0280
972.864319	108.598	-123.5437
979.914062	108.649	-123.0701
987.014954	108.710	-122.6073
994.167236	108.778	-122.1542
1001.371399	108.850	-121.7086
1008.627747	108.923	-121.2671
1015.936646	108.997	-120.8267
1023.298584	109.070	-120.3871
1030.713867	109.140	-119.9510
1038.182739	109.208	-119.5223
1045.705933	109.273	-119.1056
1053.283447	109.337	-118.7027
1060.916016	109.400	-118.3118
1068.603882	109.464	-117.9292
1076.347412	109.527	-117.5504
1084.147095	109.590	-117.1746
1092.003296	109.652	-116.8046
1099.916382	109.713	-116.4430
1107.886841	109.775	-116.0913
1115.915039	109.836	-115.7502
1124.001343	109.898	-115.4196
1132.146362	109.960	-115.0988
1140.350342	110.022	-114.7864
1148.613770	110.084	-114.4818
1156.937134	110.146	-114.1830
1165.320801	110.207	-113.8895
1173.765137	110.268	-113.6029
1182.270752	110.328	-113.3259
1190.838013	110.388	-113.0592
1199.467285	110.447	-112.8005
1208.159180	110.506	-112.5461
1216.913940	110.564	-112.2936
1225.732178	110.622	-112.0423
1234.614380	110.680	-111.7937
1243.560913	110.737	-111.5492
1252.572266	110.794	-111.3088
1261.648926	110.852	-111.0719
1270.791382	110.910	-110.8391
1280.000000	110.969	-110.6108
1289.275391	111.028	-110.3865
1298.618042	111.089	-110.1655
1308.028320	111.149	-109.9465
1317.506836	111.210	-109.7281
1327.054077	111.270	-109.5098
1336.670410	111.330	-109.2913
1346.356567	111.390	-109.0724
1356.112793	111.449	-108.8528
1365.939697	111.508	-108.6332
1375.837891	111.566	-108.4143
1385.807739	111.624	-108.1957
1395.849854	111.682	-107.9766
1405.964844	111.739	-107.7573
1416.152954	111.797	-107.5379
1426.415039	111.854	-107.3174
1436.751465	111.911	-107.0947
1447.162720	111.968	-106.8706
1457.649414	112.026	-106.6469
1468.212158	112.083	-106.4242
1478.851440	112.140	-106.2019
1489.567871	112.198	-105.9790
1500.361816	112.255	-105.7540
1511.234131	112.312	-105.5261
1522.185059	112.369	-105.2954
1533.215454	112.425	-105.0625
1544.325806	112.482	-104.8281
1555.516602	112.538	-104.5926
1566.788574	112.595	-104.3545
1578.142090	112.652	-104.1118
1589.578003	112.709	-103.8632
1601.096680	112.765	-103.6077
1612.698975	112.822	-103.3433
1624.385254	112.879	-103.0681
1636.156250	112.936	-102.7806
1648.012451	112.994	-102.4795
1659.954590	113.055	-102.1621
1671.983398	113.117	-101.8270
1684.099243	113.184	-101.4746
1696.302856	113.255	-101.1087
1708.594971	113.333	-100.7363
1720.976196	113.419	-100.3679
1733.447144	113.513	-100.0184
1746.008423	113.615	-99.7050
1758.660645	113.723	-99.4442
1771.404663	113.835	-99.2484
1784.240967	113.948	-99.1222
1797.170288	114.059	-99.0632
1810.193359	114.166	-99.0631
1823.310791	114.268	-99.1090
1836.523193	114.363	-99.1876
1849.831421	114.451	-99.2860
1863.236084	114.535	-99.3945
1876.737793	114.613	-99.5052
1890.337524	114.687	-99.6136
1904.035645	114.758	-99.7180
1917.833008	114.826	-99.8186
1931.730469	114.892	-99.9165
1945.728638	114.955	-100.0128
1959.828125	115.017	-100.1077
1974.029907	115.076	-100.2009
1988.334473	115.134	-100.2935
2002.742798	115.190	-100.3871
2017.255493	115.243	-100.4829
2031.873291	115.296	-100.5806
2046.597168	115.346	-100.6786
2061.427734	115.395	-100.7759
2076.365479	115.443	-100.8724
2091.411865	115.490	-100.9680
2106.566895	115.537	-101.0619
2121.832031	115.584	-101.1537
2137.207764	115.631	-101.2438
2152.694824	115.679	-101.3340
2168.294189	115.728	-101.4287
2184.006592	115.778	-101.5344
2199.832764	115.828	-101.6594
2215.773682	115.878	-101.8113
2231.830078	115.927	-101.9950
2248.002686	115.972	-102.2122
2264.292725	116.014	-102.4603
2280.700684	116.049	-102.7338
2297.227539	116.079	-103.0244
2313.874268	116.102	-103.3232
2330.641602	116.119	-103.6217
2347.530273	116.130	-103.9122
2364.541504	116.136	-104.1895
2381.676025	116.139	-104.4512
2398.934570	116.137	-104.6976
2416.318359	116.133	-104.9306
2433.827881	116.125	-105.1525
2451.464355	116.115	-105.3655
2469.228760	116.101	-105.5706
2487.121826	116.084	-105.7675
2505.144531	116.064	-105.9542
2523.297852	116.040	-106.1289
2541.582764	116.012	-106.2889
2560.000000	115.982	-106.4314
2578.550781	115.948	-106.5544
2597.236084	115.913	-106.6577
2616.056641	115.875	-106.7429
2635.013672	115.836	-106.8132
2654.108154	115.795	-106.8730
2673.340820	115.753	-106.9263
2692.713135	115.710	-106.9753
2712.225586	115.663	-107.0192
2731.879395	115.613	-107.0540
2751.675781	115.558	-107.0748
2771.615479	115.498	-107.0823
2791.699707	115.434	-107.0806
2811.929688	115.364	-107.0658
2832.305908	115.290	-107.0229
2852.830078	115.213	-106.9362
2873.502930	115.133	-106.8071
2894.325439	115.053	-106.6499
2915.298828	114.972	-106.4711
2936.424316	114.890	-106.2574
2957.702881	114.805	-105.9896
2979.135742	114.716	-105.6642
3000.723633	114.624	-105.2932
3022.468262	114.532	-104.8912
3044.370117	114.443	-104.4641
3066.430908	114.361	-104.0143
3088.651611	114.286	-103.5410
3111.033203	114.217	-103.0387
3133.577148	114.152	-102.5015
3156.284180	114.091	-101.9310
3179.156006	114.031	-101.3409
3202.193359	113.975	-100.7496
3225.397949	113.922	-100.1680
3248.770508	113.872	-99.5958
3272.312500	113.825	-99.0273
3296.024902	113.781	-98.4568
3319.909180	113.737	-97.8795
3343.966797	113.691	-97.2899
3368.198486	113.642	-96.6833
3392.605713	113.588	-96.0560
3417.189941	113.529	-95.4025
3441.952393	113.464	-94.7161
3466.894287	113.394	-93.9948
3492.016846	113.319	-93.2448
3517.321289	113.244	-92.4747
3542.809326	113.171	-91.6857
3568.481934	113.101	-90.8718
3594.340576	113.036	-90.0283
3620.386719	112.973	-89.1565
3646.621582	112.915	-88.2590
3673.046387	112.860	-87.3354
3699.662842	112.810	-86.3838
3726.472168	112.764	-85.4049
3753.475586	112.724	-84.4033
3780.675049	112.694	-83.3845
3808.071289	112.672	-82.3541
3835.666016	112.658	-81.3162
3863.460938	112.652	-80.2729
3891.457275	112.650	-79.2243
3919.656250	112.650	-78.1680
3948.059814	112.651	-77.1033
3976.668945	112.649	-76.0333
4005.485596	112.641	-74.9614
4034.510986	112.628	-73.8901
4063.746582	112.611	-72.8198
4093.194336	112.591	-71.7509
4122.855469	112.568	-70.6838
4152.730957	112.544	-69.6189
4182.823730	112.518	-68.5562
4213.133789	112.494	-67.4950
4243.664062	112.471	-66.4348
4274.415527	112.450	-65.3743
4305.389648	112.433	-64.3127
4336.588379	112.418	-63.2507
4368.013184	112.408	-62.1910
4399.665527	112.405	-61.1364
4431.547363	112.407	-60.0885
4463.660156	112.415	-59.0487
4496.005371	112.429	-58.0187
4528.585449	112.448	-56.9994
4561.401367	112.471	-55.9921
4594.455078	112.497	-54.9992
4627.748535	112.526	-54.0242
4661.283203	112.558	-53.0707
4695.060547	112.593	-52.1414
4729.083008	112.629	-51.2383
4763.352051	112.667	-50.3635
4797.869141	112.707	-49.5194
4832.636719	112.748	-48.7088
4867.655762	112.790	-47.9336
4902.928711	112.830	-47.1953
4938.457520	112.869	-46.4944
4974.243652	112.905	-45.8302
5010.289062	112.936	-45.2018
5046.595703	112.962	-44.6067
5083.165527	112.981	-44.0419
5120.000000	112.992	-43.5040
5157.101562	112.992	-42.9888
5194.472168	112.979	-42.4904
5232.113281	112.953	-42.0020
5270.027344	112.911	-41.5158
5308.216309	112.852	-41.0239
5346.681641	112.774	-40.5173
5385.426270	112.675	-39.9838
5424.451172	112.555	-39.4067
5463.758789	112.415	-38.7642
5503.351562	112.254	-38.0282
5543.230957	112.071	-37.1635
5583.399414	111.869	-36.1299
5623.859375	111.650	-34.8820
5664.611816	111.416	-33.3693
5705.660156	111.173	-31.5381
5747.005859	110.929	-29.3367
5788.650879	110.693	-26.7226
5830.597656	110.481	-23.6678
5872.848633	110.309	-20.1669
5915.405762	110.195	-16.2478
5958.271484	110.157	-11.9813
6001.447266	110.209	-7.4805
6044.936523	110.360	-2.8903
6088.740234	110.611	1.6281
6132.861816	110.958	5.9165
6177.303223	111.390	9.8383
6222.066406	111.892	13.2916
6267.154297	112.448	16.2122
6312.568359	113.041	18.5631
6358.312012	113.656	20.3304
6404.386719	114.280	21.5168
6450.795898	114.899	22.1357
6497.541016	115.502	22.2063
6544.625000	116.078	21.7513
6592.049805	116.615	20.8032
6639.818359	117.104	19.4071
6687.933594	117.534	17.6216
6736.396973	117.896	15.5171
6785.211426	118.184	13.1736
6834.379883	118.395	10.6800
6883.904785	118.528	8.1309
6933.788574	118.586	5.6176
6984.033691	118.577	3.2200
7034.642578	118.507	1.0036
7085.618652	118.385	-0.9816
7136.963867	118.222	-2.7061
7188.681152	118.027	-4.1654
7240.773438	117.810	-5.3737
7293.243164	117.578	-6.3488
7346.092773	117.333	-7.1050
7399.325684	117.078	-7.6553
7452.944336	116.813	-8.0164
7506.951172	116.540	-8.2048
7561.350098	116.262	-8.2336
7616.142578	115.979	-8.1147
7671.332031	115.694	-7.8575
7726.921875	115.407	-7.4655
7782.914551	115.116	-6.9300
7839.312500	114.820	-6.2332
7896.119629	114.520	-5.3486
7953.337891	114.220	-4.2405
8010.971191	113.926	-2.8655
8069.021973	113.649	-1.1862
8127.493164	113.404	0.8105
8186.388672	113.207	3.0964
8245.710938	113.076	5.5901
8305.461914	113.020	8.1642
8365.647461	113.043	10.6678
8426.267578	113.135	12.9600
8487.328125	113.281	14.9399
8548.831055	113.463	16.5547
8610.779297	113.665	17.7931
8673.176758	113.874	18.6703
8736.026367	114.080	19.2144
8799.331055	114.277	19.4580
8863.094727	114.460	19.4315
8927.320312	114.625	19.1614
8992.010742	114.767	18.6710
9057.170898	114.884	17.9828
9122.802734	114.970	17.1200
9188.910156	115.022	16.1082
9255.497070	115.035	14.9768
9322.566406	115.005	13.7606
9390.121094	114.932	12.5006
9458.166016	114.815	11.2444
9526.704102	114.659	10.0435
9595.738281	114.468	8.9411
9665.273438	114.248	7.9569
9735.311523	114.006	7.0892
9805.857422	113.742	6.3395
9876.915039	113.456	5.7258
9948.487305	113.151	5.2715
10020.578125	112.831	4.9950
10093.191406	112.500	4.9044
10166.331055	112.163	4.9994
10240.000000	111.823	5.2747
10314.203125	111.485	5.7217
10388.944336	111.150	6.3306
10464.226562	110.823	7.0898
10540.054688	110.504	7.9880
10616.432617	110.196	9.0145
10693.363281	109.900	10.1578
10770.852539	109.617	11.4056
10848.902344	109.348	12.7467
10927.517578	109.094	14.1721
11006.703125	108.855	15.6740
11086.461914	108.633	17.2439
11166.798828	108.427	18.8718
11247.718750	108.237	20.5485
11329.223633	108.062	22.2656
11411.320312	107.902	24.0175
11494.011719	107.761	25.7996
11577.301758	107.641	27.6042
11661.195312	107.543	29.4233
11745.697266	107.467	31.2523
11830.811523	107.409	33.0854
11916.542969	107.373	34.9143
12002.894531	107.364	36.7304
12089.873047	107.384	38.5240
12177.480469	107.430	40.2846
12265.723633	107.501	41.9969
12354.606445	107.594	43.6449
12444.132812	107.715	45.2151
12534.308594	107.869	46.6966
12625.136719	108.066	48.0753
12716.624023	108.308	49.3305
12808.773438	108.595	50.4337
12901.591797	108.926	51.3455
12995.082031	109.299	52.0155
13089.250000	109.719	52.3841
13184.099609	110.189	52.3805
13279.636719	110.715	51.9176
13375.867188	111.298	50.8900
13472.793945	111.933	49.1707
13570.422852	112.609	46.6143
13668.759766	113.306	43.0721
13767.809570	113.997	38.4242
13867.577148	114.646	32.6166
13968.067383	115.211	25.7003
14069.285156	115.645	17.8588
14171.237305	115.900	9.4046
14273.927734	115.942	0.7369
14377.362305	115.765	-7.7346
14481.546875	115.390	-15.6626
14586.486328	114.855	-22.8119
14692.185547	114.213	-29.0787
14798.651367	113.522	-34.4810
14905.888672	112.827	-39.1254
15013.902344	112.161	-43.1670
15122.700195	111.543	-46.7759
15232.285156	110.986	-50.1185
15342.664062	110.497	-53.3522
15453.843750	110.075	-56.6245
15565.829102	109.715	-60.0771
15678.625000	109.417	-63.8513
15792.239258	109.188	-68.0952
15906.675781	109.027	-72.9711
16021.942383	108.922	-78.6561
16138.043945	108.859	-85.3364
16254.986328	108.831	-93.1862
16372.777344	108.828	-102.3285
16491.421875	108.828	-112.7839
16610.923828	108.779	-124.4274
16731.294922	108.603	-136.9721
16852.535156	108.228	-150.0004
16974.656250	107.621	-163.0488
17097.662109	106.795	-175.7042
17221.558594	105.795	172.3201
17346.353516	104.681	161.1595
17472.052734	103.511	150.8134
17598.662109	102.337	141.1846
17726.189453	101.195	132.1178
17854.640625	100.112	123.4335
17984.021484	99.101	114.9561
18114.341797	98.170	106.5288
18245.605469	97.319	98.0153
18377.820312	96.550	89.2961
18510.994141	95.869	80.2609
18645.132812	95.299	70.7695
18780.242188	94.864	60.5447
18916.332031	94.542	49.1559
19053.408203	94.237	36.3620
19191.476562	93.865	22.3602
19330.546875	93.414	7.3752
19470.623047	92.902	-8.5562
19611.714844	92.347	-25.4362
19753.830078	91.781	-42.8960
19896.974609	91.291	-59.0676
