* Measurement data measured by REW V5.31
* Source: Input device not selected, no input selected, L, volume: 0.250. Timing signal peak level -42.3 dBFS, measurement signal peak level -42.7 dBFS
* Format: 1M Log Swept Sine, 1 sweep at -12.0 dBFS using an acoustic timing reference
* Dated: 09-Apr-2024 22:52:08
* REW Settings:
*  C-weighting compensation: Off
*  Target level: 75.0 dB
* Note: ; Delay 0.0082 ms (2.8 mm, 0.11 in) using estimated IR delay relative to Acoustic reference played from  L with no timing offset Clock adjustment: 34.5 ppm
* Measurement: L2 W1
* Smoothing: 1/24 octave
* Frequency Step: 1/48 octave
* Start Frequency: 20.000 Hz
*
* Freq(Hz)	SPL(dB)	Phase(degrees)
20.000000	97.469	-140.3258
20.299999	97.510	-141.3836
20.600000	97.544	-142.4287
20.900000	97.573	-143.4423
21.200001	97.598	-144.4140
21.400000	97.615	-145.0388
21.799999	97.649	-146.2459
22.000000	97.667	-146.8357
22.400000	97.704	-148.0036
22.700001	97.731	-148.8741
23.000000	97.755	-149.7394
23.299999	97.775	-150.5967
23.600000	97.792	-151.4429
24.000000	97.805	-152.5440
24.299999	97.808	-153.3350
24.700001	97.804	-154.3100
25.000000	97.798	-154.9606
25.400000	97.797	-155.7190
25.799999	97.816	-156.4132
26.200001	97.858	-157.1638
26.500000	97.898	-157.8339
26.900000	97.945	-158.8994
27.200001	97.962	-159.7903
27.600000	97.955	-160.9841
28.000000	97.923	-162.0541
28.500000	97.880	-163.1462
29.000000	97.868	-164.1172
29.500000	97.874	-165.1877
30.000000	97.867	-166.3612
30.400000	97.845	-167.2479
30.700001	97.826	-167.8321
31.100000	97.811	-168.5255
31.500000	97.812	-169.2122
32.000000	97.820	-170.1765
32.500000	97.804	-171.1971
33.000000	97.761	-172.0777
33.500000	97.716	-172.7307
34.000000	97.690	-173.2504
34.500000	97.678	-173.7507
35.000000	97.673	-174.2682
35.500000	97.677	-174.8560
36.000000	97.682	-175.6177
36.500000	97.659	-176.5614
37.000000	97.588	-177.5261
37.500000	97.487	-178.3434
38.200001	97.339	-179.2621
38.700001	97.224	-179.8107
39.500000	97.038	179.8537
40.000000	96.993	179.9782
40.599998	97.052	179.8618
41.200001	97.149	178.9973
41.799999	97.193	177.5814
42.500000	97.141	175.8547
43.099998	97.020	174.8430
43.700001	96.904	174.6950
44.400002	96.958	175.0615
45.000000	97.141	174.3798
45.500000	97.213	172.8328
46.200001	97.014	170.7203
46.799999	96.709	170.5072
47.500000	96.556	171.6901
48.200001	96.631	172.1156
48.700001	96.665	171.6137
49.400002	96.603	170.6432
50.000000	96.508	170.0684
50.799999	96.416	169.4344
51.500000	96.349	168.6731
52.200001	96.261	167.8255
53.000000	96.158	167.0058
53.799999	96.083	166.2600
54.500000	96.022	165.5714
55.200001	95.947	164.9812
56.000000	95.866	164.5078
57.000000	95.777	164.0904
58.000000	95.699	163.9401
59.000000	95.677	163.9005
60.000000	95.692	163.4998
60.799999	95.679	162.9077
61.500000	95.636	162.4194
62.200001	95.587	162.0690
63.000000	95.549	161.7061
64.000000	95.498	161.0691
65.000000	95.413	160.3724
66.000000	95.308	159.7781
67.000000	95.204	159.2571
68.000000	95.109	158.7514
69.000000	95.025	158.2545
70.000000	94.952	157.7457
71.000000	94.870	157.2785
72.000000	94.783	157.0252
73.000000	94.707	156.8858
74.000000	94.626	156.7141
75.000000	94.530	156.5421
76.199997	94.417	156.3488
77.500000	94.325	156.0107
78.800003	94.262	155.5189
80.000000	94.218	155.0401
81.199997	94.164	154.6929
82.500000	94.074	154.5104
83.800003	93.943	154.4648
85.000000	93.789	154.3417
86.199997	93.640	153.9430
87.500000	93.514	152.8760
88.500000	93.399	151.3343
90.000000	93.006	150.8449
91.199997	93.059	153.0928
92.500000	93.370	153.4865
93.800003	93.524	153.2185
95.000000	93.562	152.9626
96.199997	93.504	152.6872
97.500000	93.381	152.3696
98.800003	93.252	152.0283
100.000000	93.161	151.6702
101.500000	93.089	151.2500
103.000000	93.033	150.9121
104.400002	92.963	150.6660
106.000000	92.847	150.4678
107.500000	92.734	150.3109
109.000000	92.641	150.1093
110.599998	92.557	149.9084
112.000000	92.483	149.8557
113.800003	92.371	149.9131
115.000000	92.285	149.9626
117.199997	92.146	149.9088
118.000000	92.106	149.7838
120.599998	92.001	149.5473
122.000000	91.965	149.6313
124.099998	91.904	149.9242
125.000000	91.875	150.0624
126.500000	91.832	150.2272
128.000000	91.803	150.2356
131.500000	91.768	149.8235
132.000000	91.760	149.7343
134.000000	91.698	149.3847
136.000000	91.605	149.1302
138.000000	91.514	148.9278
140.000000	91.446	148.8011
143.000000	91.349	148.7336
145.000000	91.271	148.7632
147.500000	91.172	148.6385
150.000000	91.078	148.4856
152.500000	91.007	148.4856
155.000000	90.944	148.5967
157.500000	90.885	148.6676
160.000000	90.831	148.6844
162.500000	90.779	148.6738
165.000000	90.719	148.6283
167.500000	90.638	148.5547
170.000000	90.546	148.5146
172.500000	90.448	148.5044
175.000000	90.349	148.5316
177.500000	90.262	148.5798
180.000000	90.191	148.5792
182.500000	90.135	148.5796
185.000000	90.091	148.5971
187.500000	90.051	148.6046
190.000000	90.011	148.6082
192.500000	89.967	148.6385
195.000000	89.917	148.7032
197.500000	89.858	148.7704
200.000000	89.796	148.8499
203.000000	89.724	148.9801
206.000000	89.653	149.1041
209.000000	89.583	149.2198
212.000000	89.519	149.3345
214.000000	89.475	149.4160
218.000000	89.384	149.6563
220.000000	89.338	149.8080
224.000000	89.248	150.1885
227.000000	89.195	150.5883
230.000000	89.165	151.0273
233.000000	89.160	151.3997
236.000000	89.168	151.6124
240.000000	89.179	151.7185
243.000000	89.185	151.7311
247.000000	89.188	151.6677
250.000000	89.179	151.5026
254.000000	89.146	151.2335
258.000000	89.093	151.0408
262.000000	89.033	150.9684
265.000000	88.991	150.9408
269.000000	88.933	150.9595
272.000000	88.893	150.9956
276.000000	88.843	151.0379
280.000000	88.790	151.1069
285.000000	88.730	151.1888
290.000000	88.677	151.2956
295.000000	88.627	151.4186
300.000000	88.577	151.5309
304.000000	88.538	151.6472
307.000000	88.510	151.7405
311.000000	88.475	151.8272
315.000000	88.444	151.9155
320.000000	88.402	152.0361
325.000000	88.365	152.1495
330.000000	88.326	152.2735
335.000000	88.285	152.4177
340.000000	88.248	152.5522
345.000000	88.214	152.6769
350.000000	88.183	152.7964
355.000000	88.155	152.8907
360.000000	88.126	152.9860
365.000000	88.096	153.1120
370.000000	88.067	153.2401
375.000000	88.043	153.3459
382.000000	88.004	153.5154
387.000000	87.975	153.6404
395.000000	87.942	153.7735
400.000000	87.925	153.9103
406.000000	87.902	154.0687
412.000000	87.877	154.1953
418.000000	87.854	154.3023
425.000000	87.829	154.4216
431.000000	87.810	154.5448
437.000000	87.791	154.6915
444.000000	87.769	154.8474
450.000000	87.752	154.9864
455.000000	87.741	155.0752
462.000000	87.724	155.1927
468.000000	87.707	155.3253
475.000000	87.686	155.4714
482.000000	87.670	155.6019
487.000000	87.661	155.7314
494.000000	87.652	155.8864
500.000000	87.647	155.9941
508.000000	87.637	156.1488
515.000000	87.621	156.3082
522.000000	87.612	156.4539
530.000000	87.609	156.5855
538.000000	87.606	156.7228
545.000000	87.604	156.8702
552.000000	87.601	157.0226
560.000000	87.596	157.1720
570.000000	87.593	157.3499
580.000000	87.590	157.5475
590.000000	87.586	157.7471
600.000000	87.585	157.9489
608.000000	87.587	158.0849
615.000000	87.589	158.2080
622.000000	87.594	158.3431
630.000000	87.606	158.5079
640.000000	87.619	158.7147
650.000000	87.626	158.9057
660.000000	87.634	159.1302
670.000000	87.647	159.3517
680.000000	87.662	159.5352
690.000000	87.681	159.7411
700.000000	87.704	159.9516
710.000000	87.724	160.1500
720.000000	87.744	160.3499
730.000000	87.767	160.5835
740.000000	87.794	160.8337
750.000000	87.826	161.0323
762.000000	87.869	161.2577
775.000000	87.916	161.5411
788.000000	87.962	161.8665
800.000000	88.010	162.1696
812.000000	88.060	162.4349
825.000000	88.114	162.6901
838.000000	88.178	162.9312
850.000000	88.244	163.1766
862.000000	88.310	163.4201
875.000000	88.386	163.6700
885.000000	88.446	163.8350
900.000000	88.536	164.0901
912.000000	88.613	164.2923
925.000000	88.704	164.4872
938.000000	88.802	164.6163
950.000000	88.877	164.7341
962.000000	88.937	164.8247
975.000000	89.009	164.8752
988.000000	89.112	164.8859
1000.000000	89.225	164.8395
1015.000000	89.370	164.7219
1030.000000	89.503	164.5458
1044.000000	89.614	164.3480
1060.000000	89.729	164.0688
1075.000000	89.823	163.7646
1090.000000	89.902	163.4555
1106.000000	89.977	163.1599
1120.000000	90.043	162.9573
1138.000000	90.132	162.7748
1150.000000	90.198	162.6760
1172.000000	90.333	162.4785
1180.000000	90.384	162.3850
1206.000000	90.554	162.0008
1220.000000	90.651	161.7390
1241.000000	90.801	161.2723
1250.000000	90.865	161.0374
1265.000000	90.971	160.6148
1280.000000	91.073	160.1653
1315.000000	91.306	159.0677
1320.000000	91.339	158.9154
1340.000000	91.468	158.3121
1360.000000	91.597	157.6780
1380.000000	91.724	157.0227
1400.000000	91.848	156.3551
1430.000000	92.031	155.3218
1450.000000	92.150	154.6275
1475.000000	92.294	153.7648
1500.000000	92.436	152.8954
1525.000000	92.579	152.0233
1550.000000	92.719	151.1599
1575.000000	92.856	150.2969
1600.000000	92.995	149.4231
1625.000000	93.135	148.5372
1650.000000	93.273	147.6399
1675.000000	93.411	146.7172
1700.000000	93.548	145.7696
1725.000000	93.685	144.7940
1750.000000	93.822	143.7940
1775.000000	93.960	142.7875
1800.000000	94.096	141.7555
1825.000000	94.232	140.6841
1850.000000	94.369	139.5892
1875.000000	94.505	138.4732
1900.000000	94.638	137.3249
1925.000000	94.767	136.1527
1950.000000	94.891	134.9628
1975.000000	95.011	133.7364
2000.000000	95.127	132.4669
2030.000000	95.260	130.9174
2060.000000	95.384	129.3469
2090.000000	95.497	127.7702
2120.000000	95.600	126.1872
2140.000000	95.664	125.1238
2180.000000	95.790	122.9973
2200.000000	95.852	121.9264
2240.000000	95.969	119.7399
2270.000000	96.045	118.0460
2300.000000	96.105	116.3307
2330.000000	96.147	114.6511
2360.000000	96.175	113.0764
2400.000000	96.210	111.1978
2430.000000	96.250	109.9146
2470.000000	96.338	108.2021
2500.000000	96.424	106.8138
2540.000000	96.543	104.7194
2580.000000	96.648	102.3752
2620.000000	96.722	99.8201
2650.000000	96.750	97.7997
2690.000000	96.744	95.0750
2720.000000	96.708	93.0828
2760.000000	96.625	90.5691
2800.000000	96.521	88.2711
2850.000000	96.373	85.5965
2900.000000	96.208	83.0749
2950.000000	96.024	80.7172
3000.000000	95.820	78.5774
3040.000000	95.652	77.0632
3070.000000	95.527	76.0320
3110.000000	95.366	74.7892
3150.000000	95.219	73.6912
3200.000000	95.063	72.4482
3250.000000	94.935	71.2513
3300.000000	94.823	70.0484
3350.000000	94.701	68.8369
3400.000000	94.550	67.7016
3450.000000	94.371	66.7168
3500.000000	94.168	65.9212
3550.000000	93.956	65.3659
3600.000000	93.757	65.0961
3650.000000	93.591	65.0609
3700.000000	93.477	65.1814
3750.000000	93.417	65.3528
3820.000000	93.412	65.4652
3870.000000	93.439	65.4017
3950.000000	93.482	65.0742
4000.000000	93.485	64.7774
4060.000000	93.453	64.4720
4120.000000	93.396	64.2787
4180.000000	93.336	64.1847
4250.000000	93.283	64.1441
4310.000000	93.269	64.1060
4370.000000	93.283	64.0276
4440.000000	93.333	63.8763
4500.000000	93.398	63.6755
4550.000000	93.466	63.4608
4620.000000	93.583	63.0827
4680.000000	93.700	62.6640
4750.000000	93.856	62.0339
4820.000000	94.029	61.2187
4870.000000	94.160	60.5126
4940.000000	94.350	59.3615
5000.000000	94.515	58.1957
5080.000000	94.719	56.3418
5150.000000	94.866	54.4156
5220.000000	94.967	52.2244
5300.000000	95.004	49.4537
5380.000000	94.930	46.5034
5450.000000	94.763	43.9366
5520.000000	94.493	41.6159
5600.000000	94.069	39.5699
5700.000000	93.411	38.5272
5800.000000	92.702	39.8671
5900.000000	92.128	44.0295
6000.000000	91.923	50.6750
6080.000000	92.152	56.8168
6150.000000	92.655	61.8350
6220.000000	93.403	65.8542
6300.000000	94.469	68.7220
6400.000000	95.960	69.3909
6500.000000	97.460	66.7642
6600.000000	98.803	61.0747
6700.000000	99.832	52.9182
6800.000000	100.438	43.2680
6900.000000	100.591	33.3953
7000.000000	100.359	24.4470
7100.000000	99.869	17.0986
7200.000000	99.257	11.4574
7300.000000	98.618	7.2560
7400.000000	98.001	4.1473
7500.000000	97.421	1.8560
7620.000000	96.779	-0.1370
7750.000000	96.135	-1.6613
7880.000000	95.517	-2.6545
8000.000000	94.956	-2.9225
8120.000000	94.436	-2.1556
8250.000000	94.027	0.1730
8380.000000	93.932	3.5197
8500.000000	94.153	6.3096
8620.000000	94.585	7.9774
8750.000000	95.168	8.3256
8850.000000	95.646	7.6652
9000.000000	96.365	5.3368
9120.000000	96.911	2.3887
9250.000000	97.432	-1.8549
9380.000000	97.829	-7.0813
9500.000000	98.064	-12.5582
9620.000000	98.158	-18.5049
9750.000000	98.072	-25.2148
9880.000000	97.783	-31.7307
10000.000000	97.361	-37.1986
10150.000000	96.683	-42.9532
10300.000000	95.916	-47.3801
10440.000000	95.180	-50.3782
10600.000000	94.366	-52.6455
10750.000000	93.658	-53.8471
10900.000000	93.021	-54.3527
11060.000000	92.433	-54.2996
11200.000000	92.001	-53.8843
11380.000000	91.559	-52.9824
11500.000000	91.335	-52.2244
11720.000000	91.081	-50.7017
11800.000000	91.040	-50.1459
12060.000000	91.099	-48.4594
12200.000000	91.260	-47.7478
12410.000000	91.685	-47.2101
12500.000000	91.939	-47.2643
12650.000000	92.459	-47.8956
12800.000000	93.100	-49.4224
13150.000000	94.932	-58.5719
13200.000000	95.198	-60.7272
13400.000000	96.109	-71.7438
13600.000000	96.532	-85.9664
13800.000000	96.257	-101.2987
14000.000000	95.386	-115.1041
14300.000000	93.709	-129.7004
14500.000000	92.630	-135.4872
14750.000000	91.426	-139.7242
15000.000000	90.496	-142.1720
15250.000000	89.890	-143.9987
15500.000000	89.628	-146.1292
15750.000000	89.727	-149.7018
16000.000000	90.267	-156.5995
16250.000000	91.213	-169.8494
16500.000000	92.206	167.6454
16750.000000	92.106	137.4702
17000.000000	90.142	108.5856
17250.000000	87.027	87.5353
17500.000000	83.781	73.9805
17750.000000	80.939	64.8514
18000.000000	78.584	57.4666
18250.000000	76.635	50.2827
18500.000000	75.007	42.4928
18750.000000	73.637	33.4080
19000.000000	72.467	22.4019
19250.000000	71.372	9.3447
19500.000000	70.240	-6.3328
19750.000000	69.086	-24.2463
20000.000000	68.235	-40.8799
