* Measurement data measured by REW V5.31.1
* Source: Headset (USB-C to 3.5mm Headphone Jack Adapter), MICROPHONE (Master Volume), R, volume: 0.250. Timing signal peak level -21.2 dBFS, measurement signal peak level -21.7 dBFS
* Format: 256k Log Swept Sine, 1 sweep at -12.0 dBFS using an acoustic timing reference
* Dated: Nov 14, 2024 4:42:03 AM
* REW Settings:
*  C-weighting compensation: Off
*  Target level: 75.0 dB
* Note: ; Delay -0.0931 ms (-32 mm, -1.26 in) using estimated IR delay relative to Acoustic reference played from  L with no timing offset
* Measurement: IE600 Sil S3 L2
* Smoothing: 1/24 octave
* Frequency Step: 1/96 octave
* Start Frequency: 20.000 Hz
*
* Freq(Hz)	SPL(dB)	Phase(degrees)
20.000000	117.282	-137.3334
20.144928	117.335	-137.7324
20.290907	117.387	-138.1796
20.437943	117.435	-138.6696
20.586044	117.477	-139.1935
20.735220	117.511	-139.7407
20.885475	117.538	-140.2944
21.036821	117.556	-140.8401
21.189262	117.569	-141.3652
21.342808	117.577	-141.8590
21.497467	117.582	-142.3195
21.653246	117.589	-142.7511
21.810154	117.599	-143.1631
21.968201	117.614	-143.5739
22.127390	117.634	-144.0034
22.287735	117.657	-144.4691
22.449242	117.680	-144.9875
22.611917	117.699	-145.5629
22.775772	117.711	-146.1904
22.940815	117.711	-146.8558
23.107054	117.696	-147.5299
23.274498	117.665	-148.1812
23.443153	117.620	-148.7711
23.613033	117.565	-149.2648
23.784142	117.505	-149.6399
23.956491	117.450	-149.8861
24.130091	117.408	-150.0195
24.304947	117.387	-150.0784
24.481071	117.392	-150.1180
24.658470	117.424	-150.2111
24.837156	117.479	-150.4192
25.017136	117.548	-150.7981
25.198421	117.620	-151.3706
25.381020	117.683	-152.1340
25.564941	117.727	-153.0570
25.750195	117.742	-154.0807
25.936790	117.725	-155.1382
26.124741	117.676	-156.1469
26.314051	117.601	-157.0385
26.504732	117.509	-157.7526
26.696796	117.414	-158.2618
26.890253	117.329	-158.5715
27.085112	117.267	-158.7268
27.281382	117.237	-158.8068
27.479073	117.240	-158.9038
27.678198	117.271	-159.1076
27.878765	117.316	-159.4792
28.080786	117.363	-160.0431
28.284271	117.395	-160.7766
28.489231	117.401	-161.6259
28.695675	117.374	-162.5018
28.903616	117.313	-163.3110
29.113064	117.223	-163.9529
29.324028	117.117	-164.3527
29.536524	117.012	-164.4656
29.750557	116.929	-164.3036
29.966141	116.886	-163.9330
30.183289	116.895	-163.4815
30.402010	116.958	-163.0956
30.622314	117.066	-162.9213
30.844217	117.199	-163.0585
31.067726	117.336	-163.5456
31.292856	117.451	-164.3564
31.519617	117.529	-165.4123
31.748020	117.557	-166.5982
31.978081	117.533	-167.7761
32.209808	117.460	-168.8185
32.443211	117.354	-169.6131
32.678310	117.235	-170.1011
32.915108	117.126	-170.2853
33.153625	117.048	-170.2457
33.393871	117.012	-170.1121
33.635857	117.016	-170.0286
33.879597	117.045	-170.1119
34.125103	117.080	-170.4033
34.372387	117.100	-170.8733
34.621464	117.091	-171.4249
34.872345	117.051	-171.9390
35.125042	116.988	-172.3040
35.379574	116.920	-172.4475
35.635948	116.868	-172.3694
35.894180	116.849	-172.1374
36.154285	116.872	-171.8737
36.416275	116.934	-171.7098
36.680161	117.023	-171.7411
36.945961	117.122	-172.0134
37.213688	117.214	-172.5181
37.483353	117.290	-173.2129
37.754974	117.343	-174.0441
38.028561	117.370	-174.9571
38.304131	117.371	-175.9033
38.581699	117.344	-176.8392
38.861279	117.290	-177.7206
39.142883	117.211	-178.4989
39.426529	117.112	-179.1245
39.712231	117.000	-179.5588
40.000000	116.888	-179.7833
40.289856	116.786	-179.8086
40.581814	116.708	-179.6811
40.875885	116.661	-179.4780
41.172089	116.648	-179.2952
41.470440	116.667	-179.2318
41.770950	116.707	-179.3723
42.073643	116.753	-179.7654
42.378525	116.786	179.5950
42.685616	116.789	178.7769
42.994934	116.752	177.8968
43.306492	116.675	177.0953
43.620308	116.571	176.4999
43.936401	116.463	176.1793
44.254780	116.375	176.1069
44.575470	116.325	176.1667
44.898483	116.313	176.2097
45.223835	116.327	176.1232
45.551544	116.346	175.8775
45.881630	116.353	175.5248
46.214108	116.343	175.1614
46.548996	116.320	174.8766
46.886307	116.294	174.7106
47.226067	116.277	174.6439
47.568283	116.273	174.6171
47.912983	116.278	174.5687
48.260181	116.283	174.4667
48.609894	116.278	174.3242
48.962143	116.258	174.1912
49.316940	116.224	174.1289
49.674313	116.186	174.1727
50.034271	116.155	174.2998
50.396843	116.141	174.4241
50.762039	116.141	174.4336
51.129883	116.140	174.2540
51.500389	116.120	173.8965
51.873581	116.069	173.4504
52.249481	115.990	173.0261
52.628101	115.899	172.6854
53.009464	115.809	172.4103
53.393593	115.727	172.1404
53.780506	115.647	171.8446
54.170223	115.563	171.5613
54.562763	115.481	171.3601
54.958145	115.416	171.2598
55.356396	115.383	171.1866
55.757530	115.381	171.0203
56.161572	115.392	170.6971
56.568542	115.396	170.2622
56.978462	115.388	169.8224
57.391350	115.375	169.4504
57.807232	115.368	169.1368
58.226128	115.363	168.8339
58.648056	115.352	168.5327
59.073048	115.330	168.2780
59.501114	115.303	168.1022
59.932281	115.281	167.9572
60.366577	115.263	167.7382
60.804020	115.232	167.3931
61.244629	115.169	166.9921
61.688435	115.075	166.6768
62.135452	114.973	166.5314
62.585712	114.885	166.5016
63.039234	114.821	166.4555
63.496040	114.771	166.3163
63.956161	114.725	166.1135
64.419617	114.690	165.9014
64.886421	114.679	165.6537
65.356621	114.689	165.2772
65.830215	114.700	164.7303
66.307251	114.692	164.1080
66.787743	114.660	163.5862
67.271713	114.620	163.2862
67.759193	114.592	163.1887
68.250206	114.581	163.1783
68.744774	114.574	163.1632
69.242928	114.555	163.1444
69.744690	114.518	163.1852
70.250084	114.468	163.3344
70.759148	114.414	163.5798
71.271896	114.364	163.8539
71.788361	114.317	164.0739
72.308571	114.270	164.1849
72.832550	114.216	164.1810
73.360321	114.155	164.0961
73.891922	114.092	163.9731
74.427376	114.037	163.8276
74.966705	113.997	163.6333
75.509949	113.973	163.3430
76.057121	113.955	162.9481
76.608261	113.930	162.5213
77.163399	113.894	162.1917
77.722557	113.857	162.0573
78.285767	113.832	162.1108
78.853058	113.825	162.2568
79.424461	113.825	162.3994
80.000000	113.820	162.4975
80.579712	113.799	162.5581
81.163628	113.759	162.6036
81.751770	113.702	162.6467
82.344177	113.634	162.6774
82.940880	113.560	162.6692
83.541901	113.487	162.5939
84.147285	113.421	162.4070
84.757050	113.362	162.0393
85.371231	113.295	161.4802
85.989868	113.203	160.8765
86.612984	113.092	160.4766
87.240616	112.993	160.4199
87.872803	112.937	160.6189
88.509560	112.927	160.8598
89.150940	112.944	160.9824
89.796967	112.959	160.9481
90.447670	112.950	160.8284
91.103088	112.911	160.7400
91.763260	112.851	160.7292
92.428215	112.776	160.7456
93.097992	112.682	160.7708
93.772614	112.571	160.9016
94.452133	112.467	161.2090
95.136566	112.398	161.5635
95.825966	112.362	161.7430
96.520363	112.335	161.6802
97.219788	112.301	161.4772
97.924286	112.258	161.2446
98.633881	112.211	161.0405
99.348625	112.164	160.8882
100.068542	112.122	160.7404
100.793686	112.074	160.5273
101.524078	112.002	160.3199
102.259766	111.905	160.3301
103.000778	111.810	160.7009
103.747162	111.752	161.3615
104.498962	111.745	162.0884
105.256203	111.779	162.6721
106.018929	111.829	163.0002
106.787186	111.866	163.0448
107.561012	111.861	162.9231
108.340446	111.805	162.9045
109.125526	111.725	163.1660
109.916290	111.649	163.6398
110.712791	111.585	164.2063
111.515060	111.534	164.8367
112.323143	111.502	165.5208
113.137085	111.493	166.2195
113.956924	111.510	166.8605
114.782700	111.544	167.3942
115.614464	111.593	167.8444
116.452255	111.662	168.1703
117.296112	111.740	168.2368
118.146095	111.805	168.0462
119.002228	111.848	167.7650
119.864563	111.880	167.5339
120.733154	111.918	167.4046
121.608040	111.975	167.3065
122.489258	112.043	167.0999
123.376869	112.095	166.7986
124.270905	112.125	166.5292
125.171425	112.136	166.2984
126.078468	112.125	166.0640
126.992081	112.093	165.8355
127.912323	112.051	165.5767
128.839233	112.002	165.2338
129.772842	111.949	164.8171
130.713242	111.898	164.3513
131.660431	111.853	163.8671
132.614502	111.814	163.4270
133.575485	111.785	163.0607
134.543427	111.762	162.7401
135.518387	111.736	162.4635
136.500412	111.704	162.2570
137.489548	111.667	162.1198
138.485855	111.628	162.0269
139.489380	111.589	161.9542
140.500168	111.548	161.9036
141.518295	111.506	161.8928
142.543793	111.462	161.9247
143.576721	111.416	161.9857
144.617142	111.365	162.0599
145.665100	111.308	162.1422
146.720642	111.250	162.2349
147.783844	111.197	162.3069
148.854752	111.150	162.3200
149.933411	111.107	162.2939
151.019897	111.067	162.2681
152.114243	111.030	162.2552
153.216522	110.991	162.2655
154.326797	110.950	162.3196
155.445114	110.911	162.4090
156.571533	110.874	162.4875
157.706116	110.839	162.5378
158.848923	110.804	162.5902
160.000000	110.772	162.6606
161.159424	110.744	162.7381
162.327255	110.717	162.8209
163.503540	110.688	162.9127
164.688354	110.656	163.0052
165.881760	110.618	163.0859
167.083801	110.576	163.1520
168.294571	110.530	163.2108
169.514099	110.481	163.2731
170.742462	110.430	163.3491
171.979736	110.377	163.4443
173.225967	110.324	163.5629
174.481232	110.273	163.7030
175.745605	110.226	163.8499
177.019119	110.183	163.9869
178.301880	110.144	164.1108
179.593933	110.110	164.2255
180.895340	110.079	164.3311
182.206177	110.051	164.4312
183.526520	110.024	164.5350
184.856430	109.998	164.6528
186.195984	109.973	164.7844
187.545227	109.949	164.9216
188.904266	109.925	165.0598
190.273132	109.900	165.1977
191.651932	109.874	165.3378
193.040726	109.848	165.4788
194.439575	109.822	165.6171
195.848572	109.794	165.7513
197.267761	109.764	165.8856
198.697250	109.733	166.0252
200.137085	109.702	166.1705
201.587372	109.671	166.3226
203.048157	109.641	166.4827
204.519531	109.612	166.6464
206.001556	109.584	166.8082
207.494324	109.555	166.9651
208.997925	109.525	167.1155
210.512405	109.495	167.2583
212.037857	109.464	167.3921
213.574371	109.434	167.5186
215.122025	109.404	167.6470
216.680893	109.373	167.7878
218.251053	109.343	167.9500
219.832581	109.312	168.1364
221.425583	109.281	168.3430
223.030121	109.249	168.5605
224.646286	109.217	168.7761
226.274170	109.184	168.9777
227.913849	109.152	169.1637
229.565399	109.120	169.3430
231.228928	109.089	169.5336
232.904510	109.060	169.7513
234.592224	109.031	169.9921
236.292191	109.004	170.2341
238.004456	108.976	170.4584
239.729126	108.947	170.6614
241.466309	108.918	170.8564
243.216080	108.889	171.0648
244.978516	108.862	171.2941
246.753738	108.836	171.5345
248.541809	108.813	171.7765
250.342850	108.794	172.0174
252.156937	108.779	172.2610
253.984161	108.766	172.5136
255.824646	108.756	172.7730
257.678467	108.746	173.0302
259.545685	108.737	173.2775
261.426483	108.729	173.5116
263.320862	108.722	173.7314
265.229004	108.714	173.9393
267.150970	108.704	174.1335
269.086853	108.691	174.3089
271.036774	108.676	174.4661
273.000824	108.659	174.6123
274.979095	108.641	174.7570
276.971710	108.622	174.9042
278.978760	108.602	175.0557
281.000336	108.581	175.2144
283.036591	108.560	175.3803
285.087585	108.539	175.5499
287.153442	108.520	175.7220
289.234283	108.502	175.8994
291.330200	108.484	176.0832
293.441284	108.465	176.2731
295.567688	108.444	176.4674
297.709503	108.424	176.6676
299.866821	108.405	176.8739
302.039795	108.387	177.0874
304.228485	108.368	177.3095
306.433044	108.348	177.5390
308.653595	108.326	177.7707
310.890228	108.304	178.0018
313.143066	108.281	178.2314
315.412231	108.260	178.4616
317.697845	108.240	178.6949
320.000000	108.221	178.9329
322.318848	108.203	179.1730
324.654510	108.185	179.4133
327.007080	108.168	179.6520
329.376709	108.151	179.8904
331.763519	108.134	-179.8717
334.167603	108.118	-179.6336
336.589142	108.102	-179.3951
339.028198	108.086	-179.1563
341.484924	108.071	-178.9180
343.959473	108.056	-178.6804
346.451935	108.041	-178.4417
348.962463	108.027	-178.2004
351.491211	108.012	-177.9536
354.038239	107.998	-177.6978
356.603760	107.982	-177.4335
359.187866	107.967	-177.1625
361.790680	107.951	-176.8889
364.412354	107.935	-176.6147
367.053040	107.919	-176.3400
369.712860	107.903	-176.0669
372.391968	107.887	-175.7950
375.090454	107.872	-175.5244
377.808533	107.857	-175.2541
380.546265	107.844	-174.9811
383.303864	107.831	-174.7075
386.081451	107.818	-174.4367
388.879150	107.805	-174.1668
391.697144	107.794	-173.8959
394.535522	107.783	-173.6252
397.394501	107.772	-173.3543
400.274170	107.762	-173.0811
403.174744	107.753	-172.8041
406.096313	107.744	-172.5231
409.039062	107.735	-172.2395
412.003113	107.727	-171.9545
414.988647	107.718	-171.6690
417.995850	107.709	-171.3840
421.024811	107.699	-171.0972
424.075714	107.690	-170.8062
427.148743	107.680	-170.5135
430.244049	107.670	-170.2206
433.361786	107.660	-169.9235
436.502106	107.649	-169.6186
439.665161	107.638	-169.3073
442.851166	107.627	-168.9921
446.060242	107.616	-168.6747
449.292572	107.606	-168.3567
452.548340	107.596	-168.0392
455.827698	107.586	-167.7237
459.130798	107.577	-167.4102
462.457855	107.569	-167.0987
465.809021	107.562	-166.7885
469.184448	107.555	-166.4778
472.584381	107.549	-166.1648
476.008911	107.543	-165.8483
479.458252	107.538	-165.5281
482.932617	107.533	-165.2043
486.432159	107.528	-164.8780
489.957031	107.524	-164.5506
493.507477	107.519	-164.2216
497.083618	107.515	-163.8893
500.685699	107.511	-163.5533
504.313873	107.506	-163.2144
507.968323	107.501	-162.8730
511.649292	107.496	-162.5297
515.356934	107.491	-162.1854
519.091370	107.487	-161.8401
522.852966	107.483	-161.4927
526.641724	107.479	-161.1412
530.458008	107.476	-160.7857
534.301941	107.472	-160.4285
538.173706	107.469	-160.0709
542.073547	107.467	-159.7126
546.001648	107.464	-159.3525
549.958191	107.463	-158.9907
553.943420	107.461	-158.6276
557.957520	107.460	-158.2621
562.000671	107.459	-157.8929
566.073181	107.459	-157.5212
570.175171	107.458	-157.1480
574.306885	107.458	-156.7736
578.468567	107.457	-156.3960
582.660400	107.457	-156.0135
586.882568	107.456	-155.6252
591.135376	107.456	-155.2317
595.419006	107.456	-154.8349
599.733643	107.456	-154.4363
604.079590	107.457	-154.0363
608.456970	107.457	-153.6343
612.866089	107.459	-153.2297
617.307190	107.461	-152.8231
621.780457	107.464	-152.4157
626.286133	107.468	-152.0063
630.824463	107.473	-151.5945
635.395691	107.478	-151.1796
640.000000	107.483	-150.7606
644.637695	107.489	-150.3384
649.309021	107.496	-149.9136
654.014160	107.503	-149.4861
658.753418	107.511	-149.0546
663.527039	107.518	-148.6187
668.335205	107.526	-148.1792
673.178284	107.533	-147.7356
678.056396	107.541	-147.2875
682.969849	107.549	-146.8348
687.918945	107.558	-146.3790
692.903870	107.567	-145.9198
697.924927	107.576	-145.4567
702.982422	107.585	-144.9896
708.076477	107.595	-144.5193
713.207520	107.606	-144.0461
718.375732	107.617	-143.5689
723.581360	107.629	-143.0865
728.824707	107.641	-142.5991
734.106079	107.654	-142.1085
739.425720	107.668	-141.6155
744.783936	107.682	-141.1200
750.180908	107.696	-140.6211
755.617065	107.712	-140.1185
761.092529	107.728	-139.6121
766.607727	107.745	-139.1008
772.162903	107.763	-138.5836
777.758301	107.782	-138.0612
783.394287	107.802	-137.5349
789.071045	107.822	-137.0049
794.789001	107.844	-136.4711
800.548340	107.866	-135.9325
806.349487	107.889	-135.3887
812.192627	107.914	-134.8396
818.078125	107.940	-134.2853
824.006226	107.967	-133.7253
829.977295	107.995	-133.1609
835.991699	108.025	-132.5938
842.049622	108.056	-132.0251
848.151428	108.089	-131.4533
854.297485	108.124	-130.8760
860.488098	108.161	-130.2941
866.723572	108.199	-129.7092
873.004211	108.238	-129.1227
879.330322	108.278	-128.5350
885.702332	108.320	-127.9463
892.120483	108.363	-127.3598
898.585144	108.409	-126.7809
905.096680	108.457	-126.2123
911.655396	108.508	-125.6530
918.261597	108.560	-125.1018
924.915710	108.614	-124.5583
931.618042	108.667	-124.0240
938.368896	108.719	-123.4993
945.168762	108.768	-122.9827
952.017822	108.810	-122.4719
958.916504	108.847	-121.9652
965.865234	108.884	-121.4619
972.864319	108.925	-120.9612
979.914062	108.977	-120.4630
987.014954	109.040	-119.9689
994.167236	109.109	-119.4808
1001.371399	109.182	-119.0007
1008.627747	109.256	-118.5299
1015.936646	109.331	-118.0670
1023.298584	109.404	-117.6108
1030.713867	109.476	-117.1609
1038.182739	109.544	-116.7167
1045.705933	109.611	-116.2788
1053.283447	109.677	-115.8483
1060.916016	109.742	-115.4261
1068.603882	109.807	-115.0142
1076.347412	109.873	-114.6133
1084.147095	109.938	-114.2227
1092.003296	110.004	-113.8406
1099.916382	110.069	-113.4667
1107.886841	110.135	-113.1024
1115.915039	110.200	-112.7484
1124.001343	110.265	-112.4023
1132.146362	110.330	-112.0608
1140.350342	110.394	-111.7231
1148.613770	110.458	-111.3921
1156.937134	110.521	-111.0724
1165.320801	110.584	-110.7662
1173.765137	110.646	-110.4719
1182.270752	110.708	-110.1863
1190.838013	110.768	-109.9056
1199.467285	110.829	-109.6274
1208.159180	110.889	-109.3500
1216.913940	110.949	-109.0740
1225.732178	111.009	-108.8037
1234.614380	111.069	-108.5436
1243.560913	111.130	-108.2940
1252.572266	111.192	-108.0510
1261.648926	111.254	-107.8095
1270.791382	111.318	-107.5673
1280.000000	111.382	-107.3252
1289.275391	111.446	-107.0862
1298.618042	111.511	-106.8516
1308.028320	111.577	-106.6216
1317.506836	111.642	-106.3949
1327.054077	111.707	-106.1691
1336.670410	111.772	-105.9417
1346.356567	111.835	-105.7133
1356.112793	111.898	-105.4861
1365.939697	111.959	-105.2595
1375.837891	112.019	-105.0311
1385.807739	112.079	-104.7994
1395.849854	112.138	-104.5662
1405.964844	112.198	-104.3353
1416.152954	112.257	-104.1086
1426.415039	112.316	-103.8848
1436.751465	112.374	-103.6604
1447.162720	112.434	-103.4333
1457.649414	112.493	-103.2034
1468.212158	112.554	-102.9717
1478.851440	112.614	-102.7413
1489.567871	112.674	-102.5146
1500.361816	112.736	-102.2914
1511.234131	112.798	-102.0692
1522.185059	112.861	-101.8464
1533.215454	112.924	-101.6234
1544.325806	112.987	-101.4014
1555.516602	113.050	-101.1803
1566.788574	113.113	-100.9595
1578.142090	113.177	-100.7390
1589.578003	113.240	-100.5192
1601.096680	113.304	-100.3013
1612.698975	113.368	-100.0862
1624.385254	113.433	-99.8748
1636.156250	113.498	-99.6670
1648.012451	113.563	-99.4633
1659.954590	113.629	-99.2632
1671.983398	113.695	-99.0654
1684.099243	113.762	-98.8695
1696.302856	113.829	-98.6766
1708.594971	113.896	-98.4875
1720.976196	113.963	-98.3036
1733.447144	114.031	-98.1249
1746.008423	114.099	-97.9501
1758.660645	114.167	-97.7783
1771.404663	114.235	-97.6089
1784.240967	114.302	-97.4426
1797.170288	114.370	-97.2794
1810.193359	114.437	-97.1178
1823.310791	114.505	-96.9563
1836.523193	114.574	-96.7946
1849.831421	114.644	-96.6339
1863.236084	114.715	-96.4774
1876.737793	114.788	-96.3275
1890.337524	114.864	-96.1858
1904.035645	114.942	-96.0546
1917.833008	115.023	-95.9383
1931.730469	115.106	-95.8450
1945.728638	115.192	-95.7847
1959.828125	115.278	-95.7649
1974.029907	115.364	-95.7872
1988.334473	115.448	-95.8478
2002.742798	115.529	-95.9373
2017.255493	115.607	-96.0472
2031.873291	115.680	-96.1732
2046.597168	115.749	-96.3130
2061.427734	115.813	-96.4650
2076.365479	115.874	-96.6274
2091.411865	115.932	-96.7974
2106.566895	115.986	-96.9725
2121.832031	116.036	-97.1509
2137.207764	116.083	-97.3323
2152.694824	116.128	-97.5177
2168.294189	116.169	-97.7080
2184.006592	116.208	-97.9041
2199.832764	116.245	-98.1060
2215.773682	116.279	-98.3115
2231.830078	116.312	-98.5181
2248.002686	116.341	-98.7241
2264.292725	116.369	-98.9306
2280.700684	116.394	-99.1404
2297.227539	116.417	-99.3569
2313.874268	116.439	-99.5819
2330.641602	116.458	-99.8165
2347.530273	116.474	-100.0603
2364.541504	116.486	-100.3115
2381.676025	116.493	-100.5676
2398.934570	116.494	-100.8256
2416.318359	116.490	-101.0825
2433.827881	116.480	-101.3362
2451.464355	116.464	-101.5853
2469.228760	116.444	-101.8280
2487.121826	116.419	-102.0613
2505.144531	116.389	-102.2799
2523.297852	116.355	-102.4784
2541.582764	116.316	-102.6547
2560.000000	116.273	-102.8097
2578.550781	116.226	-102.9449
2597.236084	116.176	-103.0613
2616.056641	116.123	-103.1577
2635.013672	116.068	-103.2314
2654.108154	116.008	-103.2784
2673.340820	115.945	-103.2953
2692.713135	115.880	-103.2822
2712.225586	115.811	-103.2423
2731.879395	115.741	-103.1782
2751.675781	115.669	-103.0873
2771.615479	115.595	-102.9632
2791.699707	115.518	-102.8013
2811.929688	115.438	-102.6010
2832.305908	115.356	-102.3622
2852.830078	115.271	-102.0843
2873.502930	115.187	-101.7675
2894.325439	115.104	-101.4139
2915.298828	115.024	-101.0270
2936.424316	114.947	-100.6095
2957.702881	114.875	-100.1643
2979.135742	114.807	-99.6974
3000.723633	114.743	-99.2192
3022.468262	114.682	-98.7421
3044.370117	114.624	-98.2759
3066.430908	114.567	-97.8245
3088.651611	114.511	-97.3865
3111.033203	114.454	-96.9566
3133.577148	114.396	-96.5287
3156.284180	114.338	-96.0957
3179.156006	114.278	-95.6500
3202.193359	114.218	-95.1842
3225.397949	114.156	-94.6931
3248.770508	114.094	-94.1744
3272.312500	114.033	-93.6266
3296.024902	113.971	-93.0474
3319.909180	113.909	-92.4349
3343.966797	113.844	-91.7902
3368.198486	113.776	-91.1162
3392.605713	113.707	-90.4170
3417.189941	113.636	-89.6952
3441.952393	113.563	-88.9489
3466.894287	113.488	-88.1749
3492.016846	113.410	-87.3717
3517.321289	113.331	-86.5413
3542.809326	113.253	-85.6891
3568.481934	113.177	-84.8188
3594.340576	113.104	-83.9286
3620.386719	113.033	-83.0150
3646.621582	112.964	-82.0750
3673.046387	112.899	-81.1064
3699.662842	112.838	-80.1093
3726.472168	112.784	-79.0872
3753.475586	112.739	-78.0460
3780.675049	112.703	-76.9899
3808.071289	112.675	-75.9161
3835.666016	112.653	-74.8177
3863.460938	112.632	-73.6915
3891.457275	112.614	-72.5424
3919.656250	112.599	-71.3804
3948.059814	112.587	-70.2164
3976.668945	112.577	-69.0568
4005.485596	112.565	-67.9029
4034.510986	112.548	-66.7542
4063.746582	112.526	-65.6102
4093.194336	112.499	-64.4701
4122.855469	112.468	-63.3325
4152.730957	112.433	-62.1965
4182.823730	112.396	-61.0620
4213.133789	112.360	-59.9272
4243.664062	112.327	-58.7874
4274.415527	112.296	-57.6373
4305.389648	112.268	-56.4751
4336.588379	112.243	-55.3041
4368.013184	112.224	-54.1310
4399.665527	112.212	-52.9613
4431.547363	112.206	-51.7977
4463.660156	112.206	-50.6409
4496.005371	112.211	-49.4924
4528.585449	112.221	-48.3552
4561.401367	112.235	-47.2327
4594.455078	112.253	-46.1277
4627.748535	112.276	-45.0424
4661.283203	112.301	-43.9792
4695.060547	112.329	-42.9399
4729.083008	112.360	-41.9279
4763.352051	112.392	-40.9454
4797.869141	112.426	-39.9944
4832.636719	112.460	-39.0760
4867.655762	112.493	-38.1910
4902.928711	112.526	-37.3403
4938.457520	112.557	-36.5258
4974.243652	112.586	-35.7472
5010.289062	112.611	-35.0017
5046.595703	112.629	-34.2854
5083.165527	112.639	-33.5936
5120.000000	112.639	-32.9210
5157.101562	112.627	-32.2629
5194.472168	112.602	-31.6144
5232.113281	112.565	-30.9703
5270.027344	112.513	-30.3250
5308.216309	112.447	-29.6737
5346.681641	112.364	-29.0109
5385.426270	112.262	-28.3267
5424.451172	112.142	-27.6064
5463.758789	112.000	-26.8290
5503.351562	111.837	-25.9663
5543.230957	111.652	-24.9838
5583.399414	111.447	-23.8408
5623.859375	111.222	-22.4897
5664.611816	110.982	-20.8778
5705.660156	110.731	-18.9510
5747.005859	110.476	-16.6578
5788.650879	110.227	-13.9528
5830.597656	110.000	-10.8040
5872.848633	109.810	-7.2050
5915.405762	109.675	-3.1818
5958.271484	109.611	1.2002
6001.447266	109.633	5.8343
6044.936523	109.750	10.5823
6088.740234	109.964	15.2879
6132.861816	110.272	19.7959
6177.303223	110.663	23.9734
6222.066406	111.123	27.7224
6267.154297	111.637	30.9807
6312.568359	112.188	33.7167
6358.312012	112.764	35.9215
6404.386719	113.352	37.5993
6450.795898	113.941	38.7634
6497.541016	114.520	39.4322
6544.625000	115.081	39.6273
6592.049805	115.614	39.3738
6639.818359	116.112	38.7018
6687.933594	116.565	37.6487
6736.396973	116.967	36.2613
6785.211426	117.310	34.5951
6834.379883	117.589	32.7145
6883.904785	117.801	30.6913
6933.788574	117.945	28.6019
6984.033691	118.019	26.5245
7034.642578	118.030	24.5334
7085.618652	117.980	22.6912
7136.963867	117.880	21.0447
7188.681152	117.737	19.6235
7240.773438	117.561	18.4424
7293.243164	117.357	17.5066
7346.092773	117.132	16.8160
7399.325684	116.890	16.3679
7452.944336	116.634	16.1584
7506.951172	116.369	16.1825
7561.350098	116.097	16.4355
7616.142578	115.824	16.9122
7671.332031	115.551	17.6083
7726.921875	115.282	18.5225
7782.914551	115.020	19.6577
7839.312500	114.768	21.0193
7896.119629	114.534	22.6132
7953.337891	114.326	24.4396
8010.971191	114.157	26.4863
8069.021973	114.038	28.7182
8127.493164	113.980	31.0680
8186.388672	113.989	33.4325
8245.710938	114.067	35.6827
8305.461914	114.205	37.6893
8365.647461	114.389	39.3523
8426.267578	114.598	40.6236
8487.328125	114.814	41.5108
8548.831055	115.023	42.0606
8610.779297	115.215	42.3373
8673.176758	115.388	42.4034
8736.026367	115.542	42.3075
8799.331055	115.678	42.0813
8863.094727	115.798	41.7414
8927.320312	115.903	41.2941
8992.010742	115.992	40.7391
9057.170898	116.064	40.0731
9122.802734	116.118	39.2936
9188.910156	116.149	38.4024
9255.497070	116.153	37.4070
9322.566406	116.126	36.3218
9390.121094	116.065	35.1688
9458.166016	115.969	33.9801
9526.704102	115.837	32.7958
9595.738281	115.672	31.6547
9665.273438	115.478	30.5784
9735.311523	115.258	29.5698
9805.857422	115.013	28.6343
9876.915039	114.741	27.7950
9948.487305	114.444	27.0844
10020.578125	114.126	26.5300
10093.191406	113.791	26.1495
10166.331055	113.444	25.9507
10240.000000	113.088	25.9360
10314.203125	112.729	26.1044
10388.944336	112.369	26.4507
10464.226562	112.011	26.9667
10540.054688	111.658	27.6421
10616.432617	111.311	28.4657
10693.363281	110.973	29.4257
10770.852539	110.644	30.5101
10848.902344	110.326	31.7072
10927.517578	110.020	33.0059
11006.703125	109.727	34.3964
11086.461914	109.448	35.8700
11166.798828	109.183	37.4186
11247.718750	108.935	39.0343
11329.223633	108.702	40.7099
11411.320312	108.486	42.4395
11494.011719	108.288	44.2162
11577.301758	108.107	46.0317
11661.195312	107.945	47.8779
11745.697266	107.803	49.7478
11830.811523	107.680	51.6351
11916.542969	107.577	53.5331
12002.894531	107.496	55.4339
12089.873047	107.436	57.3284
12177.480469	107.399	59.2076
12265.723633	107.387	61.0626
12354.606445	107.402	62.8840
12444.132812	107.444	64.6617
12534.308594	107.514	66.3832
12625.136719	107.615	68.0322
12716.624023	107.746	69.5903
12808.773438	107.911	71.0386
12901.591797	108.112	72.3560
12995.082031	108.352	73.5162
13089.250000	108.635	74.4863
13184.099609	108.964	75.2254
13279.636719	109.340	75.6819
13375.867188	109.768	75.7905
13472.793945	110.250	75.4682
13570.422852	110.788	74.6119
13668.759766	111.380	73.0996
13767.809570	112.025	70.7935
13867.577148	112.715	67.5542
13968.067383	113.434	63.2621
14069.285156	114.143	57.8487
14171.237305	114.781	51.3349
14273.927734	115.276	43.8594
14377.362305	115.571	35.6836
14481.546875	115.629	27.1648
14586.486328	115.442	18.7031
14692.185547	115.033	10.6677
14798.651367	114.450	3.3304
14905.888672	113.749	-3.1661
15013.902344	112.980	-8.8048
15122.700195	112.188	-13.6632
15232.285156	111.406	-17.8756
15342.664062	110.659	-21.5981
15453.843750	109.959	-24.9875
15565.829102	109.304	-28.1898
15678.625000	108.697	-31.3372
15792.239258	108.142	-34.5522
15906.675781	107.641	-37.9486
16021.942383	107.193	-41.6378
16138.043945	106.800	-45.7365
16254.986328	106.482	-50.3723
16372.777344	106.277	-55.6855
16491.421875	106.228	-61.8273
16610.923828	106.345	-68.9534
16731.294922	106.581	-77.2052
16852.535156	106.854	-86.6815
16974.656250	107.082	-97.4037
17097.662109	107.191	-109.2758
17221.558594	107.125	-122.0714
17346.353516	106.843	-135.4520
17472.052734	106.331	-149.0286
17598.662109	105.604	-162.4359
17726.189453	104.700	-175.3998
17854.640625	103.673	172.2256
17984.021484	102.581	160.4614
18114.341797	101.474	149.2305
18245.605469	100.393	138.3977
18377.820312	99.366	127.8080
18510.994141	98.419	117.3040
18645.132812	97.585	106.6920
18780.242188	96.899	95.6415
18916.332031	96.359	83.6669
19053.408203	95.868	70.4584
19191.476562	95.329	56.1659
19330.546875	94.723	40.9973
19470.623047	94.065	24.9919
19611.714844	93.377	8.1447
19753.830078	92.695	-9.1921
19896.974609	92.115	-25.1904
