* Measurement data measured by REW V5.31
* Source: Headset (USB-C to 3.5mm Headphone Jack Adapter), MICROPHONE, L, volume: 0.250. Timing signal peak level -27.2 dBFS, measurement signal peak level -27.5 dBFS
* Format: 1M Log Swept Sine, 1 sweep at 0.0 dBFS using an acoustic timing reference
* Dated: 11-Apr-2024 15:31:25
* REW Settings:
*  C-weighting compensation: Off
*  Target level: 75.0 dB
* Note: ; Delay -0.2546 ms (-87 mm, -3.44 in) using estimated IR delay relative to Acoustic reference played from SPEAKER R with no timing offset
* Measurement: IE600Velvet R3
* Smoothing: 1/24 octave
* Frequency Step: 1/48 octave
* Start Frequency: 20.000 Hz
*
* Freq(Hz)	SPL(dB)	Phase(degrees)
20.000000	116.986	-148.3341
20.299999	117.014	-149.2186
20.600000	117.037	-150.0774
20.900000	117.056	-150.9034
21.200001	117.070	-151.6880
21.400000	117.078	-152.1875
21.799999	117.092	-153.1427
22.000000	117.099	-153.6076
22.400000	117.113	-154.5323
22.700001	117.122	-155.2285
23.000000	117.128	-155.9255
23.299999	117.131	-156.6199
23.600000	117.132	-157.3107
24.000000	117.131	-158.2309
24.299999	117.129	-158.9225
24.700001	117.121	-159.8379
25.000000	117.112	-160.5062
25.400000	117.100	-161.3561
25.799999	117.093	-162.1642
26.200001	117.094	-162.9664
26.500000	117.099	-163.5901
26.900000	117.104	-164.4639
27.200001	117.101	-165.1361
27.600000	117.087	-166.0077
28.000000	117.063	-166.8005
28.500000	117.035	-167.6582
29.000000	117.018	-168.4324
29.500000	117.011	-169.2209
30.000000	116.999	-170.0541
30.400000	116.981	-170.7252
30.700001	116.963	-171.2112
31.100000	116.934	-171.8226
31.500000	116.903	-172.3903
32.000000	116.866	-173.0529
32.500000	116.837	-173.6931
33.000000	116.814	-174.3554
33.500000	116.793	-175.0794
34.000000	116.765	-175.8621
34.500000	116.723	-176.6448
35.000000	116.672	-177.3564
35.500000	116.621	-177.9752
36.000000	116.580	-178.5402
36.500000	116.547	-179.1047
37.000000	116.515	-179.6875
37.500000	116.480	179.7287
38.200001	116.427	178.9503
38.700001	116.390	178.4251
39.500000	116.330	177.6057
40.000000	116.288	177.0995
40.599998	116.229	176.5266
41.200001	116.166	176.0323
41.799999	116.111	175.6125
42.500000	116.063	175.1229
43.099998	116.026	174.6340
43.700001	115.982	174.0971
44.400002	115.920	173.4875
45.000000	115.864	173.0149
45.500000	115.817	172.6486
46.200001	115.755	172.1464
46.799999	115.701	171.7115
47.500000	115.634	171.2219
48.200001	115.567	170.7850
48.700001	115.523	170.4933
49.400002	115.467	170.0696
50.000000	115.417	169.6888
50.799999	115.342	169.2199
51.500000	115.278	168.8611
52.200001	115.219	168.4973
53.000000	115.147	168.0581
53.799999	115.069	167.6625
54.500000	115.003	167.3754
55.200001	114.943	167.0987
56.000000	114.874	166.7537
57.000000	114.782	166.3235
58.000000	114.686	165.9428
59.000000	114.589	165.6334
60.000000	114.500	165.4075
60.799999	114.439	165.2100
61.500000	114.385	165.0070
62.200001	114.327	164.8147
63.000000	114.263	164.6315
64.000000	114.190	164.4221
65.000000	114.125	164.1832
66.000000	114.059	163.8959
67.000000	113.987	163.5961
68.000000	113.911	163.3231
69.000000	113.834	163.0622
70.000000	113.754	162.8154
71.000000	113.672	162.6203
72.000000	113.595	162.4599
73.000000	113.522	162.2924
74.000000	113.447	162.1194
75.000000	113.369	161.9603
76.199997	113.275	161.8098
77.500000	113.177	161.6956
78.800003	113.084	161.5888
80.000000	112.997	161.4785
81.199997	112.909	161.3778
82.500000	112.812	161.2972
83.800003	112.718	161.2471
85.000000	112.636	161.2117
86.199997	112.556	161.1661
87.500000	112.468	161.1222
88.500000	112.400	161.1103
90.000000	112.299	161.1312
91.199997	112.221	161.1569
92.500000	112.135	161.1904
93.800003	112.050	161.2326
95.000000	111.969	161.2844
96.199997	111.889	161.3552
97.500000	111.805	161.4609
98.800003	111.728	161.5716
100.000000	111.662	161.6641
101.500000	111.580	161.7540
103.000000	111.498	161.8716
104.400002	111.423	161.9966
106.000000	111.342	162.1708
107.500000	111.266	162.3007
109.000000	111.188	162.4528
110.599998	111.105	162.6083
112.000000	111.034	162.7720
113.800003	110.949	162.9518
115.000000	110.892	163.0674
117.199997	110.791	163.2990
118.000000	110.754	163.3689
120.599998	110.626	163.6458
122.000000	110.559	163.8238
124.099998	110.459	164.0848
125.000000	110.415	164.2039
126.500000	110.343	164.4233
128.000000	110.272	164.6748
131.500000	110.118	165.3170
132.000000	110.097	165.4059
134.000000	110.012	165.7432
136.000000	109.926	166.0803
138.000000	109.840	166.4393
140.000000	109.754	166.8279
143.000000	109.623	167.4726
145.000000	109.543	167.9438
147.500000	109.458	168.5436
150.000000	109.385	169.0843
152.500000	109.309	169.5651
155.000000	109.228	170.0411
157.500000	109.158	170.5929
160.000000	109.107	171.2212
162.500000	109.071	171.8628
165.000000	109.033	172.4641
167.500000	108.982	172.9828
170.000000	108.918	173.3895
172.500000	108.843	173.7170
175.000000	108.761	174.0224
177.500000	108.678	174.3628
180.000000	108.598	174.7558
182.500000	108.529	175.1799
185.000000	108.472	175.6315
187.500000	108.423	176.1100
190.000000	108.375	176.5981
192.500000	108.323	177.0811
195.000000	108.264	177.5637
197.500000	108.202	178.0565
200.000000	108.140	178.5729
203.000000	108.066	179.2242
206.000000	107.991	179.8856
209.000000	107.917	-179.4707
212.000000	107.845	-178.8454
214.000000	107.800	-178.4242
218.000000	107.712	-177.5509
220.000000	107.668	-177.0987
224.000000	107.581	-176.1957
227.000000	107.514	-175.5249
230.000000	107.449	-174.8546
233.000000	107.388	-174.1772
236.000000	107.329	-173.4823
240.000000	107.254	-172.5436
243.000000	107.198	-171.8504
247.000000	107.126	-170.9351
250.000000	107.073	-170.2355
254.000000	107.003	-169.2822
258.000000	106.935	-168.3167
262.000000	106.871	-167.3369
265.000000	106.823	-166.5985
269.000000	106.762	-165.6140
272.000000	106.716	-164.8695
276.000000	106.656	-163.8654
280.000000	106.592	-162.8511
285.000000	106.513	-161.4825
290.000000	106.437	-159.9522
295.000000	106.403	-158.1691
300.000000	106.430	-156.5349
304.000000	106.476	-155.5194
307.000000	106.510	-154.9483
311.000000	106.537	-154.3473
315.000000	106.537	-153.7866
320.000000	106.508	-153.0216
325.000000	106.460	-152.1717
330.000000	106.404	-151.2604
335.000000	106.346	-150.2854
340.000000	106.292	-149.2101
345.000000	106.240	-148.0895
350.000000	106.190	-146.9905
355.000000	106.143	-145.9157
360.000000	106.099	-144.8187
365.000000	106.058	-143.6785
370.000000	106.021	-142.5191
375.000000	105.985	-141.3822
382.000000	105.935	-139.8446
387.000000	105.902	-138.7281
395.000000	105.851	-136.8670
400.000000	105.819	-135.7139
406.000000	105.783	-134.3648
412.000000	105.752	-133.0249
418.000000	105.723	-131.6635
425.000000	105.688	-130.0541
431.000000	105.660	-128.6667
437.000000	105.635	-127.3013
444.000000	105.608	-125.7349
450.000000	105.584	-124.3892
455.000000	105.566	-123.2471
462.000000	105.540	-121.6287
468.000000	105.521	-120.2594
475.000000	105.500	-118.6854
482.000000	105.480	-117.1002
487.000000	105.467	-115.9665
494.000000	105.448	-114.3788
500.000000	105.431	-113.0185
508.000000	105.411	-111.2031
515.000000	105.396	-109.6086
522.000000	105.384	-108.0244
530.000000	105.374	-106.2300
538.000000	105.363	-104.4305
545.000000	105.350	-102.8322
552.000000	105.339	-101.2127
560.000000	105.330	-99.3793
570.000000	105.324	-97.1564
580.000000	105.319	-94.9318
590.000000	105.309	-92.6374
600.000000	105.300	-90.3406
608.000000	105.300	-88.5430
615.000000	105.305	-86.9843
622.000000	105.311	-85.4191
630.000000	105.315	-83.6117
640.000000	105.315	-81.3161
650.000000	105.317	-79.0155
660.000000	105.326	-76.7494
670.000000	105.341	-74.5098
680.000000	105.354	-72.2311
690.000000	105.365	-69.9082
700.000000	105.380	-67.6033
710.000000	105.403	-65.3378
720.000000	105.428	-63.0728
730.000000	105.451	-60.7748
740.000000	105.471	-58.4551
750.000000	105.494	-56.1385
762.000000	105.530	-53.3898
775.000000	105.576	-50.4143
788.000000	105.624	-47.4247
800.000000	105.668	-44.6520
812.000000	105.717	-41.8830
825.000000	105.775	-38.9057
838.000000	105.838	-35.9419
850.000000	105.901	-33.2121
862.000000	105.967	-30.4811
875.000000	106.041	-27.5312
885.000000	106.101	-25.2823
900.000000	106.195	-21.9276
912.000000	106.274	-19.2559
925.000000	106.365	-16.3883
938.000000	106.457	-13.5558
950.000000	106.531	-10.9717
962.000000	106.589	-8.4194
975.000000	106.661	-5.6922
988.000000	106.765	-3.0135
1000.000000	106.878	-0.5972
1015.000000	107.015	2.3623
1030.000000	107.134	5.2988
1044.000000	107.225	8.0408
1060.000000	107.320	11.1767
1075.000000	107.409	14.1564
1090.000000	107.500	17.1987
1106.000000	107.600	20.4674
1120.000000	107.694	23.2978
1138.000000	107.829	26.8516
1150.000000	107.925	29.1627
1172.000000	108.097	33.3034
1180.000000	108.156	34.7842
1206.000000	108.336	39.5143
1220.000000	108.431	42.0137
1241.000000	108.577	45.6960
1250.000000	108.641	47.2490
1265.000000	108.747	49.8169
1280.000000	108.849	52.3745
1315.000000	109.075	58.2951
1320.000000	109.107	59.1331
1340.000000	109.237	62.4611
1360.000000	109.364	65.7617
1380.000000	109.484	69.0586
1400.000000	109.600	72.3459
1430.000000	109.775	77.2374
1450.000000	109.892	80.4725
1475.000000	110.036	84.5035
1500.000000	110.175	88.5155
1525.000000	110.313	92.5035
1550.000000	110.452	96.4486
1575.000000	110.591	100.3615
1600.000000	110.727	104.2467
1625.000000	110.863	108.1067
1650.000000	111.002	111.9241
1675.000000	111.141	115.7082
1700.000000	111.279	119.4589
1725.000000	111.416	123.1692
1750.000000	111.552	126.8328
1775.000000	111.689	130.4500
1800.000000	111.827	134.0257
1825.000000	111.966	137.5541
1850.000000	112.105	141.0394
1875.000000	112.241	144.4821
1900.000000	112.377	147.8706
1925.000000	112.509	151.2055
1950.000000	112.635	154.4942
1975.000000	112.753	157.7364
2000.000000	112.867	160.9298
2030.000000	113.005	164.6915
2060.000000	113.141	168.3782
2090.000000	113.267	172.0018
2120.000000	113.377	175.5707
2140.000000	113.445	177.9190
2180.000000	113.575	-177.4456
2200.000000	113.636	-175.1371
2240.000000	113.750	-170.5148
2270.000000	113.825	-167.0333
2300.000000	113.896	-163.5339
2330.000000	113.973	-160.0544
2360.000000	114.066	-156.6639
2400.000000	114.201	-152.3894
2430.000000	114.288	-149.3925
2470.000000	114.361	-145.6127
2500.000000	114.386	-142.8560
2540.000000	114.386	-139.1784
2580.000000	114.355	-135.4225
2620.000000	114.299	-131.5780
2650.000000	114.240	-128.6425
2690.000000	114.143	-124.6592
2720.000000	114.061	-121.6246
2760.000000	113.948	-117.5240
2800.000000	113.828	-113.3541
2850.000000	113.663	-108.0342
2900.000000	113.487	-102.6012
2950.000000	113.309	-97.0618
3000.000000	113.132	-91.4346
3040.000000	112.988	-86.8714
3070.000000	112.879	-83.4269
3110.000000	112.738	-78.8074
3150.000000	112.606	-74.1466
3200.000000	112.460	-68.2632
3250.000000	112.327	-62.3264
3300.000000	112.207	-56.3608
3350.000000	112.092	-50.3857
3400.000000	111.973	-44.4090
3450.000000	111.849	-38.4201
3500.000000	111.720	-32.4154
3550.000000	111.597	-26.4109
3600.000000	111.485	-20.4243
3650.000000	111.386	-14.4871
3700.000000	111.300	-8.6187
3750.000000	111.232	-2.8065
3820.000000	111.183	5.2058
3870.000000	111.160	10.8226
3950.000000	111.093	19.5861
4000.000000	111.010	24.9567
4060.000000	110.859	31.4289
4120.000000	110.676	38.0695
4180.000000	110.482	44.9496
4250.000000	110.272	53.1762
4310.000000	110.125	60.2343
4370.000000	110.013	67.2222
4440.000000	109.924	75.3290
4500.000000	109.886	82.2340
4550.000000	109.878	87.9194
4620.000000	109.893	95.6928
4680.000000	109.930	102.1339
4750.000000	109.999	109.3698
4820.000000	110.081	116.2979
4870.000000	110.134	121.0721
4940.000000	110.190	127.5321
5000.000000	110.215	132.9091
5080.000000	110.210	139.9596
5150.000000	110.162	146.1287
5220.000000	110.064	152.4260
5300.000000	109.898	159.9910
5380.000000	109.702	168.1945
5450.000000	109.556	175.9974
5520.000000	109.485	-175.6681
5600.000000	109.545	-165.7004
5700.000000	109.874	-153.1549
5800.000000	110.469	-141.2598
5900.000000	111.274	-130.5383
6000.000000	112.204	-121.2142
6080.000000	112.986	-114.7638
6150.000000	113.683	-109.8456
6220.000000	114.388	-105.6008
6300.000000	115.191	-101.5969
6400.000000	116.166	-97.9396
6500.000000	117.051	-95.8525
6600.000000	117.772	-95.2687
6700.000000	118.262	-95.8387
6800.000000	118.474	-96.9627
6900.000000	118.400	-97.9573
7000.000000	118.080	-98.2251
7100.000000	117.592	-97.3962
7200.000000	117.027	-95.4064
7300.000000	116.444	-92.4324
7400.000000	115.863	-88.6927
7500.000000	115.288	-84.3627
7620.000000	114.621	-78.5887
7750.000000	113.947	-71.8193
7880.000000	113.307	-64.6487
8000.000000	112.721	-57.6638
8120.000000	112.133	-50.0862
8250.000000	111.540	-40.7348
8380.000000	111.125	-29.8524
8500.000000	111.035	-18.9059
8620.000000	111.266	-8.3102
8750.000000	111.775	1.5767
8850.000000	112.254	7.8489
9000.000000	112.994	15.4072
9120.000000	113.548	20.1457
9250.000000	114.072	24.1620
9380.000000	114.489	27.1844
9500.000000	114.773	29.2697
9620.000000	114.952	30.7825
9750.000000	114.999	31.9384
9880.000000	114.880	32.9059
10000.000000	114.628	33.9430
10150.000000	114.153	35.7980
10300.000000	113.551	38.5300
10440.000000	112.929	41.9451
10600.000000	112.199	46.8193
10750.000000	111.532	52.2398
10900.000000	110.908	58.3534
11060.000000	110.311	65.4526
11200.000000	109.860	72.0029
11380.000000	109.385	80.7623
11500.000000	109.135	86.7583
11720.000000	108.821	97.8955
11800.000000	108.757	101.9434
12060.000000	108.749	114.9100
12200.000000	108.881	121.6724
12410.000000	109.276	131.3108
12500.000000	109.524	135.1705
12650.000000	110.058	141.0771
12800.000000	110.751	146.0823
13150.000000	112.951	151.6489
13200.000000	113.301	151.4033
13400.000000	114.598	147.0593
13600.000000	115.343	137.6646
13800.000000	115.126	125.9607
14000.000000	113.985	116.0237
14300.000000	111.592	109.3903
14500.000000	110.047	110.0499
14750.000000	108.338	114.3209
15000.000000	106.945	120.5167
15250.000000	105.840	127.4517
15500.000000	104.979	134.7271
15750.000000	104.476	141.9507
16000.000000	104.327	146.2192
16250.000000	104.299	147.9813
16500.000000	104.881	146.4849
16750.000000	106.166	139.0621
17000.000000	107.269	124.1406
17250.000000	107.231	103.8310
17500.000000	105.732	83.8262
17750.000000	103.232	68.6454
18000.000000	100.458	58.7359
18250.000000	97.901	52.1996
18500.000000	95.722	46.9005
18750.000000	93.901	41.2982
19000.000000	92.344	34.3639
19250.000000	90.933	25.4250
19500.000000	89.533	14.2537
19750.000000	88.111	1.3310
20000.000000	87.090	-8.8732
