* Measurement data measured by REW V5.31
* Source: Input device not selected, no input selected, L, volume: no control. Timing signal peak level -35.8 dBFS, measurement signal peak level -33.7 dBFS
* Format: 1M Log Swept Sine, 1 sweep at 0.0 dBFS using an acoustic timing reference
* Dated: 07-May-2024 05:14:05
* REW Settings:
*  C-weighting compensation: Off
*  Target level: 75.0 dB
* Note: ; Delay -0.0810 ms (-28 mm, -1.09 in) using estimated IR delay relative to Acoustic reference played from  R with no timing offset
* Measurement: IE600Kinera R3
* Smoothing: 1/24 octave
* Frequency Step: 1/96 octave
* Start Frequency: 20.000 Hz
*
* Freq(Hz)	SPL(dB)	Phase(degrees)
20.000000	112.480	-146.9326
20.144928	112.489	-147.4963
20.290907	112.491	-148.0471
20.437943	112.488	-148.5741
20.586044	112.482	-149.0665
20.735220	112.472	-149.5185
20.885475	112.462	-149.9282
21.036821	112.454	-150.2964
21.189262	112.450	-150.6315
21.342808	112.452	-150.9449
21.497467	112.459	-151.2496
21.653246	112.473	-151.5626
21.810154	112.491	-151.8975
21.968201	112.514	-152.2665
22.127390	112.538	-152.6788
22.287735	112.561	-153.1356
22.449242	112.580	-153.6347
22.611917	112.594	-154.1685
22.775772	112.601	-154.7238
22.940815	112.600	-155.2871
23.107054	112.591	-155.8416
23.274498	112.575	-156.3727
23.443153	112.554	-156.8680
23.613033	112.530	-157.3186
23.784142	112.506	-157.7231
23.956491	112.485	-158.0843
24.130091	112.469	-158.4119
24.304947	112.460	-158.7209
24.481071	112.458	-159.0280
24.658470	112.463	-159.3520
24.837156	112.474	-159.7075
25.017136	112.488	-160.1054
25.198421	112.502	-160.5493
25.381020	112.514	-161.0350
25.564941	112.520	-161.5516
25.750195	112.519	-162.0809
25.936790	112.511	-162.6036
26.124741	112.496	-163.0980
26.314051	112.477	-163.5484
26.504732	112.458	-163.9439
26.696796	112.441	-164.2848
26.890253	112.430	-164.5807
27.085112	112.428	-164.8497
27.281382	112.436	-165.1159
27.479073	112.452	-165.4023
27.678198	112.473	-165.7280
27.878765	112.497	-166.1014
28.080786	112.519	-166.5223
28.284271	112.535	-166.9791
28.489231	112.545	-167.4558
28.695675	112.548	-167.9342
28.903616	112.545	-168.4012
29.113064	112.537	-168.8498
29.324028	112.526	-169.2810
29.536524	112.514	-169.7000
29.750557	112.499	-170.1130
29.966141	112.479	-170.5201
30.183289	112.454	-170.9131
30.402010	112.421	-171.2751
30.622314	112.383	-171.5864
30.844217	112.343	-171.8323
31.067726	112.307	-172.0142
31.292856	112.281	-172.1560
31.519617	112.270	-172.3015
31.748020	112.272	-172.5057
31.978081	112.283	-172.8182
32.209808	112.293	-173.2606
32.443211	112.291	-173.8205
32.678310	112.270	-174.4478
32.915108	112.226	-175.0740
33.153625	112.165	-175.6283
33.393871	112.101	-176.0769
33.635857	112.048	-176.4366
33.879597	112.019	-176.7891
34.125103	112.014	-177.2479
34.372387	112.023	-177.9184
34.621464	112.023	-178.8503
34.872345	111.986	-179.9980
35.125042	111.891	178.7733
35.379574	111.729	177.6837
35.635948	111.512	176.9724
35.894180	111.270	176.8376
36.154285	111.057	177.3577
36.416275	110.930	178.3934
36.680161	110.924	179.6139
36.945961	111.037	-179.3986
37.213688	111.224	-178.9702
37.483353	111.428	-179.1926
37.754974	111.596	-179.9594
38.028561	111.701	178.9621
38.304131	111.738	177.8402
38.581699	111.722	176.8807
38.861279	111.683	176.1931
39.142883	111.648	175.7715
39.426529	111.636	175.5103
39.712231	111.646	175.2794
40.000000	111.668	174.9877
40.289856	111.684	174.6136
40.581814	111.685	174.2021
40.875885	111.670	173.8214
41.172089	111.645	173.5159
41.470440	111.621	173.2870
41.770950	111.602	173.0980
42.073643	111.588	172.8981
42.378525	111.572	172.6578
42.685616	111.548	172.3824
42.994934	111.514	172.1010
43.306492	111.471	171.8445
43.620308	111.425	171.6267
43.936401	111.381	171.4365
44.254780	111.341	171.2466
44.575470	111.304	171.0336
44.898483	111.267	170.7891
45.223835	111.227	170.5217
45.551544	111.184	170.2480
45.881630	111.141	169.9818
46.214108	111.099	169.7287
46.548996	111.061	169.4838
46.886307	111.029	169.2347
47.226067	111.002	168.9669
47.568283	110.979	168.6680
47.912983	110.956	168.3358
48.260181	110.930	167.9816
48.609894	110.898	167.6299
48.962143	110.862	167.3090
49.316940	110.823	167.0389
49.674313	110.787	166.8194
50.034271	110.756	166.6306
50.396843	110.730	166.4442
50.762039	110.706	166.2402
51.129883	110.679	166.0157
51.500389	110.647	165.7832
51.873581	110.610	165.5588
52.249481	110.570	165.3535
52.628101	110.528	165.1697
53.009464	110.487	165.0048
53.393593	110.450	164.8525
53.780506	110.418	164.6978
54.170223	110.394	164.5099
54.562763	110.376	164.2451
54.958145	110.358	163.8671
55.356396	110.327	163.3758
55.757530	110.274	162.8297
56.161572	110.192	162.3413
56.568542	110.089	162.0405
56.978462	109.985	162.0144
57.391350	109.907	162.2507
57.807232	109.875	162.6235
58.226128	109.894	162.9418
58.648056	109.950	163.0336
59.073048	110.019	162.8063
59.501114	110.073	162.2571
59.932281	110.091	161.4551
60.366577	110.052	160.5301
60.804020	109.946	159.6750
61.244629	109.776	159.1366
61.688435	109.569	159.1530
62.135452	109.377	159.8318
62.585712	109.255	161.0292
63.039234	109.235	162.3777
63.496040	109.302	163.5011
63.956161	109.420	164.2224
64.419617	109.556	164.5712
64.886421	109.699	164.6260
65.356621	109.848	164.3887
65.830215	109.987	163.8130
66.307251	110.090	162.9210
66.787743	110.133	161.8616
67.271713	110.114	160.8492
67.759193	110.046	160.0486
68.250206	109.952	159.5104
68.744774	109.846	159.1976
69.242928	109.732	159.0522
69.744690	109.614	159.0269
70.250084	109.493	159.0779
70.759148	109.371	159.1666
71.271896	109.248	159.2688
71.788361	109.132	159.3578
72.308571	109.031	159.3666
72.832550	108.946	159.1938
73.360321	108.867	158.7843
73.891922	108.783	158.1990
74.427376	108.693	157.5850
74.966705	108.615	157.0584
75.509949	108.570	156.6190
76.057121	108.560	156.1823
76.608261	108.569	155.6960
77.163399	108.575	155.2206
77.722557	108.564	154.8925
78.285767	108.537	154.8167
78.853058	108.504	154.9914
79.424461	108.467	155.3256
80.000000	108.420	155.7211
80.579712	108.360	156.1162
81.163628	108.289	156.4268
81.751770	108.212	156.5129
82.344177	108.117	156.3053
82.940880	108.004	155.9099
83.541901	107.903	155.4487
84.147285	107.853	154.8746
84.757050	107.859	154.1267
85.371231	107.915	153.3654
85.989868	108.040	152.8022
86.612984	108.247	152.5250
87.240616	108.544	152.7147
87.872803	108.980	153.3580
88.509560	109.566	153.4330
89.150940	110.106	151.6447
89.796967	110.306	148.3140
90.447670	110.027	145.4299
91.103088	109.412	145.1010
91.763260	108.792	147.5249
92.428215	108.373	150.6729
93.097992	108.100	152.9536
93.772614	107.875	154.3695
94.452133	107.679	155.1437
95.136566	107.498	155.3229
95.825966	107.331	155.1131
96.520363	107.204	154.6953
97.219788	107.128	154.1190
97.924286	107.088	153.5099
98.633881	107.075	153.0441
99.348625	107.082	152.7876
100.068542	107.092	152.7307
100.793686	107.093	152.8493
101.524078	107.077	153.0804
102.259766	107.042	153.3325
103.000778	106.987	153.5330
103.747162	106.917	153.6427
104.498962	106.842	153.6413
105.256203	106.770	153.5342
106.018929	106.707	153.3663
106.787186	106.659	153.1997
107.561012	106.628	153.0839
108.340446	106.610	153.0356
109.125526	106.599	153.0289
109.916290	106.581	153.0400
110.712791	106.547	153.0823
111.515060	106.499	153.1548
112.323143	106.442	153.2132
113.137085	106.380	153.2202
113.956924	106.319	153.1743
114.782700	106.265	153.0878
115.614464	106.219	152.9845
116.452255	106.183	152.8990
117.296112	106.155	152.8476
118.146095	106.128	152.8281
119.002228	106.094	152.8551
119.864563	106.053	152.9415
120.733154	106.009	153.0548
121.608040	105.960	153.1420
122.489258	105.909	153.1863
123.376869	105.857	153.2045
124.270905	105.809	153.2092
125.171425	105.767	153.1979
126.078468	105.729	153.1824
126.992081	105.691	153.1888
127.912323	105.653	153.2284
128.839233	105.615	153.2909
129.772842	105.574	153.3643
130.713242	105.531	153.4395
131.660431	105.489	153.5074
132.614502	105.447	153.5625
133.575485	105.407	153.6028
134.543427	105.366	153.6350
135.518387	105.325	153.6732
136.500412	105.284	153.7252
137.489548	105.244	153.7875
138.485855	105.204	153.8494
139.489380	105.165	153.9019
140.500168	105.124	153.9437
141.518295	105.083	153.9830
142.543793	105.041	154.0320
143.576721	104.998	154.0947
144.617142	104.955	154.1661
145.665100	104.912	154.2497
146.720642	104.869	154.3512
147.783844	104.826	154.4621
148.854752	104.786	154.5764
149.933411	104.747	154.6937
151.019897	104.709	154.8091
152.114243	104.674	154.9171
153.216522	104.639	155.0132
154.326797	104.604	155.0966
155.445114	104.571	155.1705
156.571533	104.539	155.2358
157.706116	104.509	155.2940
158.848923	104.479	155.3521
160.000000	104.449	155.4188
161.159424	104.420	155.4969
162.327255	104.390	155.5861
163.503540	104.359	155.6885
164.688354	104.327	155.8004
165.881760	104.290	155.9120
167.083801	104.248	156.0197
168.294571	104.200	156.1329
169.514099	104.148	156.2660
170.742462	104.095	156.4161
171.979736	104.045	156.5550
173.225967	103.995	156.6609
174.481232	103.944	156.7489
175.745605	103.892	156.8485
177.019119	103.842	156.9664
178.301880	103.795	157.0952
179.593933	103.754	157.2261
180.895340	103.721	157.3431
182.206177	103.695	157.4364
183.526520	103.673	157.5137
184.856430	103.651	157.5919
186.195984	103.629	157.6872
187.545227	103.606	157.8067
188.904266	103.581	157.9468
190.273132	103.554	158.0968
191.651932	103.526	158.2512
193.040726	103.496	158.4074
194.439575	103.466	158.5596
195.848572	103.433	158.7034
197.267761	103.398	158.8417
198.697250	103.361	158.9826
200.137085	103.324	159.1291
201.587372	103.288	159.2775
203.048157	103.252	159.4243
204.519531	103.217	159.5740
206.001556	103.182	159.7260
207.494324	103.147	159.8786
208.997925	103.112	160.0357
210.512405	103.077	160.1992
212.037857	103.044	160.3688
213.574371	103.010	160.5439
215.122025	102.976	160.7197
216.680893	102.941	160.8932
218.251053	102.906	161.0660
219.832581	102.872	161.2407
221.425583	102.839	161.4193
223.030121	102.806	161.6053
224.646286	102.773	161.8001
226.274170	102.741	161.9994
227.913849	102.708	162.1987
229.565399	102.677	162.3961
231.228928	102.646	162.5917
232.904510	102.614	162.7885
234.592224	102.582	162.9881
236.292191	102.550	163.1879
238.004456	102.521	163.3771
239.729126	102.493	163.5510
241.466309	102.466	163.7177
243.216080	102.439	163.8859
244.978516	102.412	164.0609
246.753738	102.383	164.2441
248.541809	102.354	164.4336
250.342850	102.324	164.6270
252.156937	102.294	164.8248
253.984161	102.264	165.0281
255.824646	102.235	165.2369
257.678467	102.206	165.4506
259.545685	102.178	165.6662
261.426483	102.151	165.8783
263.320862	102.123	166.0854
265.229004	102.095	166.2949
267.150970	102.067	166.5131
269.086853	102.038	166.7451
271.036774	102.009	166.9898
273.000824	101.981	167.2386
274.979095	101.952	167.4819
276.971710	101.924	167.7141
278.978760	101.895	167.9405
281.000336	101.866	168.1756
283.036591	101.839	168.4303
285.087585	101.814	168.7021
287.153442	101.791	168.9763
289.234283	101.769	169.2455
291.330200	101.747	169.5151
293.441284	101.725	169.7925
295.567688	101.704	170.0760
297.709503	101.684	170.3632
299.866821	101.663	170.6540
302.039795	101.644	170.9467
304.228485	101.628	171.2324
306.433044	101.614	171.5058
308.653595	101.602	171.7661
310.890228	101.589	172.0148
313.143066	101.575	172.2565
315.412231	101.560	172.4974
317.697845	101.545	172.7409
320.000000	101.530	172.9875
322.318848	101.515	173.2356
324.654510	101.499	173.4839
327.007080	101.485	173.7396
329.376709	101.472	174.0054
331.763519	101.460	174.2750
334.167603	101.450	174.5477
336.589142	101.441	174.8135
339.028198	101.434	175.0715
341.484924	101.427	175.3048
343.959473	101.420	175.5107
346.451935	101.411	175.6912
348.962463	101.400	175.8719
351.491211	101.386	176.0631
354.038239	101.368	176.2842
356.603760	101.348	176.5043
359.187866	101.327	176.7439
361.790680	101.306	176.9519
364.412354	101.285	177.1899
367.053040	101.266	177.4402
369.712860	101.248	177.6821
372.391968	101.229	177.9583
375.090454	101.216	178.2690
377.808533	101.204	178.4989
380.546265	101.184	178.6791
383.303864	101.162	178.9958
386.081451	101.156	179.3704
388.879150	101.159	179.6010
391.697144	101.150	179.7066
394.535522	101.126	179.8352
397.394501	101.095	-179.9386
400.274170	101.068	-179.6464
403.174744	101.047	-179.3378
406.096313	101.030	-179.0342
409.039062	101.016	-178.7478
412.003113	101.004	-178.4844
414.988647	100.994	-178.2308
417.995850	100.984	-177.9686
421.024811	100.974	-177.6883
424.075714	100.962	-177.3903
427.148743	100.947	-177.0845
430.244049	100.928	-176.7913
433.361786	100.910	-176.5230
436.502106	100.895	-176.2556
439.665161	100.883	-175.9518
442.851166	100.870	-175.6228
446.060242	100.854	-175.3147
449.292572	100.839	-175.0328
452.548340	100.827	-174.7441
455.827698	100.818	-174.4412
459.130798	100.808	-174.1345
462.457855	100.797	-173.8268
465.809021	100.785	-173.5231
469.184448	100.774	-173.2249
472.584381	100.763	-172.9298
476.008911	100.753	-172.6324
479.458252	100.743	-172.3273
482.932617	100.732	-172.0163
486.432159	100.721	-171.6989
489.957031	100.708	-171.3671
493.507477	100.697	-171.0209
497.083618	100.688	-170.6770
500.685699	100.680	-170.3526
504.313873	100.672	-170.0462
507.968323	100.662	-169.7416
511.649292	100.651	-169.4280
515.356934	100.642	-169.1034
519.091370	100.634	-168.7654
522.852966	100.629	-168.4069
526.641724	100.623	-168.0267
530.458008	100.613	-167.6387
534.301941	100.602	-167.2646
538.173706	100.591	-166.9186
542.073547	100.583	-166.5946
546.001648	100.578	-166.2578
549.958191	100.574	-165.8801
553.943420	100.569	-165.4904
557.957520	100.565	-165.1210
562.000671	100.564	-164.7527
566.073181	100.561	-164.3821
570.175171	100.555	-164.0199
574.306885	100.550	-163.6431
578.468567	100.545	-163.2476
582.660400	100.540	-162.8530
586.882568	100.537	-162.4700
591.135376	100.535	-162.0895
595.419006	100.535	-161.7056
599.733643	100.534	-161.3214
604.079590	100.533	-160.9318
608.456970	100.531	-160.5369
612.866089	100.529	-160.1409
617.307190	100.527	-159.7446
621.780457	100.526	-159.3461
626.286133	100.527	-158.9436
630.824463	100.528	-158.5379
635.395691	100.528	-158.1307
640.000000	100.529	-157.7192
644.637695	100.531	-157.2992
649.309021	100.533	-156.8715
654.014160	100.536	-156.4452
658.753418	100.541	-156.0248
663.527039	100.546	-155.6064
668.335205	100.551	-155.1846
673.178284	100.554	-154.7584
678.056396	100.558	-154.3248
682.969849	100.564	-153.8818
687.918945	100.571	-153.4340
692.903870	100.579	-152.9850
697.924927	100.587	-152.5363
702.982422	100.595	-152.0861
708.076477	100.603	-151.6304
713.207520	100.611	-151.1697
718.375732	100.620	-150.7103
723.581360	100.630	-150.2507
728.824707	100.642	-149.7846
734.106079	100.654	-149.3107
739.425720	100.666	-148.8330
744.783936	100.680	-148.3534
750.180908	100.693	-147.8676
755.617065	100.707	-147.3739
761.092529	100.721	-146.8755
766.607727	100.737	-146.3773
772.162903	100.754	-145.8871
777.758301	100.772	-145.4032
783.394287	100.791	-144.9176
789.071045	100.812	-144.4232
794.789001	100.833	-143.9174
800.548340	100.855	-143.4067
806.349487	100.877	-142.8973
812.192627	100.901	-142.3882
818.078125	100.925	-141.8763
824.006226	100.952	-141.3612
829.977295	100.979	-140.8443
835.991699	101.007	-140.3243
842.049622	101.036	-139.8016
848.151428	101.065	-139.2814
854.297485	101.095	-138.7640
860.488098	101.126	-138.2471
866.723572	101.159	-137.7292
873.004211	101.193	-137.2123
879.330322	101.228	-136.6971
885.702332	101.264	-136.1804
892.120483	101.302	-135.6572
898.585144	101.342	-135.1288
905.096680	101.384	-134.6026
911.655396	101.427	-134.0839
918.261597	101.471	-133.5729
924.915710	101.517	-133.0677
931.618042	101.563	-132.5649
938.368896	101.608	-132.0660
945.168762	101.650	-131.5759
952.017822	101.687	-131.0975
958.916504	101.719	-130.6327
965.865234	101.751	-130.1797
972.864319	101.788	-129.7356
979.914062	101.835	-129.2994
987.014954	101.891	-128.8760
994.167236	101.953	-128.4666
1001.371399	102.016	-128.0667
1008.627747	102.079	-127.6735
1015.936646	102.141	-127.2878
1023.298584	102.200	-126.9135
1030.713867	102.254	-126.5481
1038.182739	102.303	-126.1835
1045.705933	102.349	-125.8108
1053.283447	102.393	-125.4274
1060.916016	102.434	-125.0328
1068.603882	102.475	-124.6248
1076.347412	102.517	-124.2009
1084.147095	102.561	-123.7631
1092.003296	102.608	-123.3141
1099.916382	102.658	-122.8610
1107.886841	102.709	-122.4127
1115.915039	102.763	-121.9740
1124.001343	102.819	-121.5499
1132.146362	102.878	-121.1456
1140.350342	102.938	-120.7617
1148.613770	102.998	-120.3930
1156.937134	103.058	-120.0330
1165.320801	103.118	-119.6826
1173.765137	103.178	-119.3501
1182.270752	103.238	-119.0367
1190.838013	103.298	-118.7389
1199.467285	103.357	-118.4507
1208.159180	103.416	-118.1681
1216.913940	103.475	-117.8897
1225.732178	103.533	-117.6181
1234.614380	103.591	-117.3582
1243.560913	103.649	-117.1108
1252.572266	103.707	-116.8719
1261.648926	103.765	-116.6353
1270.791382	103.823	-116.3987
1280.000000	103.880	-116.1626
1289.275391	103.938	-115.9280
1298.618042	103.997	-115.6962
1308.028320	104.057	-115.4690
1317.506836	104.116	-115.2448
1327.054077	104.175	-115.0177
1336.670410	104.233	-114.7861
1346.356567	104.291	-114.5524
1356.112793	104.347	-114.3215
1365.939697	104.402	-114.0972
1375.837891	104.457	-113.8778
1385.807739	104.513	-113.6556
1395.849854	104.569	-113.4272
1405.964844	104.625	-113.1968
1416.152954	104.681	-112.9677
1426.415039	104.737	-112.7392
1436.751465	104.794	-112.5100
1447.162720	104.851	-112.2797
1457.649414	104.908	-112.0490
1468.212158	104.967	-111.8217
1478.851440	105.025	-111.6018
1489.567871	105.084	-111.3857
1500.361816	105.141	-111.1649
1511.234131	105.197	-110.9343
1522.185059	105.254	-110.6984
1533.215454	105.310	-110.4664
1544.325806	105.367	-110.2400
1555.516602	105.426	-110.0114
1566.788574	105.486	-109.7822
1578.142090	105.548	-109.5605
1589.578003	105.609	-109.3439
1601.096680	105.669	-109.1232
1612.698975	105.728	-108.8952
1624.385254	105.788	-108.6654
1636.156250	105.847	-108.4418
1648.012451	105.908	-108.2233
1659.954590	105.971	-108.0052
1671.983398	106.035	-107.7906
1684.099243	106.100	-107.5833
1696.302856	106.165	-107.3824
1708.594971	106.231	-107.1844
1720.976196	106.297	-106.9869
1733.447144	106.362	-106.7914
1746.008423	106.429	-106.6024
1758.660645	106.496	-106.4228
1771.404663	106.564	-106.2510
1784.240967	106.633	-106.0843
1797.170288	106.703	-105.9234
1810.193359	106.774	-105.7696
1823.310791	106.846	-105.6261
1836.523193	106.919	-105.4941
1849.831421	106.991	-105.3691
1863.236084	107.062	-105.2467
1876.737793	107.133	-105.1300
1890.337524	107.204	-105.0242
1904.035645	107.275	-104.9297
1917.833008	107.347	-104.8459
1931.730469	107.419	-104.7750
1945.728638	107.492	-104.7164
1959.828125	107.565	-104.6689
1974.029907	107.637	-104.6329
1988.334473	107.708	-104.6089
2002.742798	107.779	-104.5939
2017.255493	107.849	-104.5875
2031.873291	107.917	-104.5945
2046.597168	107.986	-104.6179
2061.427734	108.054	-104.6569
2076.365479	108.121	-104.7101
2091.411865	108.188	-104.7778
2106.566895	108.253	-104.8583
2121.832031	108.317	-104.9503
2137.207764	108.380	-105.0560
2152.694824	108.442	-105.1788
2168.294189	108.502	-105.3167
2184.006592	108.560	-105.4636
2199.832764	108.614	-105.6184
2215.773682	108.666	-105.7855
2231.830078	108.717	-105.9698
2248.002686	108.765	-106.1709
2264.292725	108.812	-106.3842
2280.700684	108.856	-106.6053
2297.227539	108.897	-106.8330
2313.874268	108.933	-107.0695
2330.641602	108.967	-107.3151
2347.530273	108.999	-107.5679
2364.541504	109.028	-107.8306
2381.676025	109.054	-108.1067
2398.934570	109.076	-108.3861
2416.318359	109.092	-108.6592
2433.827881	109.102	-108.9302
2451.464355	109.109	-109.2064
2469.228760	109.112	-109.4865
2487.121826	109.112	-109.7686
2505.144531	109.108	-110.0533
2523.297852	109.099	-110.3325
2541.582764	109.086	-110.5994
2560.000000	109.068	-110.8559
2578.550781	109.045	-111.1056
2597.236084	109.020	-111.3464
2616.056641	108.990	-111.5762
2635.013672	108.958	-111.7960
2654.108154	108.922	-112.0042
2673.340820	108.881	-112.1948
2692.713135	108.835	-112.3635
2712.225586	108.785	-112.5122
2731.879395	108.733	-112.6439
2751.675781	108.677	-112.7573
2771.615479	108.618	-112.8481
2791.699707	108.555	-112.9142
2811.929688	108.489	-112.9581
2832.305908	108.421	-112.9818
2852.830078	108.349	-112.9825
2873.502930	108.274	-112.9575
2894.325439	108.196	-112.9048
2915.298828	108.116	-112.8215
2936.424316	108.035	-112.7064
2957.702881	107.954	-112.5637
2979.135742	107.872	-112.3996
3000.723633	107.788	-112.2057
3022.468262	107.701	-111.9713
3044.370117	107.612	-111.7039
3066.430908	107.523	-111.4158
3088.651611	107.434	-111.1047
3111.033203	107.347	-110.7641
3133.577148	107.261	-110.3921
3156.284180	107.178	-109.9895
3179.156006	107.098	-109.5585
3202.193359	107.021	-109.1012
3225.397949	106.946	-108.6160
3248.770508	106.873	-108.0990
3272.312500	106.802	-107.5485
3296.024902	106.733	-106.9629
3319.909180	106.665	-106.3399
3343.966797	106.597	-105.6775
3368.198486	106.529	-104.9760
3392.605713	106.461	-104.2410
3417.189941	106.394	-103.4768
3441.952393	106.326	-102.6771
3466.894287	106.258	-101.8452
3492.016846	106.192	-101.0033
3517.321289	106.131	-100.1667
3542.809326	106.075	-99.3423
3568.481934	106.024	-98.5361
3594.340576	105.974	-97.7460
3620.386719	105.927	-96.9640
3646.621582	105.882	-96.1868
3673.046387	105.839	-95.4142
3699.662842	105.797	-94.6375
3726.472168	105.757	-93.8459
3753.475586	105.720	-93.0343
3780.675049	105.686	-92.2008
3808.071289	105.656	-91.3436
3835.666016	105.628	-90.4640
3863.460938	105.602	-89.5633
3891.457275	105.576	-88.6394
3919.656250	105.551	-87.6901
3948.059814	105.527	-86.7181
3976.668945	105.500	-85.7291
4005.485596	105.468	-84.7238
4034.510986	105.428	-83.7006
4063.746582	105.384	-82.6614
4093.194336	105.336	-81.6092
4122.855469	105.287	-80.5427
4152.730957	105.236	-79.4606
4182.823730	105.186	-78.3651
4213.133789	105.137	-77.2618
4243.664062	105.090	-76.1510
4274.415527	105.048	-75.0312
4305.389648	105.008	-73.9039
4336.588379	104.973	-72.7704
4368.013184	104.943	-71.6278
4399.665527	104.917	-70.4764
4431.547363	104.897	-69.3226
4463.660156	104.882	-68.1680
4496.005371	104.872	-67.0089
4528.585449	104.866	-65.8458
4561.401367	104.863	-64.6827
4594.455078	104.863	-63.5219
4627.748535	104.867	-62.3656
4661.283203	104.875	-61.2169
4695.060547	104.887	-60.0749
4729.083008	104.901	-58.9416
4763.352051	104.917	-57.8192
4797.869141	104.935	-56.7048
4832.636719	104.953	-55.5911
4867.655762	104.971	-54.4790
4902.928711	104.991	-53.3726
4938.457520	105.012	-52.2714
4974.243652	105.032	-51.1722
5010.289062	105.048	-50.0679
5046.595703	105.061	-48.9500
5083.165527	105.067	-47.8093
5120.000000	105.068	-46.6367
5157.101562	105.061	-45.4202
5194.472168	105.047	-44.1442
5232.113281	105.024	-42.7915
5270.027344	104.996	-41.3464
5308.216309	104.965	-39.7933
5346.681641	104.933	-38.1141
5385.426270	104.904	-36.2953
5424.451172	104.885	-34.3318
5463.758789	104.883	-32.2210
5503.351562	104.903	-29.9739
5543.230957	104.952	-27.6209
5583.399414	105.033	-25.1987
5623.859375	105.148	-22.7347
5664.611816	105.300	-20.2566
5705.660156	105.488	-17.8002
5747.005859	105.712	-15.4036
5788.650879	105.970	-13.0977
5830.597656	106.260	-10.9047
5872.848633	106.580	-8.8440
5915.405762	106.927	-6.9342
5958.271484	107.299	-5.1946
6001.447266	107.689	-3.6384
6044.936523	108.094	-2.2703
6088.740234	108.513	-1.1140
6132.861816	108.948	-0.1953
6177.303223	109.397	0.4689
6222.066406	109.857	0.8613
6267.154297	110.324	0.9635
6312.568359	110.795	0.7556
6358.312012	111.264	0.2175
6404.386719	111.726	-0.6702
6450.795898	112.173	-1.9241
6497.541016	112.599	-3.5551
6544.625000	112.992	-5.5630
6592.049805	113.342	-7.9330
6639.818359	113.637	-10.6343
6687.933594	113.869	-13.6133
6736.396973	114.028	-16.7960
6785.211426	114.110	-20.0963
6834.379883	114.113	-23.4214
6883.904785	114.037	-26.6807
6933.788574	113.888	-29.7897
6984.033691	113.673	-32.6744
7034.642578	113.403	-35.2792
7085.618652	113.088	-37.5702
7136.963867	112.740	-39.5355
7188.681152	112.369	-41.1852
7240.773438	111.982	-42.5433
7293.243164	111.584	-43.6371
7346.092773	111.180	-44.4883
7399.325684	110.772	-45.1141
7452.944336	110.362	-45.5325
7506.951172	109.951	-45.7639
7561.350098	109.540	-45.8289
7616.142578	109.131	-45.7467
7671.332031	108.721	-45.5350
7726.921875	108.311	-45.2072
7782.914551	107.897	-44.7703
7839.312500	107.477	-44.2255
7896.119629	107.051	-43.5659
7953.337891	106.617	-42.7755
8010.971191	106.176	-41.8234
8069.021973	105.724	-40.6550
8127.493164	105.263	-39.2057
8186.388672	104.800	-37.4016
8245.710938	104.346	-35.1689
8305.461914	103.917	-32.4544
8365.647461	103.535	-29.2535
8426.267578	103.225	-25.6282
8487.328125	103.007	-21.7152
8548.831055	102.893	-17.7126
8610.779297	102.880	-13.8354
8673.176758	102.956	-10.2673
8736.026367	103.098	-7.1208
8799.331055	103.285	-4.4318
8863.094727	103.497	-2.1848
8927.320312	103.719	-0.3389
8992.010742	103.939	1.1555
9057.170898	104.151	2.3485
9122.802734	104.352	3.2825
9188.910156	104.539	3.9943
9255.497070	104.708	4.5151
9322.566406	104.858	4.8693
9390.121094	104.990	5.0785
9458.166016	105.108	5.1604
9526.704102	105.213	5.1168
9595.738281	105.305	4.9395
9665.273438	105.381	4.6261
9735.311523	105.438	4.1809
9805.857422	105.474	3.6205
9876.915039	105.488	2.9697
9948.487305	105.478	2.2509
10020.578125	105.443	1.4824
10093.191406	105.383	0.6848
10166.331055	105.298	-0.1208
10240.000000	105.188	-0.9135
10314.203125	105.054	-1.6708
10388.944336	104.897	-2.3707
10464.226562	104.719	-2.9930
10540.054688	104.522	-3.5209
10616.432617	104.308	-3.9418
10693.363281	104.080	-4.2461
10770.852539	103.841	-4.4254
10848.902344	103.594	-4.4746
10927.517578	103.342	-4.3908
11006.703125	103.089	-4.1752
11086.461914	102.836	-3.8348
11166.798828	102.587	-3.3773
11247.718750	102.344	-2.8031
11329.223633	102.108	-2.1140
11411.320312	101.881	-1.3196
11494.011719	101.665	-0.4277
11577.301758	101.461	0.5571
11661.195312	101.272	1.6271
11745.697266	101.098	2.7736
11830.811523	100.942	3.9881
11916.542969	100.803	5.2598
12002.894531	100.684	6.5808
12089.873047	100.584	7.9445
12177.480469	100.506	9.3428
12265.723633	100.450	10.7651
12354.606445	100.421	12.1979
12444.132812	100.421	13.6307
12534.308594	100.449	15.0609
12625.136719	100.508	16.4816
12716.624023	100.599	17.8783
12808.773438	100.726	19.2376
12901.591797	100.892	20.5446
12995.082031	101.101	21.7802
13089.250000	101.357	22.9189
13184.099609	101.667	23.9288
13279.636719	102.037	24.7726
13375.867188	102.476	25.4000
13472.793945	102.999	25.7386
13570.422852	103.619	25.6867
13668.759766	104.357	25.1038
13767.809570	105.237	23.7879
13867.577148	106.282	21.4565
13968.067383	107.490	17.7526
14069.285156	108.813	12.2789
14171.237305	110.139	4.6769
14273.927734	111.316	-5.2461
14377.362305	112.182	-17.3602
14481.546875	112.592	-31.0769
14586.486328	112.464	-45.3630
14692.185547	111.809	-59.0212
14798.651367	110.724	-71.1025
14905.888672	109.353	-81.1332
15013.902344	107.843	-89.0835
15122.700195	106.315	-95.2126
15232.285156	104.850	-99.9080
15342.664062	103.487	-103.5519
15453.843750	102.237	-106.4323
15565.829102	101.102	-108.7678
15678.625000	100.097	-110.8616
15792.239258	99.231	-113.2070
15906.675781	98.445	-116.1212
16021.942383	97.663	-119.4285
16138.043945	96.867	-122.8975
16254.986328	96.089	-126.4982
16372.777344	95.381	-130.3167
16491.421875	94.800	-134.4520
16610.923828	94.384	-138.9788
16731.294922	94.125	-143.9635
16852.535156	93.983	-149.4708
16974.656250	93.921	-155.5570
17097.662109	93.917	-162.2764
17221.558594	93.952	-169.6847
17346.353516	94.015	-177.8235
17472.052734	94.089	173.2772
17598.662109	94.162	163.5942
17726.189453	94.221	153.1151
17854.640625	94.251	141.8536
17984.021484	94.238	129.8432
18114.341797	94.167	117.1175
18245.605469	94.032	103.7316
18377.820312	93.833	89.7693
18510.994141	93.573	75.2925
18645.132812	93.265	60.3382
18780.242188	92.932	44.9221
18916.332031	92.602	29.0225
19053.408203	92.307	12.5664
19191.476562	92.066	-4.5316
19330.546875	91.868	-22.3428
19470.623047	91.675	-40.9270
19611.714844	91.435	-60.2709
19753.830078	91.123	-79.9709
19896.974609	90.790	-98.0276
