* Measurement data measured by REW V5.31
* Source: Input device not selected, no input selected, L, volume: 0.250. Timing signal peak level -42.7 dBFS, measurement signal peak level -42.8 dBFS
* Format: 1M Log Swept Sine, 1 sweep at -12.0 dBFS using an acoustic timing reference
* Dated: 09-Apr-2024 22:53:48
* REW Settings:
*  C-weighting compensation: Off
*  Target level: 75.0 dB
* Note: ; Delay -0.0030 ms (-1.0 mm, -0.04 in) using estimated IR delay relative to Acoustic reference played from  L with no timing offset Clock adjustment: 28.6 ppm
* Measurement: L5 W1
* Smoothing: 1/24 octave
* Frequency Step: 1/48 octave
* Start Frequency: 20.000 Hz
*
* Freq(Hz)	SPL(dB)	Phase(degrees)
20.000000	98.028	-137.7622
20.299999	98.101	-139.3650
20.600000	98.130	-140.9095
20.900000	98.123	-142.2865
21.200001	98.093	-143.4246
21.400000	98.071	-144.0459
21.799999	98.042	-145.0351
22.000000	98.040	-145.4602
22.400000	98.058	-146.3139
22.700001	98.081	-147.0277
23.000000	98.100	-147.8212
23.299999	98.111	-148.6760
23.600000	98.108	-149.5620
24.000000	98.084	-150.7366
24.299999	98.052	-151.5689
24.700001	97.995	-152.5402
25.000000	97.952	-153.1243
25.400000	97.917	-153.7156
25.799999	97.931	-154.2234
26.200001	97.995	-154.8776
26.500000	98.061	-155.5736
26.900000	98.140	-156.7831
27.200001	98.175	-157.8167
27.600000	98.185	-159.1810
28.000000	98.170	-160.3748
28.500000	98.153	-161.5820
29.000000	98.162	-162.6267
29.500000	98.185	-163.6649
30.000000	98.207	-164.7283
30.400000	98.217	-165.5907
30.700001	98.217	-166.2420
31.100000	98.199	-167.0915
31.500000	98.158	-167.8524
32.000000	98.086	-168.5541
32.500000	98.028	-168.9668
33.000000	98.009	-169.2919
33.500000	98.022	-169.7830
34.000000	98.036	-170.5379
34.500000	98.032	-171.5161
35.000000	97.999	-172.6395
35.500000	97.932	-173.7840
36.000000	97.839	-174.7674
36.500000	97.760	-175.5149
37.000000	97.734	-176.2393
37.500000	97.741	-177.2778
38.200001	97.678	-179.1915
38.700001	97.545	179.7854
39.500000	97.384	179.5565
40.000000	97.420	179.6603
40.599998	97.525	179.1681
41.200001	97.563	178.2025
41.799999	97.524	177.4207
42.500000	97.474	176.8248
43.099998	97.407	176.2471
43.700001	97.264	175.8799
44.400002	97.094	176.3724
45.000000	97.098	177.0531
45.500000	97.192	176.9546
46.200001	97.259	175.4969
46.799999	97.156	173.9011
47.500000	96.940	172.7233
48.200001	96.772	172.2340
48.700001	96.703	171.9979
49.400002	96.660	171.6357
50.000000	96.664	171.1898
50.799999	96.669	170.2853
51.500000	96.622	169.5218
52.200001	96.559	169.1117
53.000000	96.518	168.8462
53.799999	96.485	168.5401
54.500000	96.455	168.2653
55.200001	96.433	167.8582
56.000000	96.382	167.1407
57.000000	96.260	166.2828
58.000000	96.142	165.6238
59.000000	96.018	165.0666
60.000000	95.918	164.9973
60.799999	95.906	164.9468
61.500000	95.894	164.6854
62.200001	95.864	164.4885
63.000000	95.856	164.3752
64.000000	95.870	163.7573
65.000000	95.809	162.8996
66.000000	95.736	162.1660
67.000000	95.636	161.3106
68.000000	95.512	160.8243
69.000000	95.447	160.5017
70.000000	95.389	159.9568
71.000000	95.312	159.4863
72.000000	95.237	159.0957
73.000000	95.157	158.7392
74.000000	95.082	158.4383
75.000000	95.014	158.1108
76.199997	94.932	157.6818
77.500000	94.833	157.2579
78.800003	94.732	156.9825
80.000000	94.645	156.7823
81.199997	94.564	156.5662
82.500000	94.485	156.2536
83.800003	94.410	155.8291
85.000000	94.333	155.4480
86.199997	94.247	155.2872
87.500000	94.160	155.4701
88.500000	94.118	155.9452
90.000000	94.137	156.1599
91.199997	94.036	155.7386
92.500000	93.874	155.9979
93.800003	93.805	156.3627
95.000000	93.806	156.3112
96.199997	93.823	155.8485
97.500000	93.818	155.1922
98.800003	93.791	154.6208
100.000000	93.744	154.1562
101.500000	93.653	153.6803
103.000000	93.539	153.3072
104.400002	93.438	153.0349
106.000000	93.340	152.7331
107.500000	93.264	152.5416
109.000000	93.200	152.3498
110.599998	93.115	152.1418
112.000000	93.030	152.0173
113.800003	92.923	151.8611
115.000000	92.858	151.7477
117.199997	92.753	151.5470
118.000000	92.717	151.4911
120.599998	92.588	151.3577
122.000000	92.509	151.3874
124.099998	92.399	151.4789
125.000000	92.354	151.5306
126.500000	92.287	151.6827
128.000000	92.238	151.8835
131.500000	92.179	152.2319
132.000000	92.176	152.2384
134.000000	92.159	152.0755
136.000000	92.117	151.7846
138.000000	92.059	151.5371
140.000000	91.985	151.3555
143.000000	91.871	151.2610
145.000000	91.804	151.1417
147.500000	91.722	150.9689
150.000000	91.634	150.8232
152.500000	91.533	150.8071
155.000000	91.445	150.8557
157.500000	91.379	150.8891
160.000000	91.328	150.9417
162.500000	91.280	151.0390
165.000000	91.229	151.0623
167.500000	91.159	150.9996
170.000000	91.074	150.9352
172.500000	90.973	150.9081
175.000000	90.868	150.9476
177.500000	90.780	150.9860
180.000000	90.711	150.9923
182.500000	90.656	151.0238
185.000000	90.609	151.1079
187.500000	90.568	151.1769
190.000000	90.525	151.1836
192.500000	90.478	151.1955
195.000000	90.427	151.2565
197.500000	90.370	151.3734
200.000000	90.312	151.4870
203.000000	90.242	151.5791
206.000000	90.174	151.7036
209.000000	90.112	151.8416
212.000000	90.051	151.9745
214.000000	90.008	152.0734
218.000000	89.916	152.2699
220.000000	89.867	152.3937
224.000000	89.775	152.7496
227.000000	89.713	153.0724
230.000000	89.660	153.4549
233.000000	89.628	153.9180
236.000000	89.623	154.3639
240.000000	89.639	154.7392
243.000000	89.655	154.8411
247.000000	89.668	154.8126
250.000000	89.668	154.6924
254.000000	89.647	154.4927
258.000000	89.604	154.3107
262.000000	89.548	154.1975
265.000000	89.505	154.1638
269.000000	89.449	154.2050
272.000000	89.407	154.2751
276.000000	89.353	154.3517
280.000000	89.298	154.4251
285.000000	89.234	154.6059
290.000000	89.180	154.7127
295.000000	89.131	154.8523
300.000000	89.085	155.0527
304.000000	89.049	155.1625
307.000000	89.021	155.2356
311.000000	88.986	155.3721
315.000000	88.955	155.5342
320.000000	88.915	155.7325
325.000000	88.875	155.9062
330.000000	88.833	156.0457
335.000000	88.792	156.2177
340.000000	88.754	156.3697
345.000000	88.721	156.5200
350.000000	88.689	156.6760
355.000000	88.661	156.8539
360.000000	88.633	157.0220
365.000000	88.608	157.1703
370.000000	88.582	157.3084
375.000000	88.547	157.4681
382.000000	88.500	157.7161
387.000000	88.478	157.8995
395.000000	88.449	158.1654
400.000000	88.428	158.2886
406.000000	88.404	158.4378
412.000000	88.382	158.6035
418.000000	88.361	158.7848
425.000000	88.336	159.0099
431.000000	88.317	159.2073
437.000000	88.301	159.3791
444.000000	88.279	159.5868
450.000000	88.262	159.7656
455.000000	88.250	159.9255
462.000000	88.232	160.1629
468.000000	88.218	160.3405
475.000000	88.202	160.5245
482.000000	88.184	160.7069
487.000000	88.173	160.8624
494.000000	88.161	161.0709
500.000000	88.152	161.2273
508.000000	88.139	161.4499
515.000000	88.131	161.6617
522.000000	88.125	161.8445
530.000000	88.118	162.0647
538.000000	88.110	162.2964
545.000000	88.101	162.4813
552.000000	88.097	162.6460
560.000000	88.095	162.8862
570.000000	88.092	163.2109
580.000000	88.094	163.4735
590.000000	88.097	163.7680
600.000000	88.095	164.0914
608.000000	88.093	164.3084
615.000000	88.096	164.4817
622.000000	88.102	164.6490
630.000000	88.106	164.8730
640.000000	88.113	165.1800
650.000000	88.125	165.4579
660.000000	88.136	165.7448
670.000000	88.148	166.0405
680.000000	88.165	166.3818
690.000000	88.181	166.7155
700.000000	88.198	167.0051
710.000000	88.220	167.3209
720.000000	88.246	167.6248
730.000000	88.271	167.9230
740.000000	88.294	168.2204
750.000000	88.318	168.5035
762.000000	88.354	168.8746
775.000000	88.403	169.2843
788.000000	88.458	169.6955
800.000000	88.507	170.0617
812.000000	88.557	170.4291
825.000000	88.615	170.8079
838.000000	88.678	171.1880
850.000000	88.744	171.5834
862.000000	88.810	171.9628
875.000000	88.882	172.3352
885.000000	88.943	172.5940
900.000000	89.038	173.0000
912.000000	89.119	173.3085
925.000000	89.213	173.5974
938.000000	89.307	173.8486
950.000000	89.382	174.0687
962.000000	89.444	174.2656
975.000000	89.520	174.4372
988.000000	89.626	174.5543
1000.000000	89.744	174.6283
1015.000000	89.895	174.6726
1030.000000	90.039	174.6296
1044.000000	90.158	174.5551
1060.000000	90.278	174.3909
1075.000000	90.383	174.1860
1090.000000	90.476	173.9961
1106.000000	90.560	173.8334
1120.000000	90.629	173.7454
1138.000000	90.727	173.6911
1150.000000	90.796	173.6630
1172.000000	90.935	173.5676
1180.000000	90.990	173.5161
1206.000000	91.173	173.2358
1220.000000	91.276	173.0241
1241.000000	91.428	172.6161
1250.000000	91.491	172.4286
1265.000000	91.596	172.1088
1280.000000	91.701	171.7755
1315.000000	91.939	170.9212
1320.000000	91.972	170.7889
1340.000000	92.104	170.2632
1360.000000	92.235	169.7389
1380.000000	92.364	169.2117
1400.000000	92.490	168.6789
1430.000000	92.671	167.8574
1450.000000	92.792	167.2799
1475.000000	92.941	166.5530
1500.000000	93.086	165.8395
1525.000000	93.229	165.1104
1550.000000	93.371	164.3819
1575.000000	93.512	163.6474
1600.000000	93.652	162.8899
1625.000000	93.792	162.1275
1650.000000	93.934	161.3613
1675.000000	94.075	160.5753
1700.000000	94.216	159.7698
1725.000000	94.358	158.9553
1750.000000	94.498	158.1246
1775.000000	94.638	157.2799
1800.000000	94.779	156.4064
1825.000000	94.922	155.4971
1850.000000	95.065	154.5428
1875.000000	95.206	153.5479
1900.000000	95.344	152.5177
1925.000000	95.476	151.4518
1950.000000	95.605	150.3460
1975.000000	95.731	149.2139
2000.000000	95.852	148.0598
2030.000000	95.989	146.6254
2060.000000	96.118	145.1456
2090.000000	96.239	143.6429
2120.000000	96.352	142.1147
2140.000000	96.420	141.0935
2180.000000	96.540	139.0574
2200.000000	96.591	138.0500
2240.000000	96.682	136.0945
2270.000000	96.744	134.7298
2300.000000	96.812	133.4672
2330.000000	96.898	132.2508
2360.000000	97.009	130.9970
2400.000000	97.181	129.0244
2430.000000	97.301	127.2219
2470.000000	97.411	124.5173
2500.000000	97.448	122.4201
2540.000000	97.444	119.7065
2580.000000	97.398	117.1769
2620.000000	97.330	114.8618
2650.000000	97.271	113.2477
2690.000000	97.191	111.2196
2720.000000	97.131	109.7415
2760.000000	97.044	107.7934
2800.000000	96.941	105.8789
2850.000000	96.785	103.6061
2900.000000	96.605	101.5248
2950.000000	96.415	99.6541
3000.000000	96.221	97.9656
3040.000000	96.067	96.7377
3070.000000	95.951	95.8865
3110.000000	95.800	94.8286
3150.000000	95.655	93.8519
3200.000000	95.489	92.7373
3250.000000	95.333	91.7119
3300.000000	95.187	90.7551
3350.000000	95.040	89.8941
3400.000000	94.876	89.1365
3450.000000	94.698	88.5099
3500.000000	94.504	88.0353
3550.000000	94.307	87.7468
3600.000000	94.126	87.6684
3650.000000	93.980	87.7446
3700.000000	93.879	87.8706
3750.000000	93.820	87.9762
3820.000000	93.779	88.0000
3870.000000	93.754	87.9441
3950.000000	93.697	87.9541
4000.000000	93.652	88.1222
4060.000000	93.588	88.4500
4120.000000	93.534	88.8293
4180.000000	93.491	89.1631
4250.000000	93.460	89.4485
4310.000000	93.455	89.6037
4370.000000	93.469	89.6815
4440.000000	93.508	89.6747
4500.000000	93.557	89.5956
4550.000000	93.608	89.4863
4620.000000	93.696	89.2541
4680.000000	93.783	88.9478
4750.000000	93.897	88.4632
4820.000000	94.020	87.8412
4870.000000	94.114	87.3058
4940.000000	94.251	86.3947
5000.000000	94.368	85.4434
5080.000000	94.509	83.9066
5150.000000	94.596	82.2919
5220.000000	94.626	80.4364
5300.000000	94.574	78.1484
5380.000000	94.416	75.8527
5450.000000	94.189	73.9907
5520.000000	93.882	72.4182
5600.000000	93.437	71.1916
5700.000000	92.769	71.0174
5800.000000	92.047	73.0332
5900.000000	91.441	77.7812
6000.000000	91.187	85.0442
6080.000000	91.362	91.7048
6150.000000	91.807	97.2248
6220.000000	92.485	101.8323
6300.000000	93.463	105.5319
6400.000000	94.849	107.5271
6500.000000	96.271	106.5688
6600.000000	97.601	102.8304
6700.000000	98.710	96.6883
6800.000000	99.483	88.7464
6900.000000	99.852	79.9711
7000.000000	99.824	71.4721
7100.000000	99.482	64.1268
7200.000000	98.943	58.3393
7300.000000	98.313	54.1008
7400.000000	97.660	51.2186
7500.000000	97.022	49.4682
7620.000000	96.302	48.5745
7750.000000	95.595	48.8369
7880.000000	94.983	50.3069
8000.000000	94.562	52.7904
8120.000000	94.379	56.2462
8250.000000	94.557	60.3001
8380.000000	95.106	63.0851
8500.000000	95.753	63.5967
8620.000000	96.351	62.4422
8750.000000	96.882	60.2699
8850.000000	97.230	58.3911
9000.000000	97.716	55.4245
9120.000000	98.101	52.8138
9250.000000	98.515	49.5188
9380.000000	98.901	45.5802
9500.000000	99.220	41.3340
9620.000000	99.482	36.4047
9750.000000	99.648	30.2898
9880.000000	99.640	23.6740
10000.000000	99.458	17.5107
10150.000000	99.008	10.2635
10300.000000	98.363	3.9973
10440.000000	97.653	-0.6980
10600.000000	96.790	-4.6486
10750.000000	95.987	-7.1115
10900.000000	95.229	-8.5962
11060.000000	94.500	-9.3474
11200.000000	93.941	-9.4592
11380.000000	93.336	-9.0564
11500.000000	93.008	-8.5560
11720.000000	92.567	-7.3513
11800.000000	92.460	-6.8735
12060.000000	92.309	-5.4012
12200.000000	92.359	-4.8055
12410.000000	92.619	-4.4696
12500.000000	92.802	-4.6231
12650.000000	93.199	-5.4366
12800.000000	93.708	-7.1839
13150.000000	95.161	-16.9128
13200.000000	95.361	-19.1264
13400.000000	95.980	-30.1871
13600.000000	96.080	-43.9780
13800.000000	95.499	-58.3572
14000.000000	94.368	-70.9449
14300.000000	92.368	-83.9595
14500.000000	91.073	-88.9456
14750.000000	89.539	-92.3785
15000.000000	88.185	-93.9548
15250.000000	87.025	-94.6191
15500.000000	86.052	-94.9156
15750.000000	85.201	-95.3119
16000.000000	84.482	-96.0819
16250.000000	83.965	-97.2103
16500.000000	84.113	-99.4292
16750.000000	85.175	-105.5383
17000.000000	86.702	-116.2592
17250.000000	88.346	-133.3843
17500.000000	89.369	-158.1199
17750.000000	89.000	172.8854
18000.000000	87.171	145.7979
18250.000000	84.515	124.1718
18500.000000	81.761	107.4526
18750.000000	79.316	93.2529
19000.000000	77.231	79.4124
19250.000000	75.409	64.5234
19500.000000	73.692	47.8235
19750.000000	72.017	29.4359
20000.000000	70.830	12.6908
