* Measurement data measured by REW V5.31
* Source: Input device not selected, no input selected, L, volume: no control. Timing signal peak level -35.1 dBFS, measurement signal peak level -34.6 dBFS
* Format: 1M Log Swept Sine, 1 sweep at 0.0 dBFS using an acoustic timing reference
* Dated: 07-May-2024 05:01:34
* REW Settings:
*  C-weighting compensation: Off
*  Target level: 75.0 dB
* Note: ; Delay -0.0856 ms (-29 mm, -1.16 in) using estimated IR delay relative to Acoustic reference played from  L with no timing offset
* Measurement: IE600Kinera L1
* Smoothing: 1/24 octave
* Frequency Step: 1/96 octave
* Start Frequency: 20.000 Hz
*
* Freq(Hz)	SPL(dB)	Phase(degrees)
20.000000	110.176	-142.6592
20.144928	109.926	-143.2189
20.290907	109.670	-143.2391
20.437943	109.440	-142.7213
20.586044	109.271	-141.7372
20.735220	109.186	-140.4194
20.885475	109.198	-139.0113
21.036821	109.308	-137.7498
21.189262	109.493	-136.8319
21.342808	109.721	-136.4014
21.497467	109.965	-136.4843
21.653246	110.193	-137.0415
21.810154	110.385	-137.9988
21.968201	110.527	-139.2299
22.127390	110.613	-140.6147
22.287735	110.643	-142.0394
22.449242	110.623	-143.3851
22.611917	110.564	-144.5768
22.775772	110.480	-145.5490
22.940815	110.386	-146.2750
23.107054	110.299	-146.7711
23.274498	110.232	-147.0772
23.443153	110.192	-147.2715
23.613033	110.182	-147.4384
23.784142	110.197	-147.6517
23.956491	110.229	-147.9709
24.130091	110.267	-148.4159
24.304947	110.300	-148.9823
24.481071	110.323	-149.6411
24.658470	110.329	-150.3458
24.837156	110.319	-151.0522
25.017136	110.295	-151.7139
25.198421	110.262	-152.3022
25.381020	110.226	-152.8000
25.564941	110.193	-153.2068
25.750195	110.167	-153.5370
25.936790	110.152	-153.8115
26.124741	110.148	-154.0579
26.314051	110.155	-154.3004
26.504732	110.173	-154.5617
26.696796	110.198	-154.8583
26.890253	110.228	-155.2033
27.085112	110.260	-155.6039
27.281382	110.292	-156.0632
27.479073	110.319	-156.5770
27.678198	110.339	-157.1343
27.878765	110.348	-157.7140
28.080786	110.344	-158.2901
28.284271	110.329	-158.8306
28.489231	110.305	-159.3091
28.695675	110.277	-159.7073
28.903616	110.252	-160.0262
29.113064	110.235	-160.2872
29.324028	110.232	-160.5296
29.536524	110.241	-160.8014
29.750557	110.259	-161.1468
29.966141	110.278	-161.5895
30.183289	110.289	-162.1255
30.402010	110.284	-162.7223
30.622314	110.260	-163.3247
30.844217	110.218	-163.8699
31.067726	110.165	-164.3077
31.292856	110.114	-164.6140
31.519617	110.075	-164.8072
31.748020	110.060	-164.9443
31.978081	110.071	-165.1119
32.209808	110.104	-165.3905
32.443211	110.147	-165.8380
32.678310	110.184	-166.4610
32.915108	110.203	-167.2204
33.153625	110.193	-168.0332
33.393871	110.156	-168.8018
33.635857	110.096	-169.4336
33.879597	110.029	-169.8617
34.125103	109.972	-170.0726
34.372387	109.942	-170.1077
34.621464	109.950	-170.0647
34.872345	110.000	-170.0625
35.125042	110.083	-170.2131
35.379574	110.184	-170.5967
35.635948	110.285	-171.2393
35.894180	110.370	-172.1199
36.154285	110.424	-173.1786
36.416275	110.439	-174.3297
36.680161	110.411	-175.4813
36.945961	110.342	-176.5390
37.213688	110.238	-177.4155
37.483353	110.109	-178.0462
37.754974	109.970	-178.3938
38.028561	109.835	-178.4564
38.304131	109.719	-178.2744
38.581699	109.633	-177.9215
38.861279	109.580	-177.4912
39.142883	109.562	-177.0816
39.426529	109.569	-176.7747
39.712231	109.594	-176.6222
40.000000	109.624	-176.6460
40.289856	109.652	-176.8432
40.581814	109.669	-177.1931
40.875885	109.671	-177.6639
41.172089	109.654	-178.2181
41.470440	109.617	-178.8133
41.770950	109.560	-179.4036
42.073643	109.485	-179.9420
42.378525	109.400	179.6119
42.685616	109.311	179.2807
42.994934	109.228	179.0613
43.306492	109.160	178.9235
43.620308	109.112	178.8169
43.936401	109.081	178.6889
44.254780	109.063	178.5067
44.575470	109.051	178.2704
44.898483	109.039	178.0074
45.223835	109.028	177.7523
45.551544	109.021	177.5233
45.881630	109.023	177.3092
46.214108	109.034	177.0736
46.548996	109.049	176.7795
46.886307	109.059	176.4197
47.226067	109.055	176.0326
47.568283	109.032	175.6880
47.912983	108.998	175.4505
48.260181	108.963	175.3370
48.609894	108.940	175.3002
48.962143	108.931	175.2491
49.316940	108.929	175.1016
49.674313	108.918	174.8336
50.034271	108.886	174.4923
50.396843	108.832	174.1644
50.762039	108.765	173.9177
51.129883	108.700	173.7524
51.500389	108.651	173.5936
51.873581	108.615	173.3353
52.249481	108.583	172.9093
52.628101	108.538	172.3303
53.009464	108.470	171.6895
53.393593	108.384	171.1061
53.780506	108.292	170.6672
54.170223	108.214	170.3876
54.562763	108.165	170.2084
54.958145	108.149	170.0335
55.356396	108.159	169.7791
55.757530	108.183	169.4091
56.161572	108.207	168.9424
56.568542	108.222	168.4348
56.978462	108.226	167.9493
57.391350	108.218	167.5292
57.807232	108.201	167.1890
58.226128	108.174	166.9281
58.648056	108.134	166.7566
59.073048	108.079	166.7070
59.501114	108.015	166.8156
59.932281	107.954	167.0815
60.366577	107.907	167.4387
60.804020	107.879	167.7744
61.244629	107.865	167.9857
61.688435	107.854	168.0266
62.135452	107.836	167.9111
62.585712	107.810	167.6800
63.039234	107.778	167.3678
63.496040	107.743	166.9973
63.956161	107.706	166.5922
64.419617	107.670	166.1859
64.886421	107.639	165.8112
65.356621	107.616	165.4846
65.830215	107.602	165.2016
66.307251	107.596	164.9521
66.787743	107.589	164.7381
67.271713	107.577	164.5788
67.759193	107.555	164.4997
68.250206	107.523	164.5147
68.744774	107.482	164.6155
69.242928	107.434	164.7722
69.744690	107.379	164.9437
70.250084	107.317	165.0945
70.759148	107.249	165.2012
71.271896	107.179	165.2433
71.788361	107.113	165.1893
72.308571	107.053	165.0067
72.832550	106.999	164.6944
73.360321	106.949	164.2983
73.891922	106.907	163.8824
74.427376	106.879	163.4895
74.966705	106.867	163.1359
75.509949	106.864	162.8385
76.057121	106.865	162.6234
76.608261	106.863	162.5040
77.163399	106.852	162.4671
77.722557	106.825	162.4901
78.285767	106.774	162.5630
78.853058	106.703	162.6723
79.424461	106.619	162.7546
80.000000	106.528	162.7068
80.579712	106.430	162.4826
81.163628	106.331	162.1389
81.751770	106.259	161.7214
82.344177	106.233	161.1736
82.940880	106.247	160.4944
83.541901	106.286	159.8962
84.147285	106.359	159.6007
84.757050	106.466	159.6304
85.371231	106.574	160.0544
85.989868	106.664	161.1284
86.612984	106.763	162.9479
87.240616	106.883	165.5664
87.872803	107.078	169.5832
88.509560	107.524	174.9096
89.150940	108.268	178.5966
89.796967	108.956	177.8886
90.447670	109.172	173.7477
91.103088	108.788	169.0615
91.763260	107.990	166.0966
92.428215	107.123	165.0880
93.097992	106.419	164.6133
93.772614	105.897	163.7653
94.452133	105.539	162.6782
95.136566	105.349	161.4920
95.825966	105.286	160.2912
96.520363	105.301	159.3250
97.219788	105.363	158.7540
97.924286	105.437	158.5766
98.633881	105.496	158.7418
99.348625	105.527	159.1280
100.068542	105.518	159.5779
100.793686	105.467	159.9903
101.524078	105.384	160.3040
102.259766	105.285	160.4691
103.000778	105.191	160.4635
103.747162	105.117	160.2990
104.498962	105.073	160.0060
105.256203	105.055	159.6356
106.018929	105.047	159.2924
106.787186	105.038	159.1070
107.561012	105.025	159.1425
108.340446	105.009	159.3594
109.125526	104.990	159.6360
109.916290	104.963	159.8233
110.712791	104.921	159.8508
111.515060	104.865	159.7474
112.323143	104.805	159.5582
113.137085	104.750	159.3201
113.956924	104.707	159.0857
114.782700	104.677	158.9005
115.614464	104.656	158.7881
116.452255	104.639	158.7583
117.296112	104.617	158.7978
118.146095	104.585	158.8796
119.002228	104.543	158.9817
119.864563	104.495	159.0734
120.733154	104.445	159.1206
121.608040	104.395	159.1199
122.489258	104.350	159.0917
123.376869	104.312	159.0516
124.270905	104.278	159.0159
125.171425	104.245	159.0071
126.078468	104.209	159.0396
126.992081	104.172	159.1088
127.912323	104.132	159.1933
128.839233	104.091	159.2688
129.772842	104.050	159.3220
130.713242	104.010	159.3510
131.660431	103.971	159.3633
132.614502	103.932	159.3722
133.575485	103.894	159.3881
134.543427	103.856	159.4158
135.518387	103.816	159.4604
136.500412	103.777	159.5231
137.489548	103.739	159.5910
138.485855	103.702	159.6500
139.489380	103.666	159.7009
140.500168	103.629	159.7493
141.518295	103.591	159.7999
142.543793	103.551	159.8572
143.576721	103.511	159.9186
144.617142	103.469	159.9811
145.665100	103.427	160.0494
146.720642	103.385	160.1253
147.783844	103.343	160.2075
148.854752	103.304	160.2942
149.933411	103.265	160.3824
151.019897	103.227	160.4758
152.114243	103.190	160.5787
153.216522	103.156	160.6879
154.326797	103.123	160.7975
155.445114	103.091	160.9097
156.571533	103.061	161.0305
157.706116	103.032	161.1603
158.848923	103.003	161.2965
160.000000	102.976	161.4332
161.159424	102.949	161.5667
162.327255	102.921	161.7010
163.503540	102.893	161.8448
164.688354	102.863	161.9991
165.881760	102.832	162.1526
167.083801	102.798	162.2963
168.294571	102.762	162.4257
169.514099	102.725	162.5340
170.742462	102.685	162.6280
171.979736	102.642	162.7276
173.225967	102.598	162.8384
174.481232	102.555	162.9492
175.745605	102.515	163.0506
177.019119	102.479	163.1340
178.301880	102.446	163.1989
179.593933	102.416	163.2640
180.895340	102.390	163.3501
182.206177	102.367	163.4563
183.526520	102.346	163.5710
184.856430	102.323	163.6874
186.195984	102.299	163.7988
187.545227	102.274	163.9021
188.904266	102.248	164.0029
190.273132	102.223	164.1122
191.651932	102.198	164.2326
193.040726	102.173	164.3559
194.439575	102.145	164.4816
195.848572	102.114	164.6176
197.267761	102.080	164.7602
198.697250	102.046	164.9009
200.137085	102.009	165.0468
201.587372	101.973	165.2047
203.048157	101.936	165.3682
204.519531	101.900	165.5276
206.001556	101.863	165.6794
207.494324	101.827	165.8299
208.997925	101.793	165.9868
210.512405	101.761	166.1547
212.037857	101.731	166.3308
213.574371	101.701	166.5109
215.122025	101.670	166.6985
216.680893	101.637	166.8987
218.251053	101.603	167.1118
219.832581	101.568	167.3364
221.425583	101.532	167.5667
223.030121	101.496	167.7968
224.646286	101.461	168.0215
226.274170	101.428	168.2345
227.913849	101.394	168.4396
229.565399	101.360	168.6458
231.228928	101.325	168.8603
232.904510	101.289	169.0912
234.592224	101.252	169.3482
236.292191	101.216	169.6382
238.004456	101.184	169.9448
239.729126	101.156	170.2458
241.466309	101.131	170.5486
243.216080	101.108	170.8704
244.978516	101.090	171.2154
246.753738	101.077	171.5793
248.541809	101.067	171.9583
250.342850	101.060	172.3380
252.156937	101.056	172.6887
253.984161	101.057	172.9954
255.824646	101.059	173.2679
257.678467	101.062	173.5238
259.545685	101.065	173.7563
261.426483	101.066	173.9682
263.320862	101.064	174.1721
265.229004	101.061	174.3918
267.150970	101.060	174.6355
269.086853	101.061	174.8970
271.036774	101.063	175.1564
273.000824	101.068	175.3926
274.979095	101.074	175.5930
276.971710	101.083	175.7485
278.978760	101.092	175.8618
281.000336	101.097	175.9389
283.036591	101.098	175.9916
285.087585	101.094	176.0328
287.153442	101.085	176.0728
289.234283	101.072	176.1235
291.330200	101.056	176.1914
293.441284	101.038	176.2804
295.567688	101.018	176.3922
297.709503	100.997	176.5241
299.866821	100.976	176.6702
302.039795	100.956	176.8307
304.228485	100.936	177.0053
306.433044	100.917	177.1908
308.653595	100.899	177.3790
310.890228	100.882	177.5615
313.143066	100.865	177.7407
315.412231	100.847	177.9242
317.697845	100.830	178.1147
320.000000	100.812	178.3108
322.318848	100.795	178.5132
324.654510	100.780	178.7153
327.007080	100.767	178.9091
329.376709	100.755	179.0990
331.763519	100.745	179.2870
334.167603	100.735	179.4701
336.589142	100.722	179.6543
339.028198	100.707	179.8485
341.484924	100.690	-179.9505
343.959473	100.672	-179.7594
346.451935	100.652	-179.5861
348.962463	100.631	-179.4156
351.491211	100.611	-179.2300
354.038239	100.593	-179.0233
356.603760	100.575	-178.8066
359.187866	100.558	-178.5974
361.790680	100.540	-178.4001
364.412354	100.523	-178.2028
367.053040	100.504	-177.9949
369.712860	100.486	-177.7717
372.391968	100.467	-177.5350
375.090454	100.449	-177.2931
377.808533	100.431	-177.0462
380.546265	100.413	-176.7919
383.303864	100.396	-176.5355
386.081451	100.380	-176.2832
388.879150	100.363	-176.0333
391.697144	100.347	-175.7825
394.535522	100.330	-175.5288
397.394501	100.313	-175.2650
400.274170	100.297	-174.9886
403.174744	100.281	-174.7072
406.096313	100.267	-174.4275
409.039062	100.254	-174.1510
412.003113	100.240	-173.8809
414.988647	100.226	-173.6151
417.995850	100.212	-173.3446
421.024811	100.197	-173.0663
424.075714	100.184	-172.7823
427.148743	100.171	-172.4977
430.244049	100.159	-172.2192
433.361786	100.147	-171.9447
436.502106	100.135	-171.6648
439.665161	100.123	-171.3761
442.851166	100.112	-171.0811
446.060242	100.102	-170.7808
449.292572	100.092	-170.4730
452.548340	100.082	-170.1575
455.827698	100.072	-169.8411
459.130798	100.061	-169.5318
462.457855	100.051	-169.2302
465.809021	100.040	-168.9270
469.184448	100.031	-168.6157
472.584381	100.024	-168.3050
476.008911	100.018	-168.0022
479.458252	100.012	-167.7006
482.932617	100.005	-167.3929
486.432159	99.998	-167.0792
489.957031	99.990	-166.7626
493.507477	99.982	-166.4436
497.083618	99.975	-166.1209
500.685699	99.968	-165.7944
504.313873	99.962	-165.4676
507.968323	99.956	-165.1420
511.649292	99.950	-164.8191
515.356934	99.944	-164.4984
519.091370	99.938	-164.1774
522.852966	99.933	-163.8502
526.641724	99.929	-163.5125
530.458008	99.925	-163.1682
534.301941	99.921	-162.8233
538.173706	99.918	-162.4789
542.073547	99.914	-162.1324
546.001648	99.910	-161.7827
549.958191	99.907	-161.4348
553.943420	99.903	-161.0910
557.957520	99.900	-160.7468
562.000671	99.897	-160.3966
566.073181	99.894	-160.0402
570.175171	99.891	-159.6796
574.306885	99.889	-159.3177
578.468567	99.888	-158.9542
582.660400	99.888	-158.5872
586.882568	99.887	-158.2164
591.135376	99.886	-157.8441
595.419006	99.885	-157.4718
599.733643	99.883	-157.0965
604.079590	99.882	-156.7123
608.456970	99.881	-156.3186
612.866089	99.883	-155.9224
617.307190	99.885	-155.5304
621.780457	99.888	-155.1404
626.286133	99.890	-154.7487
630.824463	99.893	-154.3528
635.395691	99.896	-153.9512
640.000000	99.900	-153.5478
644.637695	99.903	-153.1407
649.309021	99.907	-152.7258
654.014160	99.911	-152.3052
658.753418	99.916	-151.8842
663.527039	99.923	-151.4641
668.335205	99.930	-151.0420
673.178284	99.937	-150.6156
678.056396	99.945	-150.1864
682.969849	99.952	-149.7565
687.918945	99.960	-149.3278
692.903870	99.967	-148.8973
697.924927	99.974	-148.4567
702.982422	99.982	-148.0053
708.076477	99.992	-147.5531
713.207520	100.002	-147.1039
718.375732	100.013	-146.6500
723.581360	100.025	-146.1876
728.824707	100.036	-145.7241
734.106079	100.048	-145.2648
739.425720	100.061	-144.8043
744.783936	100.075	-144.3362
750.180908	100.090	-143.8622
755.617065	100.107	-143.3834
761.092529	100.125	-142.8972
766.607727	100.143	-142.4087
772.162903	100.162	-141.9225
777.758301	100.181	-141.4327
783.394287	100.201	-140.9339
789.071045	100.221	-140.4280
794.789001	100.242	-139.9250
800.548340	100.265	-139.4285
806.349487	100.289	-138.9315
812.192627	100.314	-138.4312
818.078125	100.339	-137.9282
824.006226	100.366	-137.4207
829.977295	100.393	-136.9037
835.991699	100.421	-136.3784
842.049622	100.450	-135.8516
848.151428	100.481	-135.3308
854.297485	100.513	-134.8164
860.488098	100.547	-134.3006
866.723572	100.581	-133.7785
873.004211	100.616	-133.2543
879.330322	100.652	-132.7345
885.702332	100.688	-132.2176
892.120483	100.726	-131.6952
898.585144	100.766	-131.1666
905.096680	100.807	-130.6407
911.655396	100.850	-130.1225
918.261597	100.894	-129.6098
924.915710	100.940	-129.1002
931.618042	100.988	-128.5947
938.368896	101.035	-128.0962
945.168762	101.077	-127.6062
952.017822	101.114	-127.1224
958.916504	101.147	-126.6398
965.865234	101.181	-126.1557
972.864319	101.220	-125.6760
979.914062	101.270	-125.2090
987.014954	101.330	-124.7604
994.167236	101.397	-124.3273
1001.371399	101.468	-123.9013
1008.627747	101.539	-123.4804
1015.936646	101.609	-123.0668
1023.298584	101.678	-122.6628
1030.713867	101.745	-122.2737
1038.182739	101.811	-121.9034
1045.705933	101.874	-121.5505
1053.283447	101.937	-121.2131
1060.916016	101.998	-120.8898
1068.603882	102.058	-120.5837
1076.347412	102.115	-120.2953
1084.147095	102.168	-120.0174
1092.003296	102.219	-119.7478
1099.916382	102.265	-119.4910
1107.886841	102.308	-119.2425
1115.915039	102.348	-118.9933
1124.001343	102.385	-118.7363
1132.146362	102.419	-118.4634
1140.350342	102.450	-118.1656
1148.613770	102.480	-117.8395
1156.937134	102.510	-117.4858
1165.320801	102.540	-117.1083
1173.765137	102.574	-116.7153
1182.270752	102.611	-116.3152
1190.838013	102.652	-115.9141
1199.467285	102.696	-115.5170
1208.159180	102.742	-115.1276
1216.913940	102.791	-114.7480
1225.732178	102.842	-114.3784
1234.614380	102.896	-114.0179
1243.560913	102.951	-113.6660
1252.572266	103.008	-113.3253
1261.648926	103.065	-112.9984
1270.791382	103.122	-112.6835
1280.000000	103.180	-112.3770
1289.275391	103.239	-112.0779
1298.618042	103.298	-111.7839
1308.028320	103.358	-111.4921
1317.506836	103.417	-111.2017
1327.054077	103.475	-110.9142
1336.670410	103.532	-110.6311
1346.356567	103.589	-110.3526
1356.112793	103.646	-110.0787
1365.939697	103.704	-109.8086
1375.837891	103.763	-109.5379
1385.807739	103.821	-109.2656
1395.849854	103.879	-108.9960
1405.964844	103.937	-108.7287
1416.152954	103.994	-108.4564
1426.415039	104.051	-108.1764
1436.751465	104.108	-107.8953
1447.162720	104.164	-107.6199
1457.649414	104.221	-107.3463
1468.212158	104.280	-107.0663
1478.851440	104.338	-106.7828
1489.567871	104.397	-106.4999
1500.361816	104.455	-106.2205
1511.234131	104.513	-105.9454
1522.185059	104.572	-105.6713
1533.215454	104.631	-105.3967
1544.325806	104.692	-105.1220
1555.516602	104.754	-104.8473
1566.788574	104.816	-104.5710
1578.142090	104.878	-104.2942
1589.578003	104.941	-104.0196
1601.096680	105.005	-103.7486
1612.698975	105.068	-103.4789
1624.385254	105.132	-103.2090
1636.156250	105.197	-102.9423
1648.012451	105.262	-102.6797
1659.954590	105.328	-102.4209
1671.983398	105.395	-102.1666
1684.099243	105.464	-101.9198
1696.302856	105.532	-101.6802
1708.594971	105.601	-101.4421
1720.976196	105.670	-101.2017
1733.447144	105.738	-100.9616
1746.008423	105.807	-100.7302
1758.660645	105.878	-100.5109
1771.404663	105.949	-100.2973
1784.240967	106.022	-100.0865
1797.170288	106.096	-99.8819
1810.193359	106.170	-99.6856
1823.310791	106.246	-99.4994
1836.523193	106.321	-99.3250
1849.831421	106.397	-99.1594
1863.236084	106.472	-99.0008
1876.737793	106.548	-98.8506
1890.337524	106.623	-98.7116
1904.035645	106.700	-98.5833
1917.833008	106.775	-98.4636
1931.730469	106.851	-98.3536
1945.728638	106.926	-98.2541
1959.828125	107.003	-98.1652
1974.029907	107.079	-98.0935
1988.334473	107.156	-98.0391
2002.742798	107.230	-97.9926
2017.255493	107.302	-97.9494
2031.873291	107.373	-97.9162
2046.597168	107.442	-97.9013
2061.427734	107.512	-97.9021
2076.365479	107.582	-97.9141
2091.411865	107.652	-97.9378
2106.566895	107.720	-97.9729
2121.832031	107.788	-98.0185
2137.207764	107.854	-98.0748
2152.694824	107.919	-98.1455
2168.294189	107.983	-98.2335
2184.006592	108.045	-98.3368
2199.832764	108.106	-98.4536
2215.773682	108.163	-98.5861
2231.830078	108.219	-98.7385
2248.002686	108.271	-98.9088
2264.292725	108.321	-99.0921
2280.700684	108.367	-99.2860
2297.227539	108.410	-99.4874
2313.874268	108.449	-99.6947
2330.641602	108.484	-99.9077
2347.530273	108.515	-100.1237
2364.541504	108.542	-100.3406
2381.676025	108.566	-100.5581
2398.934570	108.584	-100.7734
2416.318359	108.598	-100.9818
2433.827881	108.608	-101.1804
2451.464355	108.615	-101.3685
2469.228760	108.620	-101.5444
2487.121826	108.623	-101.7056
2505.144531	108.625	-101.8525
2523.297852	108.624	-101.9850
2541.582764	108.622	-102.1061
2560.000000	108.620	-102.2273
2578.550781	108.619	-102.3628
2597.236084	108.617	-102.5175
2616.056641	108.614	-102.6908
2635.013672	108.607	-102.8835
2654.108154	108.593	-103.0897
2673.340820	108.570	-103.2913
2692.713135	108.537	-103.4753
2712.225586	108.498	-103.6438
2731.879395	108.455	-103.7992
2751.675781	108.408	-103.9330
2771.615479	108.356	-104.0391
2791.699707	108.299	-104.1148
2811.929688	108.237	-104.1589
2832.305908	108.172	-104.1703
2852.830078	108.104	-104.1477
2873.502930	108.034	-104.0921
2894.325439	107.963	-104.0048
2915.298828	107.890	-103.8864
2936.424316	107.818	-103.7376
2957.702881	107.745	-103.5593
2979.135742	107.671	-103.3545
3000.723633	107.596	-103.1259
3022.468262	107.519	-102.8753
3044.370117	107.442	-102.6048
3066.430908	107.365	-102.3135
3088.651611	107.288	-101.9987
3111.033203	107.211	-101.6600
3133.577148	107.134	-101.2949
3156.284180	107.057	-100.8994
3179.156006	106.982	-100.4752
3202.193359	106.909	-100.0230
3225.397949	106.839	-99.5392
3248.770508	106.771	-99.0217
3272.312500	106.706	-98.4710
3296.024902	106.642	-97.8884
3319.909180	106.578	-97.2755
3343.966797	106.513	-96.6313
3368.198486	106.447	-95.9528
3392.605713	106.379	-95.2383
3417.189941	106.310	-94.4875
3441.952393	106.240	-93.6985
3466.894287	106.168	-92.8709
3492.016846	106.098	-92.0096
3517.321289	106.031	-91.1231
3542.809326	105.969	-90.2218
3568.481934	105.912	-89.3176
3594.340576	105.860	-88.4166
3620.386719	105.814	-87.5195
3646.621582	105.773	-86.6286
3673.046387	105.736	-85.7460
3699.662842	105.703	-84.8625
3726.472168	105.672	-83.9682
3753.475586	105.645	-83.0623
3780.675049	105.623	-82.1422
3808.071289	105.605	-81.1995
3835.666016	105.589	-80.2321
3863.460938	105.574	-79.2441
3891.457275	105.562	-78.2369
3919.656250	105.552	-77.2089
3948.059814	105.545	-76.1609
3976.668945	105.535	-75.0983
4005.485596	105.519	-74.0163
4034.510986	105.493	-72.9077
4063.746582	105.462	-71.7835
4093.194336	105.430	-70.6544
4122.855469	105.400	-69.5176
4152.730957	105.369	-68.3701
4182.823730	105.338	-67.2105
4213.133789	105.309	-66.0401
4243.664062	105.283	-64.8604
4274.415527	105.263	-63.6725
4305.389648	105.248	-62.4765
4336.588379	105.238	-61.2745
4368.013184	105.235	-60.0685
4399.665527	105.237	-58.8592
4431.547363	105.244	-57.6484
4463.660156	105.258	-56.4363
4496.005371	105.278	-55.2206
4528.585449	105.304	-54.0035
4561.401367	105.335	-52.7893
4594.455078	105.372	-51.5785
4627.748535	105.416	-50.3692
4661.283203	105.467	-49.1625
4695.060547	105.524	-47.9646
4729.083008	105.588	-46.7825
4763.352051	105.659	-45.6211
4797.869141	105.736	-44.4802
4832.636719	105.817	-43.3542
4867.655762	105.904	-42.2490
4902.928711	105.998	-41.1742
4938.457520	106.099	-40.1313
4974.243652	106.205	-39.1224
5010.289062	106.317	-38.1515
5046.595703	106.431	-37.2224
5083.165527	106.548	-36.3422
5120.000000	106.666	-35.5187
5157.101562	106.781	-34.7553
5194.472168	106.894	-34.0573
5232.113281	107.002	-33.4347
5270.027344	107.104	-32.8912
5308.216309	107.198	-32.4252
5346.681641	107.279	-32.0303
5385.426270	107.346	-31.6974
5424.451172	107.397	-31.4183
5463.758789	107.431	-31.1792
5503.351562	107.446	-30.9588
5543.230957	107.439	-30.7254
5583.399414	107.410	-30.4380
5623.859375	107.356	-30.0519
5664.611816	107.281	-29.5160
5705.660156	107.187	-28.7704
5747.005859	107.079	-27.7518
5788.650879	106.967	-26.4018
5830.597656	106.866	-24.6725
5872.848633	106.794	-22.5419
5915.405762	106.772	-20.0277
5958.271484	106.817	-17.1957
6001.447266	106.947	-14.1604
6044.936523	107.172	-11.0783
6088.740234	107.497	-8.1443
6132.861816	107.920	-5.5592
6177.303223	108.426	-3.4975
6222.066406	108.995	-2.0971
6267.154297	109.600	-1.4519
6312.568359	110.216	-1.6141
6358.312012	110.812	-2.5955
6404.386719	111.361	-4.3623
6450.795898	111.838	-6.8340
6497.541016	112.219	-9.8883
6544.625000	112.489	-13.3654
6592.049805	112.640	-17.0803
6639.818359	112.671	-20.8451
6687.933594	112.587	-24.4881
6736.396973	112.402	-27.8683
6785.211426	112.134	-30.8846
6834.379883	111.800	-33.4774
6883.904785	111.419	-35.6237
6933.788574	111.007	-37.3286
6984.033691	110.577	-38.6168
7034.642578	110.141	-39.5264
7085.618652	109.706	-40.1063
7136.963867	109.278	-40.4118
7188.681152	108.859	-40.4970
7240.773438	108.449	-40.4067
7293.243164	108.047	-40.1737
7346.092773	107.650	-39.8201
7399.325684	107.257	-39.3610
7452.944336	106.866	-38.8078
7506.951172	106.473	-38.1714
7561.350098	106.075	-37.4594
7616.142578	105.670	-36.6736
7671.332031	105.255	-35.8098
7726.921875	104.826	-34.8514
7782.914551	104.376	-33.7663
7839.312500	103.903	-32.5025
7896.119629	103.408	-30.9872
7953.337891	102.896	-29.1312
8010.971191	102.373	-26.8290
8069.021973	101.854	-23.9768
8127.493164	101.360	-20.5156
8186.388672	100.924	-16.4515
8245.710938	100.578	-11.8785
8305.461914	100.348	-6.9868
8365.647461	100.243	-2.0292
8426.267578	100.254	2.7428
8487.328125	100.363	7.1442
8548.831055	100.541	11.0762
8610.779297	100.764	14.5127
8673.176758	101.013	17.4817
8736.026367	101.272	20.0412
8799.331055	101.534	22.2493
8863.094727	101.792	24.1588
8927.320312	102.042	25.8162
8992.010742	102.282	27.2594
9057.170898	102.512	28.5208
9122.802734	102.731	29.6194
9188.910156	102.940	30.5640
9255.497070	103.136	31.3601
9322.566406	103.319	32.0153
9390.121094	103.488	32.5445
9458.166016	103.644	32.9716
9526.704102	103.790	33.3154
9595.738281	103.930	33.5675
9665.273438	104.063	33.6990
9735.311523	104.187	33.6883
9805.857422	104.296	33.5391
9876.915039	104.388	33.2695
9948.487305	104.460	32.8994
10020.578125	104.512	32.4499
10093.191406	104.541	31.9410
10166.331055	104.547	31.3908
10240.000000	104.530	30.8215
10314.203125	104.489	30.2576
10388.944336	104.425	29.7234
10464.226562	104.340	29.2394
10540.054688	104.235	28.8238
10616.432617	104.112	28.4936
10693.363281	103.974	28.2654
10770.852539	103.825	28.1492
10848.902344	103.666	28.1491
10927.517578	103.499	28.2700
11006.703125	103.329	28.5137
11086.461914	103.158	28.8791
11166.798828	102.991	29.3649
11247.718750	102.831	29.9719
11329.223633	102.679	30.6985
11411.320312	102.537	31.5372
11494.011719	102.408	32.4749
11577.301758	102.293	33.4996
11661.195312	102.195	34.6022
11745.697266	102.118	35.7767
11830.811523	102.062	37.0128
11916.542969	102.029	38.2991
12002.894531	102.022	39.6284
12089.873047	102.042	40.9896
12177.480469	102.093	42.3669
12265.723633	102.178	43.7463
12354.606445	102.302	45.1164
12444.132812	102.467	46.4612
12534.308594	102.678	47.7566
12625.136719	102.939	48.9749
12716.624023	103.258	50.0837
12808.773438	103.643	51.0387
12901.591797	104.106	51.7807
12995.082031	104.659	52.2264
13089.250000	105.319	52.2511
13184.099609	106.101	51.6734
13279.636719	107.018	50.2379
13375.867188	108.067	47.5973
13472.793945	109.216	43.3282
13570.422852	110.385	37.0090
13668.759766	111.454	28.3609
13767.809570	112.271	17.4209
13867.577148	112.694	4.6906
13968.067383	112.633	-8.8512
14069.285156	112.085	-21.9930
14171.237305	111.133	-33.7066
14273.927734	109.906	-43.4106
14377.362305	108.540	-50.9795
14481.546875	107.147	-56.6118
14586.486328	105.800	-60.6740
14692.185547	104.540	-63.5701
14798.651367	103.385	-65.6588
14905.888672	102.338	-67.2236
15013.902344	101.389	-68.4715
15122.700195	100.522	-69.5500
15232.285156	99.725	-70.5663
15342.664062	98.991	-71.5946
15453.843750	98.306	-72.6936
15565.829102	97.657	-73.9193
15678.625000	97.036	-75.3146
15792.239258	96.441	-76.9062
15906.675781	95.870	-78.7106
16021.942383	95.316	-80.7358
16138.043945	94.779	-82.9809
16254.986328	94.288	-85.4519
16372.777344	93.904	-88.2133
16491.421875	93.700	-91.4756
16610.923828	93.690	-95.5324
16731.294922	93.801	-100.4391
16852.535156	93.970	-106.0037
16974.656250	94.182	-112.1314
17097.662109	94.435	-118.8790
17221.558594	94.726	-126.3418
17346.353516	95.041	-134.6008
17472.052734	95.361	-143.7276
17598.662109	95.664	-153.7626
17726.189453	95.928	-164.7092
17854.640625	96.133	-176.5454
17984.021484	96.260	170.7889
18114.341797	96.295	157.4009
18245.605469	96.231	143.4300
18377.820312	96.071	128.9889
18510.994141	95.829	114.1417
18645.132812	95.528	98.9192
18780.242188	95.200	83.3122
18916.332031	94.885	67.2589
19053.408203	94.626	50.6568
19191.476562	94.443	33.3867
19330.546875	94.328	15.3004
19470.623047	94.241	-3.7665
19611.714844	94.136	-23.8906
19753.830078	93.992	-44.6934
19896.974609	93.843	-63.9799
