* Measurement data measured by REW V5.31
* Source: Input device not selected, no input selected, L, volume: no control. Timing signal peak level -35.8 dBFS, measurement signal peak level -35.6 dBFS
* Format: 1M Log Swept Sine, 1 sweep at 0.0 dBFS using an acoustic timing reference
* Dated: 07-May-2024 05:16:22
* REW Settings:
*  C-weighting compensation: Off
*  Target level: 75.0 dB
* Note: ; Delay -0.0852 ms (-29 mm, -1.15 in) using estimated IR delay relative to Acoustic reference played from  R with no timing offset
* Measurement: IE600Kinera R5
* Smoothing: 1/24 octave
* Frequency Step: 1/96 octave
* Start Frequency: 20.000 Hz
*
* Freq(Hz)	SPL(dB)	Phase(degrees)
20.000000	112.647	-145.8001
20.144928	112.660	-146.3483
20.290907	112.670	-146.8947
20.437943	112.676	-147.4337
20.586044	112.679	-147.9597
20.735220	112.681	-148.4698
20.885475	112.682	-148.9624
21.036821	112.682	-149.4375
21.189262	112.683	-149.8972
21.342808	112.685	-150.3445
21.497467	112.687	-150.7827
21.653246	112.691	-151.2158
21.810154	112.695	-151.6467
21.968201	112.701	-152.0773
22.127390	112.706	-152.5088
22.287735	112.711	-152.9407
22.449242	112.715	-153.3713
22.611917	112.719	-153.7990
22.775772	112.722	-154.2210
22.940815	112.725	-154.6358
23.107054	112.728	-155.0422
23.274498	112.730	-155.4400
23.443153	112.734	-155.8308
23.613033	112.739	-156.2167
23.784142	112.745	-156.6009
23.956491	112.752	-156.9870
24.130091	112.759	-157.3781
24.304947	112.768	-157.7769
24.481071	112.776	-158.1844
24.658470	112.783	-158.6007
24.837156	112.789	-159.0246
25.017136	112.794	-159.4538
25.198421	112.797	-159.8860
25.381020	112.798	-160.3186
25.564941	112.798	-160.7502
25.750195	112.797	-161.1804
25.936790	112.795	-161.6102
26.124741	112.793	-162.0421
26.314051	112.790	-162.4787
26.504732	112.786	-162.9230
26.696796	112.781	-163.3763
26.890253	112.773	-163.8381
27.085112	112.763	-164.3053
27.281382	112.748	-164.7720
27.479073	112.730	-165.2305
27.678198	112.708	-165.6722
27.878765	112.683	-166.0896
28.080786	112.658	-166.4779
28.284271	112.634	-166.8368
28.489231	112.613	-167.1709
28.695675	112.596	-167.4905
28.903616	112.584	-167.8080
29.113064	112.578	-168.1373
29.324028	112.575	-168.4888
29.536524	112.574	-168.8686
29.750557	112.572	-169.2753
29.966141	112.569	-169.7027
30.183289	112.563	-170.1397
30.402010	112.554	-170.5762
30.622314	112.545	-171.0046
30.844217	112.536	-171.4243
31.067726	112.529	-171.8404
31.292856	112.523	-172.2636
31.519617	112.519	-172.7032
31.748020	112.515	-173.1642
31.978081	112.506	-173.6414
32.209808	112.491	-174.1197
32.443211	112.469	-174.5752
32.678310	112.442	-174.9837
32.915108	112.413	-175.3284
33.153625	112.387	-175.6069
33.393871	112.370	-175.8356
33.635857	112.363	-176.0449
33.879597	112.366	-176.2723
34.125103	112.375	-176.5441
34.372387	112.384	-176.8677
34.621464	112.385	-177.2247
34.872345	112.377	-177.5790
35.125042	112.362	-177.8904
35.379574	112.345	-178.1312
35.635948	112.335	-178.3068
35.894180	112.340	-178.4566
36.154285	112.362	-178.6489
36.416275	112.396	-178.9540
36.680161	112.431	-179.4135
36.945961	112.452	179.9745
37.213688	112.446	179.2642
37.483353	112.409	178.5435
37.754974	112.343	177.9063
38.028561	112.259	177.4283
38.304131	112.173	177.1345
38.581699	112.100	176.9900
38.861279	112.048	176.9173
39.142883	112.018	176.8232
39.426529	112.000	176.6411
39.712231	111.981	176.3572
40.000000	111.952	176.0048
40.289856	111.910	175.6432
40.581814	111.859	175.3289
40.875885	111.808	175.0854
41.172089	111.765	174.8970
41.470440	111.736	174.7218
41.770950	111.717	174.5133
42.073643	111.704	174.2433
42.378525	111.690	173.9139
42.685616	111.671	173.5487
42.994934	111.647	173.1754
43.306492	111.621	172.8125
43.620308	111.594	172.4631
43.936401	111.569	172.1194
44.254780	111.544	171.7730
44.575470	111.518	171.4243
44.898483	111.489	171.0822
45.223835	111.457	170.7584
45.551544	111.423	170.4601
45.881630	111.391	170.1864
46.214108	111.359	169.9297
46.548996	111.329	169.6808
46.886307	111.298	169.4339
47.226067	111.267	169.1883
47.568283	111.235	168.9464
47.912983	111.201	168.7120
48.260181	111.166	168.4878
48.609894	111.131	168.2747
48.962143	111.096	168.0702
49.316940	111.062	167.8678
49.674313	111.030	167.6581
50.034271	110.998	167.4333
50.396843	110.964	167.1933
50.762039	110.928	166.9472
51.129883	110.889	166.7095
51.500389	110.850	166.4900
51.873581	110.814	166.2842
52.249481	110.783	166.0737
52.628101	110.756	165.8361
53.009464	110.730	165.5614
53.393593	110.701	165.2607
53.780506	110.666	164.9618
54.170223	110.628	164.6925
54.562763	110.589	164.4644
54.958145	110.553	164.2676
55.356396	110.521	164.0796
55.757530	110.491	163.8825
56.161572	110.459	163.6746
56.568542	110.422	163.4694
56.978462	110.382	163.2841
57.391350	110.341	163.1267
57.807232	110.300	162.9893
58.226128	110.262	162.8530
58.648056	110.225	162.6976
59.073048	110.187	162.5127
59.501114	110.145	162.3014
59.932281	110.099	162.0774
60.366577	110.050	161.8571
60.804020	109.999	161.6497
61.244629	109.949	161.4540
61.688435	109.903	161.2632
62.135452	109.858	161.0740
62.585712	109.816	160.8924
63.039234	109.776	160.7280
63.496040	109.738	160.5847
63.956161	109.703	160.4565
64.419617	109.668	160.3357
64.886421	109.631	160.2274
65.356621	109.588	160.1519
65.830215	109.541	160.1290
66.307251	109.493	160.1564
66.787743	109.447	160.2028
67.271713	109.401	160.2295
67.759193	109.349	160.2230
68.250206	109.289	160.2091
68.744774	109.225	160.2266
69.242928	109.168	160.2789
69.744690	109.125	160.3139
70.250084	109.097	160.2683
70.759148	109.074	160.1391
71.271896	109.055	159.9933
71.788361	109.046	159.8895
72.308571	109.061	159.7980
72.832550	109.094	159.6337
73.360321	109.128	159.3709
73.891922	109.148	159.0901
74.427376	109.154	158.8914
74.966705	109.155	158.7867
75.509949	109.153	158.7073
76.057121	109.140	158.5984
76.608261	109.107	158.4611
77.163399	109.058	158.3063
77.722557	108.998	158.1109
78.285767	108.928	157.8408
78.853058	108.853	157.4935
79.424461	108.778	157.0959
80.000000	108.712	156.6670
80.579712	108.663	156.2141
81.163628	108.629	155.7822
81.751770	108.611	155.4620
82.344177	108.613	155.3021
82.940880	108.631	155.2724
83.541901	108.645	155.3735
84.147285	108.639	155.6724
84.757050	108.612	156.1457
85.371231	108.547	156.6646
85.989868	108.414	157.2220
86.612984	108.208	157.8947
87.240616	107.940	158.5722
87.872803	107.577	159.4376
88.509560	107.135	161.7823
89.150940	106.879	166.6858
89.796967	107.111	171.5048
90.447670	107.627	172.0439
91.103088	107.956	168.4914
91.763260	107.937	163.7136
92.428215	107.734	159.7999
93.097992	107.566	157.1204
93.772614	107.495	155.2192
94.452133	107.486	153.9484
95.136566	107.523	153.3062
95.825966	107.583	153.0946
96.520363	107.630	153.1538
97.219788	107.647	153.4279
97.924286	107.632	153.8098
98.633881	107.583	154.1813
99.348625	107.508	154.4726
100.068542	107.419	154.6157
100.793686	107.327	154.5668
101.524078	107.240	154.3564
102.259766	107.166	154.0627
103.000778	107.112	153.7641
103.747162	107.078	153.5208
104.498962	107.059	153.3758
105.256203	107.045	153.3491
106.018929	107.028	153.4297
106.787186	107.000	153.5888
107.561012	106.958	153.7888
108.340446	106.904	153.9831
109.125526	106.844	154.1174
109.916290	106.782	154.1382
110.712791	106.719	154.0354
111.515060	106.655	153.8727
112.323143	106.594	153.7339
113.137085	106.543	153.6545
113.956924	106.501	153.6317
114.782700	106.462	153.6634
115.614464	106.422	153.7490
116.452255	106.379	153.8746
117.296112	106.333	154.0145
118.146095	106.286	154.1378
119.002228	106.240	154.2065
119.864563	106.193	154.2025
120.733154	106.142	154.1590
121.608040	106.087	154.1359
122.489258	106.033	154.1686
123.376869	105.983	154.2535
124.270905	105.937	154.3594
125.171425	105.892	154.4575
126.078468	105.844	154.5436
126.992081	105.791	154.6342
127.912323	105.737	154.7525
128.839233	105.683	154.9117
129.772842	105.634	155.1059
130.713242	105.589	155.3219
131.660431	105.546	155.5522
132.614502	105.502	155.7985
133.575485	105.458	156.0666
134.543427	105.414	156.3586
135.518387	105.373	156.6681
136.500412	105.337	156.9869
137.489548	105.308	157.3124
138.485855	105.286	157.6435
139.489380	105.271	157.9843
140.500168	105.264	158.3378
141.518295	105.267	158.6918
142.543793	105.280	159.0252
143.576721	105.306	159.3053
144.617142	105.340	159.4948
145.665100	105.379	159.5687
146.720642	105.415	159.5223
147.783844	105.443	159.3793
148.854752	105.459	159.1727
149.933411	105.463	158.9248
151.019897	105.456	158.6513
152.114243	105.438	158.3696
153.216522	105.411	158.1033
154.326797	105.378	157.8766
155.445114	105.343	157.6988
156.571533	105.307	157.5612
157.706116	105.270	157.4548
158.848923	105.232	157.3759
160.000000	105.193	157.3154
161.159424	105.153	157.2640
162.327255	105.111	157.2252
163.503540	105.068	157.2046
164.688354	105.022	157.2025
165.881760	104.973	157.2202
167.083801	104.922	157.2555
168.294571	104.869	157.3021
169.514099	104.812	157.3575
170.742462	104.753	157.4203
171.979736	104.690	157.4908
173.225967	104.627	157.5720
174.481232	104.567	157.6566
175.745605	104.511	157.7336
177.019119	104.459	157.8036
178.301880	104.410	157.8814
179.593933	104.365	157.9800
180.895340	104.324	158.0969
182.206177	104.288	158.2189
183.526520	104.255	158.3367
184.856430	104.224	158.4481
186.195984	104.192	158.5558
187.545227	104.161	158.6669
188.904266	104.129	158.7870
190.273132	104.098	158.9141
191.651932	104.065	159.0438
193.040726	104.031	159.1781
194.439575	103.996	159.3217
195.848572	103.959	159.4741
197.267761	103.921	159.6352
198.697250	103.882	159.8080
200.137085	103.842	159.9920
201.587372	103.803	160.1821
203.048157	103.763	160.3723
204.519531	103.725	160.5587
206.001556	103.688	160.7431
207.494324	103.654	160.9341
208.997925	103.623	161.1386
210.512405	103.594	161.3567
212.037857	103.567	161.5832
213.574371	103.540	161.8068
215.122025	103.513	162.0166
216.680893	103.487	162.2074
218.251053	103.462	162.3805
219.832581	103.439	162.5454
221.425583	103.417	162.7098
223.030121	103.394	162.8661
224.646286	103.370	163.0041
226.274170	103.344	163.1270
227.913849	103.316	163.2442
229.565399	103.287	163.3602
231.228928	103.258	163.4792
232.904510	103.228	163.6057
234.592224	103.197	163.7399
236.292191	103.164	163.8829
238.004456	103.132	164.0384
239.729126	103.101	164.2063
241.466309	103.070	164.3771
243.216080	103.039	164.5440
244.978516	103.008	164.7072
246.753738	102.976	164.8671
248.541809	102.944	165.0260
250.342850	102.912	165.1879
252.156937	102.881	165.3578
253.984161	102.849	165.5399
255.824646	102.818	165.7326
257.678467	102.787	165.9295
259.545685	102.755	166.1265
261.426483	102.723	166.3220
263.320862	102.690	166.5177
265.229004	102.656	166.7167
267.150970	102.623	166.9207
269.086853	102.591	167.1313
271.036774	102.558	167.3471
273.000824	102.526	167.5678
274.979095	102.493	167.7947
276.971710	102.460	168.0267
278.978760	102.427	168.2614
281.000336	102.394	168.4969
283.036591	102.360	168.7354
285.087585	102.326	168.9844
287.153442	102.292	169.2472
289.234283	102.258	169.5227
291.330200	102.225	169.8120
293.441284	102.191	170.1166
295.567688	102.158	170.4369
297.709503	102.126	170.7764
299.866821	102.095	171.1442
302.039795	102.066	171.5495
304.228485	102.039	171.9920
306.433044	102.018	172.4637
308.653595	102.004	172.9552
310.890228	102.001	173.4596
313.143066	102.011	173.9599
315.412231	102.032	174.4205
317.697845	102.063	174.8051
320.000000	102.099	175.0928
322.318848	102.135	175.2801
324.654510	102.165	175.3791
327.007080	102.186	175.4080
329.376709	102.197	175.3952
331.763519	102.197	175.3774
334.167603	102.187	175.3770
336.589142	102.170	175.4020
339.028198	102.149	175.4550
341.484924	102.125	175.5391
343.959473	102.099	175.6543
346.451935	102.071	175.7938
348.962463	102.044	175.9520
351.491211	102.016	176.1228
354.038239	101.989	176.3047
356.603760	101.962	176.4989
359.187866	101.935	176.7021
361.790680	101.910	176.9126
364.412354	101.886	177.1368
367.053040	101.863	177.3771
369.712860	101.840	177.6240
372.391968	101.816	177.8712
375.090454	101.792	178.1222
377.808533	101.768	178.3775
380.546265	101.744	178.6357
383.303864	101.721	178.8983
386.081451	101.699	179.1647
388.879150	101.678	179.4305
391.697144	101.659	179.6929
394.535522	101.640	179.9571
397.394501	101.622	-179.7723
400.274170	101.604	-179.4951
403.174744	101.585	-179.2170
406.096313	101.568	-178.9441
409.039062	101.551	-178.6770
412.003113	101.535	-178.4081
414.988647	101.519	-178.1307
417.995850	101.502	-177.8445
421.024811	101.486	-177.5518
424.075714	101.469	-177.2554
427.148743	101.453	-176.9558
430.244049	101.437	-176.6521
433.361786	101.421	-176.3485
436.502106	101.406	-176.0470
439.665161	101.391	-175.7430
442.851166	101.376	-175.4364
446.060242	101.361	-175.1306
449.292572	101.346	-174.8238
452.548340	101.333	-174.5146
455.827698	101.321	-174.2050
459.130798	101.309	-173.8937
462.457855	101.297	-173.5773
465.809021	101.284	-173.2584
469.184448	101.271	-172.9387
472.584381	101.258	-172.6175
476.008911	101.246	-172.2943
479.458252	101.235	-171.9681
482.932617	101.225	-171.6411
486.432159	101.215	-171.3152
489.957031	101.206	-170.9899
493.507477	101.195	-170.6617
497.083618	101.185	-170.3295
500.685699	101.175	-169.9946
504.313873	101.164	-169.6557
507.968323	101.154	-169.3129
511.649292	101.144	-168.9675
515.356934	101.135	-168.6227
519.091370	101.127	-168.2810
522.852966	101.119	-167.9379
526.641724	101.112	-167.5909
530.458008	101.105	-167.2418
534.301941	101.098	-166.8889
538.173706	101.091	-166.5319
542.073547	101.084	-166.1744
546.001648	101.078	-165.8161
549.958191	101.071	-165.4533
553.943420	101.065	-165.0807
557.957520	101.060	-164.7001
562.000671	101.054	-164.3228
566.073181	101.049	-163.9578
570.175171	101.045	-163.5978
574.306885	101.042	-163.2307
578.468567	101.039	-162.8536
582.660400	101.035	-162.4720
586.882568	101.032	-162.0919
591.135376	101.029	-161.7118
595.419006	101.026	-161.3255
599.733643	101.023	-160.9301
604.079590	101.020	-160.5269
608.456970	101.018	-160.1210
612.866089	101.016	-159.7179
617.307190	101.015	-159.3142
621.780457	101.015	-158.9069
626.286133	101.016	-158.4978
630.824463	101.018	-158.0887
635.395691	101.020	-157.6771
640.000000	101.022	-157.2590
644.637695	101.024	-156.8353
649.309021	101.025	-156.4090
654.014160	101.027	-155.9832
658.753418	101.029	-155.5576
663.527039	101.032	-155.1306
668.335205	101.036	-154.6964
673.178284	101.040	-154.2528
678.056396	101.045	-153.8043
682.969849	101.050	-153.3549
687.918945	101.056	-152.9081
692.903870	101.063	-152.4625
697.924927	101.071	-152.0117
702.982422	101.079	-151.5530
708.076477	101.088	-151.0854
713.207520	101.096	-150.6098
718.375732	101.105	-150.1332
723.581360	101.115	-149.6601
728.824707	101.127	-149.1917
734.106079	101.138	-148.7244
739.425720	101.149	-148.2500
744.783936	101.162	-147.7623
750.180908	101.175	-147.2652
755.617065	101.190	-146.7686
761.092529	101.205	-146.2721
766.607727	101.220	-145.7701
772.162903	101.236	-145.2662
777.758301	101.253	-144.7616
783.394287	101.272	-144.2522
789.071045	101.292	-143.7395
794.789001	101.314	-143.2238
800.548340	101.337	-142.7021
806.349487	101.360	-142.1791
812.192627	101.384	-141.6588
818.078125	101.408	-141.1372
824.006226	101.433	-140.6113
829.977295	101.460	-140.0806
835.991699	101.487	-139.5452
842.049622	101.516	-139.0093
848.151428	101.546	-138.4797
854.297485	101.578	-137.9535
860.488098	101.612	-137.4222
866.723572	101.647	-136.8842
873.004211	101.682	-136.3432
879.330322	101.717	-135.8036
885.702332	101.753	-135.2660
892.120483	101.791	-134.7316
898.585144	101.830	-134.2027
905.096680	101.872	-133.6787
911.655396	101.915	-133.1599
918.261597	101.960	-132.6448
924.915710	102.006	-132.1291
931.618042	102.053	-131.6105
938.368896	102.099	-131.0947
945.168762	102.141	-130.5923
952.017822	102.178	-130.1064
958.916504	102.211	-129.6306
965.865234	102.242	-129.1595
972.864319	102.278	-128.6954
979.914062	102.324	-128.2425
987.014954	102.379	-127.8016
994.167236	102.442	-127.3722
1001.371399	102.506	-126.9558
1008.627747	102.571	-126.5495
1015.936646	102.634	-126.1481
1023.298584	102.693	-125.7528
1030.713867	102.748	-125.3614
1038.182739	102.799	-124.9652
1045.705933	102.846	-124.5557
1053.283447	102.892	-124.1320
1060.916016	102.937	-123.6966
1068.603882	102.982	-123.2540
1076.347412	103.030	-122.8070
1084.147095	103.079	-122.3520
1092.003296	103.131	-121.8886
1099.916382	103.186	-121.4244
1107.886841	103.242	-120.9664
1115.915039	103.302	-120.5199
1124.001343	103.364	-120.0924
1132.146362	103.428	-119.6889
1140.350342	103.492	-119.3070
1148.613770	103.556	-118.9415
1156.937134	103.619	-118.5887
1165.320801	103.682	-118.2487
1173.765137	103.745	-117.9269
1182.270752	103.809	-117.6250
1190.838013	103.871	-117.3350
1199.467285	103.933	-117.0502
1208.159180	103.993	-116.7680
1216.913940	104.052	-116.4904
1225.732178	104.111	-116.2234
1234.614380	104.171	-115.9707
1243.560913	104.231	-115.7284
1252.572266	104.292	-115.4896
1261.648926	104.352	-115.2489
1270.791382	104.413	-115.0062
1280.000000	104.472	-114.7680
1289.275391	104.531	-114.5368
1298.618042	104.591	-114.3105
1308.028320	104.652	-114.0916
1317.506836	104.714	-113.8804
1327.054077	104.774	-113.6706
1336.670410	104.833	-113.4548
1346.356567	104.891	-113.2324
1356.112793	104.948	-113.0075
1365.939697	105.004	-112.7855
1375.837891	105.061	-112.5686
1385.807739	105.118	-112.3533
1395.849854	105.175	-112.1366
1405.964844	105.232	-111.9178
1416.152954	105.289	-111.6964
1426.415039	105.346	-111.4727
1436.751465	105.404	-111.2455
1447.162720	105.461	-111.0152
1457.649414	105.519	-110.7849
1468.212158	105.577	-110.5606
1478.851440	105.635	-110.3455
1489.567871	105.693	-110.1314
1500.361816	105.749	-109.9093
1511.234131	105.806	-109.6776
1522.185059	105.862	-109.4407
1533.215454	105.919	-109.2087
1544.325806	105.977	-108.9851
1555.516602	106.036	-108.7629
1566.788574	106.097	-108.5389
1578.142090	106.158	-108.3192
1589.578003	106.220	-108.1036
1601.096680	106.280	-107.8854
1612.698975	106.340	-107.6609
1624.385254	106.400	-107.4330
1636.156250	106.461	-107.2116
1648.012451	106.522	-107.0007
1659.954590	106.584	-106.7932
1671.983398	106.648	-106.5853
1684.099243	106.712	-106.3790
1696.302856	106.776	-106.1778
1708.594971	106.841	-105.9818
1720.976196	106.906	-105.7886
1733.447144	106.971	-105.5995
1746.008423	107.037	-105.4184
1758.660645	107.103	-105.2463
1771.404663	107.170	-105.0801
1784.240967	107.238	-104.9155
1797.170288	107.306	-104.7516
1810.193359	107.376	-104.5927
1823.310791	107.446	-104.4466
1836.523193	107.517	-104.3134
1849.831421	107.587	-104.1857
1863.236084	107.657	-104.0603
1876.737793	107.727	-103.9416
1890.337524	107.797	-103.8351
1904.035645	107.867	-103.7412
1917.833008	107.939	-103.6579
1931.730469	108.010	-103.5845
1945.728638	108.081	-103.5210
1959.828125	108.153	-103.4686
1974.029907	108.223	-103.4290
1988.334473	108.293	-103.4009
2002.742798	108.362	-103.3820
2017.255493	108.430	-103.3738
2031.873291	108.497	-103.3796
2046.597168	108.564	-103.4005
2061.427734	108.630	-103.4357
2076.365479	108.696	-103.4854
2091.411865	108.760	-103.5492
2106.566895	108.823	-103.6255
2121.832031	108.885	-103.7137
2137.207764	108.947	-103.8142
2152.694824	109.008	-103.9322
2168.294189	109.066	-104.0697
2184.006592	109.122	-104.2190
2199.832764	109.175	-104.3743
2215.773682	109.225	-104.5391
2231.830078	109.273	-104.7199
2248.002686	109.319	-104.9169
2264.292725	109.364	-105.1257
2280.700684	109.405	-105.3443
2297.227539	109.443	-105.5707
2313.874268	109.478	-105.8038
2330.641602	109.510	-106.0441
2347.530273	109.539	-106.2927
2364.541504	109.566	-106.5530
2381.676025	109.589	-106.8289
2398.934570	109.608	-107.1103
2416.318359	109.620	-107.3852
2433.827881	109.628	-107.6561
2451.464355	109.632	-107.9330
2469.228760	109.632	-108.2133
2487.121826	109.629	-108.4896
2505.144531	109.622	-108.7625
2523.297852	109.611	-109.0302
2541.582764	109.595	-109.2888
2560.000000	109.575	-109.5389
2578.550781	109.551	-109.7821
2597.236084	109.522	-110.0160
2616.056641	109.491	-110.2386
2635.013672	109.455	-110.4516
2654.108154	109.416	-110.6532
2673.340820	109.372	-110.8372
2692.713135	109.323	-110.9994
2712.225586	109.270	-111.1425
2731.879395	109.213	-111.2691
2751.675781	109.153	-111.3764
2771.615479	109.090	-111.4617
2791.699707	109.024	-111.5253
2811.929688	108.955	-111.5670
2832.305908	108.883	-111.5833
2852.830078	108.808	-111.5719
2873.502930	108.730	-111.5320
2894.325439	108.649	-111.4645
2915.298828	108.567	-111.3722
2936.424316	108.484	-111.2564
2957.702881	108.401	-111.1172
2979.135742	108.317	-110.9569
3000.723633	108.230	-110.7674
3022.468262	108.140	-110.5388
3044.370117	108.047	-110.2771
3066.430908	107.954	-109.9941
3088.651611	107.860	-109.6884
3111.033203	107.768	-109.3548
3133.577148	107.677	-108.9942
3156.284180	107.588	-108.6075
3179.156006	107.502	-108.1924
3202.193359	107.419	-107.7459
3225.397949	107.337	-107.2675
3248.770508	107.258	-106.7605
3272.312500	107.180	-106.2263
3296.024902	107.104	-105.6620
3319.909180	107.028	-105.0657
3343.966797	106.952	-104.4386
3368.198486	106.875	-103.7814
3392.605713	106.796	-103.0975
3417.189941	106.716	-102.3874
3441.952393	106.632	-101.6382
3466.894287	106.543	-100.8466
3492.016846	106.453	-100.0253
3517.321289	106.367	-99.1794
3542.809326	106.285	-98.3087
3568.481934	106.209	-97.4228
3594.340576	106.139	-96.5305
3620.386719	106.075	-95.6360
3646.621582	106.017	-94.7468
3673.046387	105.966	-93.8691
3699.662842	105.919	-92.9956
3726.472168	105.874	-92.1199
3753.475586	105.832	-91.2472
3780.675049	105.794	-90.3768
3808.071289	105.758	-89.4998
3835.666016	105.723	-88.6089
3863.460938	105.688	-87.6981
3891.457275	105.651	-86.7617
3919.656250	105.614	-85.7961
3948.059814	105.575	-84.8050
3976.668945	105.534	-83.7932
4005.485596	105.486	-82.7570
4034.510986	105.431	-81.6925
4063.746582	105.371	-80.6040
4093.194336	105.308	-79.4979
4122.855469	105.243	-78.3786
4152.730957	105.178	-77.2475
4182.823730	105.113	-76.1037
4213.133789	105.049	-74.9484
4243.664062	104.988	-73.7841
4274.415527	104.931	-72.6120
4305.389648	104.877	-71.4328
4336.588379	104.829	-70.2486
4368.013184	104.784	-69.0574
4399.665527	104.743	-67.8576
4431.547363	104.705	-66.6545
4463.660156	104.672	-65.4495
4496.005371	104.644	-64.2393
4528.585449	104.619	-63.0233
4561.401367	104.598	-61.8069
4594.455078	104.579	-60.5920
4627.748535	104.563	-59.3779
4661.283203	104.550	-58.1667
4695.060547	104.539	-56.9568
4729.083008	104.530	-55.7475
4763.352051	104.522	-54.5420
4797.869141	104.516	-53.3404
4832.636719	104.510	-52.1390
4867.655762	104.503	-50.9392
4902.928711	104.497	-49.7401
4938.457520	104.491	-48.5387
4974.243652	104.483	-47.3326
5010.289062	104.472	-46.1174
5046.595703	104.455	-44.8852
5083.165527	104.432	-43.6241
5120.000000	104.401	-42.3236
5157.101562	104.360	-40.9753
5194.472168	104.311	-39.5642
5232.113281	104.253	-38.0676
5270.027344	104.188	-36.4653
5308.216309	104.118	-34.7423
5346.681641	104.046	-32.8797
5385.426270	103.977	-30.8598
5424.451172	103.917	-28.6771
5463.758789	103.871	-26.3428
5503.351562	103.846	-23.8759
5543.230957	103.844	-21.2857
5583.399414	103.871	-18.5770
5623.859375	103.933	-15.7776
5664.611816	104.033	-12.9308
5705.660156	104.173	-10.0809
5747.005859	104.349	-7.2674
5788.650879	104.559	-4.5218
5830.597656	104.800	-1.8694
5872.848633	105.070	0.6697
5915.405762	105.367	3.0779
5958.271484	105.684	5.3396
6001.447266	106.017	7.4531
6044.936523	106.359	9.4291
6088.740234	106.713	11.2608
6132.861816	107.080	12.9373
6177.303223	107.460	14.4572
6222.066406	107.853	15.8184
6267.154297	108.257	17.0149
6312.568359	108.672	18.0376
6358.312012	109.098	18.8741
6404.386719	109.533	19.5100
6450.795898	109.977	19.9280
6497.541016	110.428	20.1058
6544.625000	110.883	20.0215
6592.049805	111.340	19.6543
6639.818359	111.793	18.9782
6687.933594	112.238	17.9688
6736.396973	112.666	16.6065
6785.211426	113.069	14.8795
6834.379883	113.437	12.7904
6883.904785	113.758	10.3599
6933.788574	114.021	7.6269
6984.033691	114.217	4.6518
7034.642578	114.338	1.5142
7085.618652	114.381	-1.6941
7136.963867	114.345	-4.8807
7188.681152	114.234	-7.9623
7240.773438	114.054	-10.8688
7293.243164	113.812	-13.5444
7346.092773	113.517	-15.9437
7399.325684	113.178	-18.0324
7452.944336	112.803	-19.7893
7506.951172	112.401	-21.2109
7561.350098	111.979	-22.3067
7616.142578	111.545	-23.0938
7671.332031	111.104	-23.5935
7726.921875	110.661	-23.8290
7782.914551	110.218	-23.8240
7839.312500	109.775	-23.5992
7896.119629	109.335	-23.1662
7953.337891	108.899	-22.5261
8010.971191	108.468	-21.6688
8069.021973	108.043	-20.5746
8127.493164	107.627	-19.2180
8186.388672	107.225	-17.5668
8245.710938	106.846	-15.5882
8305.461914	106.503	-13.2679
8365.647461	106.210	-10.6281
8426.267578	105.982	-7.7401
8487.328125	105.830	-4.7257
8548.831055	105.757	-1.7388
8610.779297	105.756	1.0699
8673.176758	105.814	3.5871
8736.026367	105.911	5.7568
8799.331055	106.032	7.5744
8863.094727	106.163	9.0707
8927.320312	106.293	10.2917
8992.010742	106.418	11.2840
9057.170898	106.534	12.0872
9122.802734	106.641	12.7292
9188.910156	106.736	13.2298
9255.497070	106.819	13.6055
9322.566406	106.888	13.8703
9390.121094	106.945	14.0366
9458.166016	106.994	14.1121
9526.704102	107.037	14.0895
9595.738281	107.073	13.9506
9665.273438	107.098	13.6848
9735.311523	107.110	13.2944
9805.857422	107.108	12.7898
9876.915039	107.088	12.1813
9948.487305	107.049	11.4806
10020.578125	106.988	10.7042
10093.191406	106.903	9.8713
10166.331055	106.794	9.0015
10240.000000	106.659	8.1157
10314.203125	106.499	7.2356
10388.944336	106.314	6.3849
10464.226562	106.106	5.5857
10540.054688	105.874	4.8587
10616.432617	105.622	4.2233
10693.363281	105.350	3.6957
10770.852539	105.062	3.2894
10848.902344	104.762	3.0137
10927.517578	104.451	2.8742
11006.703125	104.134	2.8735
11086.461914	103.811	3.0109
11166.798828	103.488	3.2834
11247.718750	103.166	3.6901
11329.223633	102.849	4.2273
11411.320312	102.538	4.8857
11494.011719	102.235	5.6592
11577.301758	101.940	6.5412
11661.195312	101.655	7.5233
11745.697266	101.383	8.5974
11830.811523	101.124	9.7503
11916.542969	100.882	10.9704
12002.894531	100.653	12.2554
12089.873047	100.440	13.6041
12177.480469	100.244	15.0078
12265.723633	100.067	16.4527
12354.606445	99.909	17.9261
12444.132812	99.772	19.4214
12534.308594	99.656	20.9370
12625.136719	99.562	22.4685
12716.624023	99.491	24.0070
12808.773438	99.444	25.5407
12901.591797	99.422	27.0569
12995.082031	99.427	28.5463
13089.250000	99.460	29.9987
13184.099609	99.523	31.3981
13279.636719	99.617	32.7279
13375.867188	99.745	33.9752
13472.793945	99.910	35.1274
13570.422852	100.115	36.1689
13668.759766	100.368	37.0757
13767.809570	100.680	37.8141
13867.577148	101.072	38.3489
13968.067383	101.568	38.6405
14069.285156	102.186	38.6364
14171.237305	102.927	38.2666
14273.927734	103.779	37.4281
14377.362305	104.736	35.9540
14481.546875	105.791	33.5998
14586.486328	106.938	30.0412
14692.185547	108.150	24.8944
14798.651367	109.366	17.7785
14905.888672	110.477	8.4283
15013.902344	111.343	-3.1549
15122.700195	111.825	-16.5640
15232.285156	111.823	-30.9536
15342.664062	111.307	-45.2082
15453.843750	110.332	-58.2838
15565.829102	109.016	-69.5142
15678.625000	107.517	-78.7729
15792.239258	105.993	-86.4840
15906.675781	104.520	-93.2031
16021.942383	103.093	-99.1576
16138.043945	101.706	-104.4578
16254.986328	100.382	-109.2952
16372.777344	99.164	-113.8958
16491.421875	98.103	-118.4594
16610.923828	97.238	-123.1396
16731.294922	96.567	-128.0565
16852.535156	96.050	-133.3116
16974.656250	95.643	-138.9911
17097.662109	95.318	-145.1670
17221.558594	95.056	-151.9049
17346.353516	94.843	-159.2581
17472.052734	94.670	-167.2701
17598.662109	94.526	-175.9920
17726.189453	94.403	174.5100
17854.640625	94.289	164.1906
17984.021484	94.174	153.0378
18114.341797	94.044	141.0449
18245.605469	93.889	128.2016
18377.820312	93.698	114.5416
18510.994141	93.462	100.1292
18645.132812	93.181	85.0033
18780.242188	92.861	69.1851
18916.332031	92.520	52.7062
19053.408203	92.185	35.5981
19191.476562	91.871	17.8657
19330.546875	91.570	-0.5533
19470.623047	91.250	-19.7413
19611.714844	90.872	-39.6559
19753.830078	90.423	-59.8048
19896.974609	89.972	-78.1346
