* Measurement data measured by REW V5.31
* Source: Input device not selected, no input selected, L, volume: 0.250. Timing signal peak level -41.6 dBFS, measurement signal peak level -40.7 dBFS
* Format: 1M Log Swept Sine, 1 sweep at -12.0 dBFS using an acoustic timing reference
* Dated: 09-Apr-2024 22:34:38
* REW Settings:
*  C-weighting compensation: Off
*  Target level: 75.0 dB
* Note: ; Delay -0.0884 ms (-30 mm, -1.19 in) using estimated IR delay relative to Acoustic reference played from  R with no timing offset Clock adjustment: -27.9 ppm
* Measurement: IE600Sil R1
* Smoothing: 1/24 octave
* Frequency Step: 1/48 octave
* Start Frequency: 20.000 Hz
*
* Freq(Hz)	SPL(dB)	Phase(degrees)
20.000000	99.103	-151.8986
20.299999	99.175	-152.5336
20.600000	99.214	-153.4631
20.900000	99.195	-154.5117
21.200001	99.119	-155.4455
21.400000	99.049	-155.9100
21.799999	98.915	-156.3882
22.000000	98.871	-156.4541
22.400000	98.860	-156.5306
22.700001	98.907	-156.7827
23.000000	98.976	-157.3260
23.299999	99.040	-158.1440
23.600000	99.083	-159.1393
24.000000	99.106	-160.5393
24.299999	99.109	-161.5464
24.700001	99.115	-162.8140
25.000000	99.125	-163.7568
25.400000	99.138	-165.0683
25.799999	99.130	-166.4131
26.200001	99.090	-167.6465
26.500000	99.045	-168.3987
26.900000	98.992	-169.1261
27.200001	98.974	-169.5240
27.600000	98.986	-170.0372
28.000000	99.019	-170.7054
28.500000	99.041	-171.7884
29.000000	99.011	-172.8801
29.500000	98.956	-173.7214
30.000000	98.924	-174.3921
30.400000	98.917	-174.9907
30.700001	98.909	-175.5246
31.100000	98.881	-176.2992
31.500000	98.830	-177.0326
32.000000	98.755	-177.7776
32.500000	98.693	-178.3870
33.000000	98.644	-178.9808
33.500000	98.597	-179.5670
34.000000	98.561	179.8671
34.500000	98.547	179.1981
35.000000	98.533	178.2757
35.500000	98.485	177.1513
36.000000	98.396	176.0176
36.500000	98.284	174.9663
37.000000	98.149	174.0207
37.500000	97.981	173.4542
38.200001	97.838	174.0281
38.700001	98.014	174.6677
39.500000	98.611	172.1878
40.000000	98.727	168.3448
40.599998	98.334	164.3134
41.200001	97.678	164.1641
41.799999	97.472	167.3687
42.500000	97.846	169.2012
43.099998	98.007	168.4413
43.700001	97.922	168.4759
44.400002	98.026	169.9873
45.000000	98.314	169.7745
45.500000	98.407	168.1331
46.200001	98.140	165.9399
46.799999	97.781	165.7052
47.500000	97.547	166.3743
48.200001	97.440	166.3559
48.700001	97.350	165.9997
49.400002	97.229	165.4759
50.000000	97.161	164.9414
50.799999	97.085	164.0025
51.500000	97.016	163.2225
52.200001	96.956	162.5936
53.000000	96.897	162.0446
53.799999	96.847	161.6694
54.500000	96.805	161.4053
55.200001	96.751	161.1688
56.000000	96.680	160.9282
57.000000	96.586	160.5659
58.000000	96.487	160.0640
59.000000	96.385	159.4976
60.000000	96.298	158.9142
60.799999	96.228	158.4055
61.500000	96.157	158.0673
62.200001	96.098	157.8931
63.000000	96.053	157.6910
64.000000	95.976	157.3209
65.000000	95.878	157.1543
66.000000	95.797	156.9128
67.000000	95.684	156.5946
68.000000	95.582	156.3381
69.000000	95.471	155.9045
70.000000	95.347	155.7324
71.000000	95.282	155.5904
72.000000	95.215	155.3009
73.000000	95.163	155.1144
74.000000	95.105	154.7331
75.000000	94.999	154.5501
76.199997	94.887	154.5438
77.500000	94.746	154.6591
78.800003	94.665	154.4387
80.000000	94.493	153.7894
81.199997	94.336	153.9248
82.500000	94.262	153.8585
83.800003	94.142	154.0605
85.000000	94.041	154.9052
86.199997	93.934	155.8265
87.500000	93.681	156.7416
88.500000	93.389	158.7792
90.000000	93.577	163.7230
91.199997	94.033	162.3582
92.500000	93.991	159.0590
93.800003	93.930	157.8259
95.000000	94.018	156.6990
96.199997	94.067	155.4398
97.500000	94.034	154.6017
98.800003	93.977	154.1966
100.000000	93.903	153.7203
101.500000	93.754	153.0818
103.000000	93.605	152.8155
104.400002	93.523	152.6943
106.000000	93.451	152.5041
107.500000	93.371	152.3106
109.000000	93.280	151.9822
110.599998	93.133	151.4134
112.000000	92.990	151.3062
113.800003	92.886	151.3898
115.000000	92.822	151.4786
117.199997	92.667	152.3008
118.000000	92.610	152.8480
120.599998	92.513	154.8552
122.000000	92.524	155.2497
124.099998	92.512	154.5073
125.000000	92.467	153.9234
126.500000	92.371	153.1317
128.000000	92.276	152.4764
131.500000	92.078	152.0430
132.000000	92.057	152.0752
134.000000	92.006	152.3534
136.000000	91.960	152.5148
138.000000	91.857	152.7767
140.000000	91.738	153.0240
143.000000	91.524	153.0327
145.000000	91.428	153.2411
147.500000	91.341	153.5714
150.000000	91.228	154.0304
152.500000	91.113	154.4142
155.000000	91.055	154.7748
157.500000	91.061	154.8677
160.000000	91.040	154.8622
162.500000	90.983	154.9145
165.000000	90.903	154.9882
167.500000	90.808	155.1173
170.000000	90.705	155.3106
172.500000	90.590	155.6082
175.000000	90.467	155.8938
177.500000	90.350	156.0413
180.000000	90.268	156.0684
182.500000	90.220	156.1606
185.000000	90.175	156.4116
187.500000	90.102	156.7443
190.000000	90.020	157.0585
192.500000	89.947	157.2965
195.000000	89.881	157.5632
197.500000	89.808	157.8878
200.000000	89.727	158.3023
203.000000	89.627	158.7923
206.000000	89.520	159.2640
209.000000	89.431	159.8985
212.000000	89.379	160.7035
214.000000	89.355	161.2770
218.000000	89.300	162.4207
220.000000	89.277	162.9616
224.000000	89.295	163.9444
227.000000	89.362	164.5137
230.000000	89.431	164.7777
233.000000	89.488	164.6615
236.000000	89.513	164.3973
240.000000	89.483	164.2430
243.000000	89.432	164.1201
247.000000	89.361	163.9872
250.000000	89.305	164.0583
254.000000	89.225	164.1575
258.000000	89.145	164.3124
262.000000	89.065	164.5373
265.000000	89.006	164.8043
269.000000	88.938	165.1548
272.000000	88.891	165.3875
276.000000	88.821	165.7127
280.000000	88.743	166.0718
285.000000	88.665	166.5709
290.000000	88.607	167.0927
295.000000	88.550	167.5970
300.000000	88.484	168.1757
304.000000	88.435	168.5646
307.000000	88.401	168.8315
311.000000	88.359	169.2245
315.000000	88.318	169.6243
320.000000	88.270	170.0973
325.000000	88.214	170.5445
330.000000	88.157	170.9969
335.000000	88.113	171.5104
340.000000	88.071	171.9855
345.000000	88.026	172.4514
350.000000	87.986	172.9905
355.000000	87.950	173.5557
360.000000	87.910	174.0635
365.000000	87.868	174.5316
370.000000	87.830	174.9783
375.000000	87.798	175.4493
382.000000	87.758	176.1208
387.000000	87.728	176.6098
395.000000	87.682	177.4100
400.000000	87.655	177.9120
406.000000	87.624	178.4817
412.000000	87.591	179.0076
418.000000	87.563	179.5443
425.000000	87.529	-179.8022
431.000000	87.504	-179.1843
437.000000	87.478	-178.6003
444.000000	87.445	-178.0058
450.000000	87.420	-177.4862
455.000000	87.403	-177.0336
462.000000	87.381	-176.3862
468.000000	87.363	-175.8481
475.000000	87.347	-175.2244
482.000000	87.328	-174.5656
487.000000	87.314	-174.0989
494.000000	87.294	-173.4671
500.000000	87.276	-172.9354
508.000000	87.254	-172.2210
515.000000	87.240	-171.5980
522.000000	87.229	-170.9963
530.000000	87.216	-170.2845
538.000000	87.203	-169.5759
545.000000	87.193	-168.9662
552.000000	87.184	-168.3936
560.000000	87.177	-167.7295
570.000000	87.168	-166.8433
580.000000	87.156	-165.9557
590.000000	87.151	-165.0912
600.000000	87.150	-164.2207
608.000000	87.150	-163.5073
615.000000	87.150	-162.8755
622.000000	87.150	-162.2686
630.000000	87.148	-161.5915
640.000000	87.152	-160.7547
650.000000	87.157	-159.8919
660.000000	87.168	-159.0646
670.000000	87.181	-158.1924
680.000000	87.193	-157.3510
690.000000	87.202	-156.5102
700.000000	87.216	-155.6570
710.000000	87.235	-154.7801
720.000000	87.257	-153.9331
730.000000	87.282	-153.1048
740.000000	87.307	-152.2402
750.000000	87.335	-151.3841
762.000000	87.369	-150.3923
775.000000	87.408	-149.2941
788.000000	87.447	-148.2240
800.000000	87.489	-147.2414
812.000000	87.535	-146.2610
825.000000	87.588	-145.2065
838.000000	87.649	-144.1590
850.000000	87.707	-143.2025
862.000000	87.767	-142.2348
875.000000	87.833	-141.2152
885.000000	87.884	-140.4605
900.000000	87.970	-139.3530
912.000000	88.045	-138.4937
925.000000	88.129	-137.6021
938.000000	88.210	-136.7684
950.000000	88.271	-135.9878
962.000000	88.318	-135.2260
975.000000	88.375	-134.4722
988.000000	88.458	-133.7821
1000.000000	88.550	-133.1804
1015.000000	88.656	-132.4399
1030.000000	88.745	-131.6843
1044.000000	88.816	-130.9489
1060.000000	88.888	-130.0567
1075.000000	88.960	-129.1815
1090.000000	89.042	-128.3088
1106.000000	89.137	-127.4147
1120.000000	89.227	-126.6837
1138.000000	89.347	-125.8551
1150.000000	89.424	-125.3572
1172.000000	89.561	-124.4904
1180.000000	89.608	-124.1994
1206.000000	89.752	-123.2892
1220.000000	89.825	-122.8263
1241.000000	89.933	-122.1815
1250.000000	89.978	-121.9095
1265.000000	90.050	-121.4443
1280.000000	90.122	-120.9766
1315.000000	90.274	-119.8913
1320.000000	90.296	-119.7271
1340.000000	90.387	-119.0302
1360.000000	90.480	-118.2588
1380.000000	90.572	-117.4029
1400.000000	90.680	-116.5006
1430.000000	90.889	-115.2281
1450.000000	91.050	-114.5665
1475.000000	91.245	-114.0132
1500.000000	91.407	-113.6914
1525.000000	91.532	-113.4032
1550.000000	91.621	-112.9988
1575.000000	91.691	-112.4080
1600.000000	91.757	-111.6196
1625.000000	91.833	-110.6291
1650.000000	91.934	-109.3928
1675.000000	92.080	-108.0226
1700.000000	92.289	-106.7218
1725.000000	92.548	-105.7567
1750.000000	92.809	-105.2679
1775.000000	93.033	-105.1148
1800.000000	93.212	-105.0775
1825.000000	93.357	-104.9862
1850.000000	93.481	-104.7395
1875.000000	93.602	-104.2986
1900.000000	93.740	-103.7153
1925.000000	93.909	-103.0826
1950.000000	94.109	-102.5254
1975.000000	94.328	-102.1663
2000.000000	94.549	-102.0371
2030.000000	94.802	-102.1323
2060.000000	95.032	-102.4352
2090.000000	95.234	-102.8910
2120.000000	95.407	-103.4319
2140.000000	95.502	-103.7968
2180.000000	95.649	-104.4149
2200.000000	95.712	-104.6163
2240.000000	95.848	-104.8097
2270.000000	95.973	-104.8890
2300.000000	96.119	-105.0664
2330.000000	96.274	-105.4293
2360.000000	96.422	-106.0131
2400.000000	96.585	-107.0689
2430.000000	96.674	-107.9722
2470.000000	96.741	-109.2399
2500.000000	96.755	-110.1722
2540.000000	96.730	-111.2857
2580.000000	96.674	-112.1911
2620.000000	96.597	-112.8846
2650.000000	96.532	-113.2762
2690.000000	96.442	-113.6771
2720.000000	96.375	-113.9136
2760.000000	96.287	-114.1733
2800.000000	96.191	-114.4105
2850.000000	96.052	-114.6369
2900.000000	95.887	-114.7091
2950.000000	95.709	-114.5979
3000.000000	95.526	-114.3035
3040.000000	95.380	-113.9346
3070.000000	95.271	-113.5833
3110.000000	95.130	-113.0315
3150.000000	94.998	-112.4005
3200.000000	94.850	-111.5245
3250.000000	94.721	-110.5700
3300.000000	94.604	-109.5354
3350.000000	94.488	-108.4061
3400.000000	94.363	-107.1840
3450.000000	94.233	-105.9137
3500.000000	94.098	-104.5859
3550.000000	93.960	-103.1664
3600.000000	93.826	-101.6662
3650.000000	93.709	-100.1032
3700.000000	93.618	-98.4589
3750.000000	93.552	-96.7585
3820.000000	93.503	-94.3162
3870.000000	93.492	-92.5523
3950.000000	93.495	-89.7620
4000.000000	93.495	-88.0622
4060.000000	93.471	-86.0357
4120.000000	93.427	-84.0295
4180.000000	93.374	-82.0392
4250.000000	93.320	-79.7132
4310.000000	93.286	-77.7348
4370.000000	93.266	-75.7603
4440.000000	93.270	-73.4722
4500.000000	93.297	-71.5678
4550.000000	93.334	-70.0420
4620.000000	93.400	-68.0182
4680.000000	93.462	-66.3838
4750.000000	93.535	-64.6205
4820.000000	93.604	-63.0137
4870.000000	93.648	-61.9405
4940.000000	93.691	-60.5028
5000.000000	93.704	-59.2868
5080.000000	93.672	-57.6006
5150.000000	93.592	-55.9474
5220.000000	93.463	-53.9853
5300.000000	93.277	-51.1803
5380.000000	93.086	-47.6009
5450.000000	92.963	-43.7819
5520.000000	92.931	-39.3908
5600.000000	93.050	-33.9188
5700.000000	93.473	-27.0238
5800.000000	94.180	-20.8269
5900.000000	95.103	-15.8908
6000.000000	96.165	-12.5583
6080.000000	97.058	-11.1471
6150.000000	97.841	-10.8702
6220.000000	98.599	-11.5045
6300.000000	99.402	-13.3290
6400.000000	100.252	-17.1049
6500.000000	100.856	-22.1553
6600.000000	101.161	-27.8591
6700.000000	101.166	-33.4902
6800.000000	100.919	-38.4406
6900.000000	100.495	-42.3589
7000.000000	99.972	-45.1352
7100.000000	99.413	-46.8564
7200.000000	98.865	-47.7801
7300.000000	98.349	-48.1931
7400.000000	97.858	-48.3084
7500.000000	97.378	-48.2583
7620.000000	96.794	-48.0938
7750.000000	96.119	-47.9039
7880.000000	95.342	-47.6086
8000.000000	94.498	-46.8726
8120.000000	93.528	-45.0302
8250.000000	92.400	-40.7708
8380.000000	91.413	-33.3771
8500.000000	90.900	-24.2284
8620.000000	90.922	-14.7754
8750.000000	91.441	-6.4519
8850.000000	92.022	-2.0604
9000.000000	92.926	1.4711
9120.000000	93.550	2.2166
9250.000000	94.046	1.5646
9380.000000	94.321	0.0128
9500.000000	94.390	-1.7346
9620.000000	94.296	-3.4696
9750.000000	94.032	-5.0400
9880.000000	93.639	-6.0236
10000.000000	93.198	-6.2835
10150.000000	92.594	-5.7021
10300.000000	91.979	-4.1994
10440.000000	91.427	-2.0673
10600.000000	90.839	1.0501
10750.000000	90.343	4.5038
10900.000000	89.913	8.3811
11060.000000	89.532	12.8421
11200.000000	89.261	16.9345
11380.000000	89.005	22.4016
11500.000000	88.900	26.1244
11720.000000	88.842	32.9958
11800.000000	88.865	35.4853
12060.000000	89.123	43.3994
12200.000000	89.384	47.4623
12410.000000	89.958	53.1471
12500.000000	90.278	55.3771
12650.000000	90.920	58.6789
12800.000000	91.708	61.2591
13150.000000	94.145	62.6208
13200.000000	94.550	62.0198
13400.000000	96.199	56.8272
13600.000000	97.587	46.6848
13800.000000	98.272	32.7211
14000.000000	98.082	18.1511
14300.000000	96.815	1.9144
14500.000000	95.848	-4.0935
14750.000000	94.862	-8.1747
15000.000000	94.341	-11.2160
15250.000000	94.294	-16.0136
15500.000000	94.497	-25.0875
15750.000000	94.493	-39.9955
16000.000000	93.499	-60.0403
16250.000000	90.962	-78.9428
16500.000000	87.517	-92.2775
16750.000000	84.170	-100.0041
17000.000000	81.384	-104.0495
17250.000000	79.084	-106.2557
17500.000000	77.159	-107.7547
17750.000000	75.498	-109.2196
18000.000000	74.052	-111.1491
18250.000000	72.805	-113.9323
18500.000000	71.768	-118.1190
18750.000000	70.915	-124.0604
19000.000000	70.174	-132.1812
19250.000000	69.465	-142.9464
19500.000000	68.711	-156.7970
19750.000000	67.902	-172.8907
20000.000000	67.302	174.0750
