* Measurement data measured by REW V5.31
* Source: Input device not selected, no input selected, L, volume: 0.250. Timing signal peak level -42.5 dBFS, measurement signal peak level -41.7 dBFS
* Format: 1M Log Swept Sine, 1 sweep at -12.0 dBFS using an acoustic timing reference
* Dated: 09-Apr-2024 22:47:33
* REW Settings:
*  C-weighting compensation: Off
*  Target level: 75.0 dB
* Note: ; Delay -0.2963 ms (-102 mm, -4 in) using estimated IR delay relative to Acoustic reference played from  R with no timing offset Clock adjustment: 3.7 ppm
* Measurement: R5 W1
* Smoothing: 1/24 octave
* Frequency Step: 1/48 octave
* Start Frequency: 20.000 Hz
*
* Freq(Hz)	SPL(dB)	Phase(degrees)
20.000000	100.052	-148.9387
20.299999	100.094	-149.4756
20.600000	100.155	-150.0620
20.900000	100.218	-150.7569
21.200001	100.269	-151.5499
21.400000	100.291	-152.1063
21.799999	100.307	-153.2033
22.000000	100.304	-153.7153
22.400000	100.286	-154.6360
22.700001	100.270	-155.2439
23.000000	100.257	-155.8033
23.299999	100.249	-156.3398
23.600000	100.248	-156.8793
24.000000	100.256	-157.6458
24.299999	100.268	-158.2805
24.700001	100.282	-159.2184
25.000000	100.287	-159.9747
25.400000	100.282	-161.0009
25.799999	100.266	-161.9824
26.200001	100.248	-162.8819
26.500000	100.238	-163.5094
26.900000	100.230	-164.3137
27.200001	100.225	-164.9077
27.600000	100.216	-165.6824
28.000000	100.202	-166.4093
28.500000	100.183	-167.2279
29.000000	100.170	-168.0029
29.500000	100.156	-168.8325
30.000000	100.123	-169.7236
30.400000	100.076	-170.4072
30.700001	100.032	-170.8585
31.100000	99.972	-171.3593
31.500000	99.923	-171.7748
32.000000	99.886	-172.2814
32.500000	99.871	-172.8829
33.000000	99.863	-173.6111
33.500000	99.854	-174.4202
34.000000	99.843	-175.2457
34.500000	99.833	-176.0513
35.000000	99.822	-176.8362
35.500000	99.805	-177.5853
36.000000	99.771	-178.2069
36.500000	99.730	-178.5612
37.000000	99.714	-178.6238
37.500000	99.756	-178.6328
38.200001	99.879	-179.2682
38.700001	99.921	179.6654
39.500000	99.776	177.7926
40.000000	99.594	177.1886
40.599998	99.405	177.1445
41.200001	99.313	177.2143
41.799999	99.269	176.8730
42.500000	99.195	176.1694
43.099998	99.144	175.5847
43.700001	99.133	174.7350
44.400002	99.072	173.1381
45.000000	98.888	171.9368
45.500000	98.689	171.6738
46.200001	98.524	172.3089
46.799999	98.527	172.7654
47.500000	98.546	172.5979
48.200001	98.504	172.2730
48.700001	98.469	172.1372
49.400002	98.438	171.8565
50.000000	98.398	171.4478
50.799999	98.319	170.8888
51.500000	98.247	170.4299
52.200001	98.165	169.9931
53.000000	98.062	169.7766
53.799999	98.005	169.9035
54.500000	98.004	169.9690
55.200001	98.001	169.8102
56.000000	97.960	169.5306
57.000000	97.879	169.1871
58.000000	97.771	168.5661
59.000000	97.621	167.8529
60.000000	97.496	167.1078
60.799999	97.415	166.4610
61.500000	97.367	165.9816
62.200001	97.342	165.5866
63.000000	97.322	165.3248
64.000000	97.318	165.5415
65.000000	97.356	165.9910
66.000000	97.353	166.2748
67.000000	97.262	166.6877
68.000000	97.160	167.2130
69.000000	97.062	167.1849
70.000000	96.918	166.7941
71.000000	96.797	166.2787
72.000000	96.692	165.6180
73.000000	96.618	165.2328
74.000000	96.589	164.8958
75.000000	96.531	164.6772
76.199997	96.450	164.8745
77.500000	96.359	164.9617
78.800003	96.208	164.9458
80.000000	96.107	164.9457
81.199997	96.011	164.5327
82.500000	95.898	164.6470
83.800003	95.864	164.7655
85.000000	95.757	164.7786
86.199997	95.607	165.0575
87.500000	95.408	165.1249
88.500000	95.193	165.0326
90.000000	94.918	166.2736
91.199997	95.000	166.7918
92.500000	95.056	165.8918
93.800003	95.027	165.3863
95.000000	94.966	165.3748
96.199997	94.881	165.7045
97.500000	94.749	166.2884
98.800003	94.622	167.2660
100.000000	94.581	168.3469
101.500000	94.655	168.9434
103.000000	94.684	168.8662
104.400002	94.664	168.9222
106.000000	94.656	169.2030
107.500000	94.619	169.0276
109.000000	94.520	168.5286
110.599998	94.367	168.4626
112.000000	94.270	168.4020
113.800003	94.177	168.4968
115.000000	94.115	168.4460
117.199997	93.999	168.8293
118.000000	93.971	168.9316
120.599998	93.857	169.3537
122.000000	93.791	169.5447
124.099998	93.648	169.8340
125.000000	93.596	170.0211
126.500000	93.534	170.1195
128.000000	93.466	170.0696
131.500000	93.380	171.3799
132.000000	93.381	171.5019
134.000000	93.299	171.6944
136.000000	93.102	172.2228
138.000000	92.991	173.1037
140.000000	92.965	173.4759
143.000000	92.897	173.6498
145.000000	92.788	174.0374
147.500000	92.660	174.6747
150.000000	92.549	175.4734
152.500000	92.509	176.3314
155.000000	92.497	176.8309
157.500000	92.483	177.2831
160.000000	92.440	177.7988
162.500000	92.354	178.3948
165.000000	92.241	179.0185
167.500000	92.143	179.6243
170.000000	92.042	-179.7675
172.500000	91.928	-179.0536
175.000000	91.818	-178.4193
177.500000	91.722	-177.8461
180.000000	91.637	-177.2596
182.500000	91.561	-176.6588
185.000000	91.500	-176.0843
187.500000	91.446	-175.4960
190.000000	91.394	-174.7824
192.500000	91.341	-174.0428
195.000000	91.282	-173.3434
197.500000	91.211	-172.6447
200.000000	91.132	-171.9152
203.000000	91.032	-171.0127
206.000000	90.939	-170.0154
209.000000	90.861	-168.8613
212.000000	90.802	-167.5809
214.000000	90.781	-166.7300
218.000000	90.797	-165.1638
220.000000	90.821	-164.4761
224.000000	90.851	-163.4405
227.000000	90.843	-162.9232
230.000000	90.815	-162.5056
233.000000	90.769	-162.0096
236.000000	90.714	-161.4313
240.000000	90.635	-160.5934
243.000000	90.574	-159.9151
247.000000	90.489	-158.9796
250.000000	90.432	-158.2344
254.000000	90.364	-157.1710
258.000000	90.298	-156.0927
262.000000	90.234	-155.0336
265.000000	90.184	-154.2263
269.000000	90.117	-153.1501
272.000000	90.072	-152.3110
276.000000	90.018	-151.1605
280.000000	89.961	-150.0680
285.000000	89.892	-148.7117
290.000000	89.833	-147.3477
295.000000	89.776	-145.9354
300.000000	89.715	-144.5434
304.000000	89.669	-143.4593
307.000000	89.637	-142.6318
311.000000	89.596	-141.5072
315.000000	89.555	-140.3808
320.000000	89.507	-138.9977
325.000000	89.462	-137.6154
330.000000	89.418	-136.2112
335.000000	89.372	-134.8260
340.000000	89.326	-133.4361
345.000000	89.285	-132.0537
350.000000	89.245	-130.7118
355.000000	89.209	-129.3078
360.000000	89.173	-127.8636
365.000000	89.137	-126.4656
370.000000	89.102	-125.0857
375.000000	89.071	-123.6985
382.000000	89.027	-121.7836
387.000000	88.996	-120.4264
395.000000	88.947	-118.2165
400.000000	88.919	-116.8149
406.000000	88.890	-115.1671
412.000000	88.864	-113.5149
418.000000	88.834	-111.8267
425.000000	88.800	-109.8756
431.000000	88.776	-108.2268
437.000000	88.753	-106.5981
444.000000	88.723	-104.6556
450.000000	88.702	-102.9690
455.000000	88.684	-101.5862
462.000000	88.660	-99.6542
468.000000	88.642	-98.0054
475.000000	88.619	-96.0683
482.000000	88.601	-94.1356
487.000000	88.588	-92.7708
494.000000	88.570	-90.8587
500.000000	88.555	-89.2029
508.000000	88.533	-86.9838
515.000000	88.516	-85.0359
522.000000	88.503	-83.1106
530.000000	88.491	-80.9333
538.000000	88.481	-78.7386
545.000000	88.470	-76.7952
552.000000	88.458	-74.8520
560.000000	88.449	-72.6645
570.000000	88.440	-69.9253
580.000000	88.432	-67.1779
590.000000	88.426	-64.4231
600.000000	88.424	-61.6687
608.000000	88.426	-59.4309
615.000000	88.424	-57.5071
622.000000	88.421	-55.5912
630.000000	88.420	-53.3662
640.000000	88.427	-50.5445
650.000000	88.441	-47.7842
660.000000	88.451	-45.0622
670.000000	88.459	-42.2767
680.000000	88.471	-39.5058
690.000000	88.489	-36.7591
700.000000	88.508	-34.0153
710.000000	88.521	-31.2461
720.000000	88.536	-28.4531
730.000000	88.558	-25.7036
740.000000	88.585	-22.9889
750.000000	88.612	-20.2935
762.000000	88.643	-16.9953
775.000000	88.681	-13.4199
788.000000	88.728	-9.9214
800.000000	88.782	-6.6932
812.000000	88.838	-3.4520
825.000000	88.895	0.0468
838.000000	88.953	3.5052
850.000000	89.011	6.6709
862.000000	89.082	9.8339
875.000000	89.158	13.2428
885.000000	89.209	15.8620
900.000000	89.299	19.7687
912.000000	89.386	22.8332
925.000000	89.483	26.0821
938.000000	89.574	29.3055
950.000000	89.642	32.2518
962.000000	89.695	35.1433
975.000000	89.762	38.2031
988.000000	89.856	41.2170
1000.000000	89.952	43.9814
1015.000000	90.067	47.4214
1030.000000	90.172	50.8987
1044.000000	90.265	54.1552
1060.000000	90.371	57.8943
1075.000000	90.477	61.4019
1090.000000	90.590	64.8694
1106.000000	90.714	68.4434
1120.000000	90.827	71.5031
1138.000000	90.978	75.3521
1150.000000	91.077	77.8539
1172.000000	91.248	82.3289
1180.000000	91.308	83.9200
1206.000000	91.504	89.0154
1220.000000	91.607	91.7112
1241.000000	91.755	95.7100
1250.000000	91.817	97.4015
1265.000000	91.918	100.2045
1280.000000	92.019	102.9791
1315.000000	92.251	109.3644
1320.000000	92.284	110.2677
1340.000000	92.409	113.8696
1360.000000	92.533	117.4361
1380.000000	92.656	120.9781
1400.000000	92.777	124.5009
1430.000000	92.954	129.7869
1450.000000	93.071	133.2933
1475.000000	93.218	137.6153
1500.000000	93.364	141.8732
1525.000000	93.506	146.0941
1550.000000	93.643	150.2637
1575.000000	93.779	154.3957
1600.000000	93.914	158.5113
1625.000000	94.051	162.5872
1650.000000	94.187	166.6183
1675.000000	94.321	170.6378
1700.000000	94.454	174.5997
1725.000000	94.588	178.5020
1750.000000	94.724	-177.6445
1775.000000	94.859	-173.8408
1800.000000	94.994	-170.0797
1825.000000	95.131	-166.3737
1850.000000	95.267	-162.7426
1875.000000	95.401	-159.1858
1900.000000	95.531	-155.7020
1925.000000	95.658	-152.2762
1950.000000	95.782	-148.8831
1975.000000	95.901	-145.5435
2000.000000	96.015	-142.2722
2030.000000	96.144	-138.4159
2060.000000	96.269	-134.6357
2090.000000	96.385	-130.9406
2120.000000	96.492	-127.3003
2140.000000	96.558	-124.9005
2180.000000	96.671	-120.1491
2200.000000	96.719	-117.7973
2240.000000	96.801	-113.1048
2270.000000	96.853	-109.5433
2300.000000	96.903	-105.9094
2330.000000	96.963	-102.2049
2360.000000	97.044	-98.4865
2400.000000	97.188	-93.7366
2430.000000	97.308	-90.4943
2470.000000	97.446	-86.6051
2500.000000	97.512	-83.9053
2540.000000	97.547	-80.3951
2580.000000	97.531	-76.8655
2620.000000	97.478	-73.2601
2650.000000	97.419	-70.4831
2690.000000	97.323	-66.6713
2720.000000	97.244	-63.7461
2760.000000	97.131	-59.7715
2800.000000	97.013	-55.7462
2850.000000	96.858	-50.6836
2900.000000	96.695	-45.5877
2950.000000	96.517	-40.4374
3000.000000	96.331	-35.2178
3040.000000	96.180	-30.9734
3070.000000	96.067	-27.7554
3110.000000	95.918	-23.4408
3150.000000	95.775	-19.1222
3200.000000	95.610	-13.7156
3250.000000	95.457	-8.2690
3300.000000	95.313	-2.8082
3350.000000	95.165	2.6617
3400.000000	95.001	8.1769
3450.000000	94.818	13.7910
3500.000000	94.617	19.5443
3550.000000	94.415	25.4316
3600.000000	94.226	31.4377
3650.000000	94.062	37.5831
3700.000000	93.932	43.8318
3750.000000	93.841	50.0856
3820.000000	93.780	58.7449
3870.000000	93.765	64.8364
3950.000000	93.736	74.3709
4000.000000	93.698	80.2473
4060.000000	93.622	87.3237
4120.000000	93.532	94.4862
4180.000000	93.446	101.6831
4250.000000	93.364	109.9924
4310.000000	93.318	116.9879
4370.000000	93.294	123.8944
4440.000000	93.289	131.8207
4500.000000	93.296	138.4778
4550.000000	93.308	143.9335
4620.000000	93.330	151.4459
4680.000000	93.354	157.7755
4750.000000	93.385	164.9957
4820.000000	93.411	172.0516
4870.000000	93.420	177.0175
4940.000000	93.417	-176.1142
5000.000000	93.394	-170.2803
5080.000000	93.320	-162.5337
5150.000000	93.203	-155.6533
5220.000000	93.035	-148.5305
5300.000000	92.792	-139.8906
5380.000000	92.521	-130.5180
5450.000000	92.307	-121.6541
5520.000000	92.162	-112.1680
5600.000000	92.127	-100.7399
5700.000000	92.323	-86.1915
5800.000000	92.771	-72.0043
5900.000000	93.429	-58.6783
6000.000000	94.231	-46.4255
6080.000000	94.940	-37.5363
6150.000000	95.591	-30.4455
6220.000000	96.259	-24.0130
6300.000000	97.027	-17.4875
6400.000000	97.969	-10.5979
6500.000000	98.849	-5.1514
6600.000000	99.605	-1.1169
6700.000000	100.172	1.7196
6800.000000	100.500	3.8061
6900.000000	100.569	5.7057
7000.000000	100.394	7.9977
7100.000000	100.026	11.1467
7200.000000	99.531	15.3629
7300.000000	98.973	20.6332
7400.000000	98.396	26.8510
7500.000000	97.825	33.9024
7620.000000	97.172	43.2730
7750.000000	96.524	54.3026
7880.000000	95.954	66.0530
8000.000000	95.520	77.4771
8120.000000	95.203	89.5124
8250.000000	95.039	103.2781
8380.000000	95.150	117.4702
8500.000000	95.542	130.0471
8620.000000	96.135	141.1096
8750.000000	96.823	151.0546
8850.000000	97.301	157.6151
9000.000000	97.907	166.4812
9120.000000	98.324	173.0686
9250.000000	98.731	179.7391
9380.000000	99.088	-174.1609
9500.000000	99.366	-169.1395
9620.000000	99.572	-164.8107
9750.000000	99.675	-160.8236
9880.000000	99.621	-157.2788
10000.000000	99.415	-154.0819
10150.000000	98.953	-149.7202
10300.000000	98.306	-144.5309
10440.000000	97.599	-138.6917
10600.000000	96.740	-130.7645
10750.000000	95.939	-122.2114
10900.000000	95.176	-112.7618
11060.000000	94.428	-101.9264
11200.000000	93.845	-91.9670
11380.000000	93.210	-78.6953
11500.000000	92.863	-69.6567
11720.000000	92.379	-52.8599
11800.000000	92.254	-46.7313
12060.000000	92.046	-26.9669
12200.000000	92.070	-16.5131
12410.000000	92.297	-1.2930
12500.000000	92.468	4.9725
12650.000000	92.860	14.9111
12800.000000	93.393	23.9803
13150.000000	95.147	39.5829
13200.000000	95.431	40.8854
13400.000000	96.483	43.1039
13600.000000	97.068	40.7122
13800.000000	96.811	35.8719
14000.000000	95.707	32.1663
14300.000000	93.323	33.9351
14500.000000	91.698	40.0730
14750.000000	89.800	51.3527
15000.000000	88.143	64.8109
15250.000000	86.714	79.2880
15500.000000	85.472	94.5487
15750.000000	84.528	110.2350
16000.000000	83.800	123.4237
16250.000000	83.020	135.5911
16500.000000	82.635	147.1941
16750.000000	83.021	157.1891
17000.000000	84.016	164.4255
17250.000000	85.378	167.1323
17500.000000	86.762	163.3962
17750.000000	87.542	152.9005
18000.000000	87.120	138.5867
18250.000000	85.439	125.4326
18500.000000	83.005	116.3645
18750.000000	80.426	110.9218
19000.000000	78.041	107.2126
19250.000000	75.891	103.5068
19500.000000	73.871	98.6769
19750.000000	71.933	92.6201
20000.000000	70.545	89.2234
