* Measurement data measured by REW V5.31
* Source: Input device not selected, no input selected, L, volume: 0.250. Timing signal peak level -42.5 dBFS, measurement signal peak level -41.8 dBFS
* Format: 1M Log Swept Sine, 1 sweep at -12.0 dBFS using an acoustic timing reference
* Dated: 09-Apr-2024 22:54:32
* REW Settings:
*  C-weighting compensation: Off
*  Target level: 75.0 dB
* Note: ; Delay -0.8825 ms (-303 mm, -11.92 in) using estimated IR delay relative to Acoustic reference played from  L with no timing offset Clock adjustment: 60.6 ppm
* Measurement: L6 W1
* Smoothing: 1/24 octave
* Frequency Step: 1/48 octave
* Start Frequency: 20.000 Hz
*
* Freq(Hz)	SPL(dB)	Phase(degrees)
20.000000	97.951	-137.0781
20.299999	97.994	-137.9375
20.600000	98.037	-138.6948
20.900000	98.083	-139.3782
21.200001	98.133	-140.0299
21.400000	98.169	-140.4720
21.799999	98.238	-141.4353
22.000000	98.266	-141.9719
22.400000	98.293	-143.1307
22.700001	98.279	-143.9889
23.000000	98.238	-144.7247
23.299999	98.187	-145.2600
23.600000	98.152	-145.6055
24.000000	98.171	-146.0062
24.299999	98.234	-146.5592
24.700001	98.324	-147.9265
25.000000	98.338	-149.3571
25.400000	98.226	-151.2917
25.799999	97.991	-152.4504
26.200001	97.782	-152.2807
26.500000	97.761	-151.5236
26.900000	97.976	-150.7500
27.200001	98.251	-151.0392
27.600000	98.592	-152.8085
28.000000	98.754	-155.5109
28.500000	98.667	-158.6233
29.000000	98.444	-160.2177
29.500000	98.327	-160.5770
30.000000	98.360	-160.9496
30.400000	98.421	-161.7378
30.700001	98.460	-162.6505
31.100000	98.491	-164.3688
31.500000	98.466	-166.8272
32.000000	98.217	-170.8661
32.500000	97.551	-174.7512
33.000000	96.503	-175.9918
33.500000	95.582	-172.8823
34.000000	95.400	-168.1842
34.500000	95.737	-166.3391
35.000000	95.992	-167.0386
35.500000	96.124	-167.6432
36.000000	96.475	-167.7283
36.500000	97.075	-169.2780
37.000000	97.527	-172.8948
37.500000	97.556	-176.5248
38.200001	97.298	-177.1697
38.700001	97.526	-175.3571
39.500000	98.298	-176.1594
40.000000	98.376	-178.5061
40.599998	98.017	-179.4209
41.200001	97.730	-177.1255
41.799999	97.836	-174.6680
42.500000	98.023	-174.5178
43.099998	97.977	-175.6849
43.700001	97.798	-177.1850
44.400002	97.451	-179.3027
45.000000	97.008	179.1399
45.500000	96.604	178.6113
46.200001	96.185	179.0522
46.799999	96.022	179.8413
47.500000	95.977	-178.9932
48.200001	96.095	-176.9343
48.700001	96.364	-175.0071
49.400002	97.023	-173.1973
50.000000	97.628	-173.7229
50.799999	98.023	-176.5480
51.500000	97.901	-178.4454
52.200001	97.633	-178.4564
53.000000	97.436	-177.8572
53.799999	97.190	-178.2706
54.500000	96.826	-178.7611
55.200001	96.453	-178.8709
56.000000	96.140	-179.3262
57.000000	95.809	179.0913
58.000000	95.558	177.8962
59.000000	95.633	177.0931
60.000000	95.898	175.2193
60.799999	96.001	173.2892
61.500000	95.959	172.3538
62.200001	95.924	172.6928
63.000000	96.067	173.5983
64.000000	96.295	172.9830
65.000000	96.216	171.9363
66.000000	96.109	171.9760
67.000000	96.042	171.2918
68.000000	95.824	170.6427
69.000000	95.667	170.7763
70.000000	95.584	170.3440
71.000000	95.414	169.9060
72.000000	95.278	170.2562
73.000000	95.251	170.4720
74.000000	95.205	170.1912
75.000000	95.094	170.0181
76.199997	94.935	170.3721
77.500000	94.831	171.1728
78.800003	94.797	171.5078
80.000000	94.751	171.1351
81.199997	94.638	170.4820
82.500000	94.509	170.1506
83.800003	94.470	169.9138
85.000000	94.433	169.4763
86.199997	94.337	169.3417
87.500000	94.179	169.8735
88.500000	94.103	170.7836
90.000000	94.137	170.7045
91.199997	93.965	168.7627
92.500000	93.546	168.9047
93.800003	93.613	170.1901
95.000000	93.723	169.5981
96.199997	93.847	169.9274
97.500000	94.036	170.0202
98.800003	94.124	170.0596
100.000000	94.108	169.8997
101.500000	93.877	170.3122
103.000000	93.792	171.7124
104.400002	93.755	171.0085
106.000000	93.444	170.7824
107.500000	93.336	172.2690
109.000000	93.406	172.3860
110.599998	93.360	171.6328
112.000000	93.242	171.3319
113.800003	93.102	171.3958
115.000000	93.002	171.4965
117.199997	92.773	172.2087
118.000000	92.699	172.6502
120.599998	92.552	173.9879
122.000000	92.501	174.2752
124.099998	92.440	174.6384
125.000000	92.429	174.6962
126.500000	92.401	174.7698
128.000000	92.372	175.1139
131.500000	92.405	176.1366
132.000000	92.405	176.2255
134.000000	92.402	176.5858
136.000000	92.378	176.6469
138.000000	92.295	176.9469
140.000000	92.221	177.5417
143.000000	92.107	177.8136
145.000000	91.985	177.8539
147.500000	91.850	178.3685
150.000000	91.761	178.8466
152.500000	91.661	179.1266
155.000000	91.583	179.6633
157.500000	91.543	-179.5160
160.000000	91.493	-178.8187
162.500000	91.442	-178.1620
165.000000	91.375	-177.5579
167.500000	91.305	-176.9734
170.000000	91.207	-176.4769
172.500000	91.116	-175.8739
175.000000	91.032	-175.3204
177.500000	90.943	-174.7252
180.000000	90.874	-174.0187
182.500000	90.836	-173.4053
185.000000	90.796	-172.9283
187.500000	90.733	-172.4223
190.000000	90.673	-171.7774
192.500000	90.623	-171.0837
195.000000	90.576	-170.3837
197.500000	90.525	-169.7051
200.000000	90.470	-169.0582
203.000000	90.402	-168.2344
206.000000	90.330	-167.4131
209.000000	90.246	-166.5997
212.000000	90.178	-165.7948
214.000000	90.139	-165.2588
218.000000	90.047	-164.0713
220.000000	89.997	-163.4342
224.000000	89.920	-162.1211
227.000000	89.872	-160.9974
230.000000	89.833	-159.8088
233.000000	89.821	-158.6528
236.000000	89.839	-157.6135
240.000000	89.878	-156.5759
243.000000	89.894	-155.9495
247.000000	89.885	-155.1348
250.000000	89.861	-154.5327
254.000000	89.815	-153.7654
258.000000	89.761	-152.9792
262.000000	89.706	-152.1023
265.000000	89.663	-151.3676
269.000000	89.603	-150.3530
272.000000	89.559	-149.5973
276.000000	89.503	-148.5800
280.000000	89.451	-147.5386
285.000000	89.395	-146.2440
290.000000	89.342	-144.8629
295.000000	89.286	-143.5139
300.000000	89.234	-142.1606
304.000000	89.199	-141.0560
307.000000	89.174	-140.2399
311.000000	89.139	-139.1597
315.000000	89.104	-138.0508
320.000000	89.063	-136.6652
325.000000	89.021	-135.2863
330.000000	88.978	-133.9238
335.000000	88.942	-132.5587
340.000000	88.906	-131.1940
345.000000	88.871	-129.8239
350.000000	88.839	-128.4456
355.000000	88.809	-127.0775
360.000000	88.779	-125.6998
365.000000	88.751	-124.3259
370.000000	88.726	-122.9185
375.000000	88.703	-121.4722
382.000000	88.668	-119.5463
387.000000	88.644	-118.1761
395.000000	88.603	-115.9736
400.000000	88.585	-114.5979
406.000000	88.566	-112.9236
412.000000	88.540	-111.2834
418.000000	88.515	-109.6504
425.000000	88.483	-107.6742
431.000000	88.463	-105.9910
437.000000	88.445	-104.3182
444.000000	88.426	-102.3525
450.000000	88.409	-100.6535
455.000000	88.392	-99.2559
462.000000	88.370	-97.2924
468.000000	88.356	-95.6062
475.000000	88.344	-93.6383
482.000000	88.330	-91.6768
487.000000	88.321	-90.2720
494.000000	88.308	-88.3054
500.000000	88.296	-86.6213
508.000000	88.284	-84.3470
515.000000	88.280	-82.3709
522.000000	88.273	-80.4260
530.000000	88.263	-78.1672
538.000000	88.254	-75.9127
545.000000	88.248	-73.9509
552.000000	88.244	-71.9699
560.000000	88.242	-69.6924
570.000000	88.236	-66.8438
580.000000	88.235	-63.9883
590.000000	88.237	-61.1370
600.000000	88.236	-58.2888
608.000000	88.238	-55.9927
615.000000	88.238	-53.9995
622.000000	88.239	-52.0072
630.000000	88.245	-49.7156
640.000000	88.255	-46.8142
650.000000	88.267	-43.9256
660.000000	88.279	-41.0463
670.000000	88.290	-38.1699
680.000000	88.304	-35.2576
690.000000	88.320	-32.3650
700.000000	88.339	-29.4514
710.000000	88.359	-26.5161
720.000000	88.381	-23.5854
730.000000	88.407	-20.6385
740.000000	88.434	-17.6837
750.000000	88.461	-14.7449
762.000000	88.496	-11.2180
775.000000	88.540	-7.4087
788.000000	88.589	-3.5889
800.000000	88.637	-0.0203
812.000000	88.687	3.5280
825.000000	88.748	7.3849
838.000000	88.816	11.2218
850.000000	88.881	14.7539
862.000000	88.943	18.3119
875.000000	89.017	22.1527
885.000000	89.078	25.0851
900.000000	89.173	29.4916
912.000000	89.253	33.0001
925.000000	89.345	36.7841
938.000000	89.442	40.5431
950.000000	89.520	43.9855
962.000000	89.581	47.4173
975.000000	89.657	51.0947
988.000000	89.766	54.7315
1000.000000	89.884	58.0559
1015.000000	90.036	62.1437
1030.000000	90.178	66.1453
1044.000000	90.299	69.8513
1060.000000	90.425	74.0282
1075.000000	90.529	77.9073
1090.000000	90.623	81.7759
1106.000000	90.709	85.9333
1120.000000	90.781	89.6412
1138.000000	90.876	94.4677
1150.000000	90.945	97.6756
1172.000000	91.086	103.5524
1180.000000	91.141	105.6854
1206.000000	91.324	112.5386
1220.000000	91.422	116.1594
1241.000000	91.571	121.5247
1250.000000	91.635	123.8128
1265.000000	91.742	127.6118
1280.000000	91.850	131.3904
1315.000000	92.098	140.1322
1320.000000	92.132	141.3803
1340.000000	92.267	146.3599
1360.000000	92.396	151.3240
1380.000000	92.520	156.2827
1400.000000	92.642	161.2686
1430.000000	92.824	168.7481
1450.000000	92.946	173.7197
1475.000000	93.093	179.9467
1500.000000	93.237	-173.8128
1525.000000	93.383	-167.5701
1550.000000	93.525	-161.3226
1575.000000	93.663	-155.0693
1600.000000	93.804	-148.8274
1625.000000	93.946	-142.5985
1650.000000	94.087	-136.3624
1675.000000	94.227	-130.1288
1700.000000	94.367	-123.8956
1725.000000	94.509	-117.6803
1750.000000	94.650	-111.4828
1775.000000	94.792	-105.3055
1800.000000	94.935	-99.1483
1825.000000	95.077	-93.0159
1850.000000	95.216	-86.9097
1875.000000	95.353	-80.8189
1900.000000	95.488	-74.7468
1925.000000	95.620	-68.7045
1950.000000	95.747	-62.6884
1975.000000	95.872	-56.6880
2000.000000	95.993	-50.7163
2030.000000	96.133	-43.5886
2060.000000	96.264	-36.4871
2090.000000	96.385	-29.4120
2120.000000	96.498	-22.3672
2140.000000	96.567	-17.6823
2180.000000	96.691	-8.3002
2200.000000	96.743	-3.6040
2240.000000	96.831	5.8170
2270.000000	96.884	12.9463
2300.000000	96.930	20.1800
2330.000000	96.976	27.5380
2360.000000	97.037	35.0056
2400.000000	97.159	44.9748
2430.000000	97.279	52.2783
2470.000000	97.442	61.5951
2500.000000	97.538	68.3178
2540.000000	97.607	77.1177
2580.000000	97.610	85.9479
2620.000000	97.563	94.9398
2650.000000	97.505	101.8031
2690.000000	97.406	111.1198
2720.000000	97.320	118.2346
2760.000000	97.195	127.8640
2800.000000	97.059	137.6437
2850.000000	96.877	150.0809
2900.000000	96.687	162.7238
2950.000000	96.493	175.5615
3000.000000	96.295	-171.4281
3040.000000	96.136	-160.8987
3070.000000	96.019	-152.9409
3110.000000	95.864	-142.2482
3150.000000	95.716	-131.4609
3200.000000	95.546	-117.8593
3250.000000	95.388	-104.1660
3300.000000	95.237	-90.3711
3350.000000	95.078	-76.4544
3400.000000	94.900	-62.4004
3450.000000	94.702	-48.1447
3500.000000	94.498	-33.6578
3550.000000	94.307	-18.9851
3600.000000	94.138	-4.1686
3650.000000	93.996	10.7306
3700.000000	93.887	25.6741
3750.000000	93.812	40.6246
3820.000000	93.753	61.5715
3870.000000	93.729	76.5413
3950.000000	93.697	100.4541
4000.000000	93.657	115.4134
4060.000000	93.574	133.4327
4120.000000	93.475	151.6039
4180.000000	93.381	169.9082
4250.000000	93.300	-168.6677
4310.000000	93.263	-150.3190
4370.000000	93.254	-132.0308
4440.000000	93.273	-110.7914
4500.000000	93.306	-92.6561
4550.000000	93.342	-77.5820
4620.000000	93.403	-56.5490
4680.000000	93.469	-38.5849
4750.000000	93.561	-17.6882
4820.000000	93.668	3.1108
4870.000000	93.753	17.8775
4940.000000	93.878	38.4139
5000.000000	93.984	55.8610
5080.000000	94.106	78.9194
5150.000000	94.182	98.9169
5220.000000	94.216	118.7523
5300.000000	94.190	141.2677
5380.000000	94.074	163.6758
5450.000000	93.887	-176.7096
5520.000000	93.615	-156.9221
5600.000000	93.197	-133.8009
5700.000000	92.534	-103.5515
5800.000000	91.792	-71.0276
5900.000000	91.152	-35.7158
6000.000000	90.845	2.1133
6080.000000	90.960	33.3148
6150.000000	91.344	60.4537
6220.000000	91.959	86.8225
6300.000000	92.864	115.5258
6400.000000	94.164	149.0300
6500.000000	95.525	179.9210
6600.000000	96.839	-151.6484
6700.000000	98.003	-125.4863
6800.000000	98.917	-101.2209
6900.000000	99.496	-78.1963
7000.000000	99.699	-55.5208
7100.000000	99.553	-32.2754
7200.000000	99.142	-7.8068
7300.000000	98.567	18.1447
7400.000000	97.907	45.5697
7500.000000	97.217	74.3547
7620.000000	96.405	110.4789
7750.000000	95.589	151.3030
7880.000000	94.885	-166.2421
8000.000000	94.409	-125.5516
8120.000000	94.228	-83.5709
8250.000000	94.509	-37.7362
8380.000000	95.254	6.3193
8500.000000	96.085	44.1572
8620.000000	96.795	79.8025
8750.000000	97.337	117.3884
8850.000000	97.629	146.2893
9000.000000	97.976	-169.9683
9120.000000	98.238	-134.7676
9250.000000	98.532	-96.7119
9380.000000	98.828	-58.9612
9500.000000	99.099	-24.4866
9620.000000	99.359	9.4534
9750.000000	99.584	45.4751
9880.000000	99.692	80.8359
10000.000000	99.654	113.1423
10150.000000	99.396	153.5127
10300.000000	98.917	-165.5994
10440.000000	98.313	-126.5669
10600.000000	97.504	-80.6592
10750.000000	96.696	-36.3032
10900.000000	95.895	9.2195
11060.000000	95.087	58.8647
11200.000000	94.441	103.0549
11380.000000	93.714	160.6492
11500.000000	93.299	-160.6025
11720.000000	92.692	-89.0232
11800.000000	92.521	-62.8628
12060.000000	92.155	22.4163
12200.000000	92.087	68.3582
12410.000000	92.156	137.0681
12500.000000	92.252	166.3774
12650.000000	92.506	-145.0708
12800.000000	92.882	-97.0254
13150.000000	94.235	11.6086
13200.000000	94.473	26.5183
13400.000000	95.450	83.9746
13600.000000	96.263	137.4526
13800.000000	96.574	-172.4902
14000.000000	96.189	-123.6116
14300.000000	94.584	-46.4707
14500.000000	93.147	9.5234
14750.000000	91.256	84.1086
15000.000000	89.504	162.0815
15250.000000	87.977	-118.0703
15500.000000	86.653	-37.2964
15750.000000	85.461	43.8008
16000.000000	84.387	124.9434
16250.000000	83.453	-153.9243
16500.000000	83.064	-73.1426
16750.000000	83.495	4.9634
17000.000000	84.356	80.7031
17250.000000	85.590	153.5161
17500.000000	87.041	-139.0708
17750.000000	88.201	-78.6064
18000.000000	88.384	-23.7896
18250.000000	87.247	30.0239
18500.000000	85.082	87.2666
18750.000000	82.513	149.0088
19000.000000	80.021	-146.3462
19250.000000	77.763	-80.9570
19500.000000	75.673	-16.3105
19750.000000	73.697	47.3022
20000.000000	72.296	115.3896
