* Measurement data measured by REW V5.31
* Source: Headset (USB-C to 3.5mm Headphone Jack Adapter), MICROPHONE, L, volume: 0.250. Timing signal peak level -28.0 dBFS, measurement signal peak level -27.8 dBFS
* Format: 1M Log Swept Sine, 1 sweep at 0.0 dBFS using an acoustic timing reference
* Dated: 11-Apr-2024 15:32:17
* REW Settings:
*  C-weighting compensation: Off
*  Target level: 75.0 dB
* Note: ; Delay -0.9215 ms (-316 mm, -(1 ft 0.44 in)) using estimated IR delay relative to Acoustic reference played from SPEAKER R with no timing offset Clock adjustment: 56.8 ppm
* Measurement: IE600Velvet R5
* Smoothing: 1/24 octave
* Frequency Step: 1/48 octave
* Start Frequency: 20.000 Hz
*
* Freq(Hz)	SPL(dB)	Phase(degrees)
20.000000	117.536	-146.7482
20.299999	117.563	-147.8087
20.600000	117.575	-148.7830
20.900000	117.583	-149.6416
21.200001	117.595	-150.4009
21.400000	117.608	-150.8728
21.799999	117.639	-151.7866
22.000000	117.657	-152.2435
22.400000	117.689	-153.1651
22.700001	117.709	-153.8539
23.000000	117.724	-154.5307
23.299999	117.736	-155.1909
23.600000	117.745	-155.8342
24.000000	117.754	-156.6726
24.299999	117.761	-157.2970
24.700001	117.770	-158.1456
25.000000	117.776	-158.8099
25.400000	117.778	-159.7421
25.799999	117.768	-160.7062
26.200001	117.745	-161.6480
26.500000	117.721	-162.3051
26.900000	117.689	-163.0944
27.200001	117.671	-163.6314
27.600000	117.659	-164.3156
28.000000	117.659	-165.0128
28.500000	117.666	-165.9426
29.000000	117.669	-166.9175
29.500000	117.661	-167.8795
30.000000	117.644	-168.7800
30.400000	117.627	-169.4420
30.700001	117.613	-169.9057
31.100000	117.593	-170.4882
31.500000	117.573	-171.0410
32.000000	117.546	-171.7030
32.500000	117.516	-172.3399
33.000000	117.484	-172.9601
33.500000	117.451	-173.5806
34.000000	117.415	-174.2141
34.500000	117.375	-174.8546
35.000000	117.331	-175.4852
35.500000	117.287	-176.0993
36.000000	117.246	-176.7053
36.500000	117.208	-177.3113
37.000000	117.172	-177.9137
37.500000	117.139	-178.5074
38.200001	117.103	-179.3470
38.700001	117.079	-179.9870
39.500000	117.017	178.9483
40.000000	116.954	178.3803
40.599998	116.871	177.9424
41.200001	116.815	177.7170
41.799999	116.796	177.4506
42.500000	116.779	176.8854
43.099998	116.733	176.3455
43.700001	116.678	175.9279
44.400002	116.635	175.4709
45.000000	116.600	174.9298
45.500000	116.551	174.4262
46.200001	116.459	173.8575
46.799999	116.389	173.5170
47.500000	116.326	173.1230
48.200001	116.266	172.6858
48.700001	116.225	172.3810
49.400002	116.175	171.9354
50.000000	116.131	171.4954
50.799999	116.052	170.9195
51.500000	115.975	170.5424
52.200001	115.908	170.2526
53.000000	115.845	169.9126
53.799999	115.786	169.5417
54.500000	115.734	169.2162
55.200001	115.680	168.8881
56.000000	115.614	168.5093
57.000000	115.522	168.0895
58.000000	115.433	167.7475
59.000000	115.349	167.4091
60.000000	115.261	167.0802
60.799999	115.190	166.8515
61.500000	115.131	166.6618
62.200001	115.075	166.4608
63.000000	115.008	166.2220
64.000000	114.922	165.9556
65.000000	114.839	165.7480
66.000000	114.764	165.5541
67.000000	114.689	165.3390
68.000000	114.610	165.1452
69.000000	114.532	165.0202
70.000000	114.469	164.9096
71.000000	114.409	164.6846
72.000000	114.336	164.4525
73.000000	114.263	164.2492
74.000000	114.182	164.1355
75.000000	114.122	164.1329
76.199997	114.050	163.9137
77.500000	113.937	164.0255
78.800003	113.873	164.0447
80.000000	113.759	163.9108
81.199997	113.656	164.0436
82.500000	113.570	163.8901
83.800003	113.461	163.6882
85.000000	113.379	163.6269
86.199997	113.314	163.5328
87.500000	113.237	163.4777
88.500000	113.174	163.5572
90.000000	113.085	163.7026
91.199997	112.997	163.8325
92.500000	112.906	164.0444
93.800003	112.838	164.2576
95.000000	112.800	164.3047
96.199997	112.766	164.2057
97.500000	112.709	163.9974
98.800003	112.633	163.9245
100.000000	112.557	163.8967
101.500000	112.451	163.9854
103.000000	112.353	164.1138
104.400002	112.276	164.3226
106.000000	112.207	164.5230
107.500000	112.130	164.7752
109.000000	112.050	165.2620
110.599998	111.964	165.6697
112.000000	111.858	165.9310
113.800003	111.721	166.2521
115.000000	111.649	166.3347
117.199997	111.527	166.3175
118.000000	111.487	166.4104
120.599998	111.399	166.8282
122.000000	111.336	167.0204
124.099998	111.221	167.4711
125.000000	111.177	167.6888
126.500000	111.117	167.9901
128.000000	111.058	168.2287
131.500000	110.920	169.0729
132.000000	110.906	169.2055
134.000000	110.858	169.5662
136.000000	110.797	169.6495
138.000000	110.708	169.6699
140.000000	110.609	169.8813
143.000000	110.462	170.6099
145.000000	110.363	171.1727
147.500000	110.253	171.7004
150.000000	110.182	172.1551
152.500000	110.131	172.8571
155.000000	110.059	173.7761
157.500000	109.955	174.4715
160.000000	109.869	174.8518
162.500000	109.813	175.3293
165.000000	109.759	176.0054
167.500000	109.657	176.6565
170.000000	109.557	177.2512
172.500000	109.453	177.7636
175.000000	109.348	178.5637
177.500000	109.274	179.1703
180.000000	109.186	179.5302
182.500000	109.096	-179.7698
185.000000	109.040	-178.8511
187.500000	108.997	-178.0936
190.000000	108.940	-177.4590
192.500000	108.869	-176.8649
195.000000	108.807	-176.3570
197.500000	108.767	-175.8607
200.000000	108.736	-175.1889
203.000000	108.674	-174.2347
206.000000	108.602	-173.4544
209.000000	108.568	-172.7113
212.000000	108.539	-171.7076
214.000000	108.498	-170.9876
218.000000	108.401	-169.9326
220.000000	108.367	-169.4510
224.000000	108.307	-168.3979
227.000000	108.251	-167.5971
230.000000	108.194	-166.8480
233.000000	108.138	-166.0894
236.000000	108.075	-165.3304
240.000000	107.995	-164.1051
243.000000	107.958	-163.1476
247.000000	107.908	-162.1503
250.000000	107.852	-161.4342
254.000000	107.779	-160.2837
258.000000	107.725	-159.0552
262.000000	107.680	-157.9331
265.000000	107.644	-157.2029
269.000000	107.594	-156.2435
272.000000	107.558	-155.5526
276.000000	107.518	-154.5359
280.000000	107.487	-153.3557
285.000000	107.426	-151.9848
290.000000	107.354	-150.7090
295.000000	107.292	-149.3127
300.000000	107.237	-147.8886
304.000000	107.194	-146.7517
307.000000	107.161	-145.9107
311.000000	107.118	-144.8001
315.000000	107.075	-143.6997
320.000000	107.024	-142.3094
325.000000	106.976	-140.8944
330.000000	106.929	-139.4812
335.000000	106.882	-138.0892
340.000000	106.837	-136.6939
345.000000	106.792	-135.2716
350.000000	106.748	-133.8232
355.000000	106.703	-132.3748
360.000000	106.658	-130.9361
365.000000	106.616	-129.4644
370.000000	106.578	-127.9481
375.000000	106.546	-126.3973
382.000000	106.516	-124.1866
387.000000	106.510	-122.6370
395.000000	106.521	-120.3336
400.000000	106.525	-119.0286
406.000000	106.514	-117.5321
412.000000	106.486	-116.0108
418.000000	106.454	-114.4143
425.000000	106.422	-112.5162
431.000000	106.394	-110.9389
437.000000	106.365	-109.3597
444.000000	106.329	-107.4036
450.000000	106.298	-105.6610
455.000000	106.275	-104.2253
462.000000	106.250	-102.2913
468.000000	106.235	-100.6648
475.000000	106.216	-98.7173
482.000000	106.191	-96.7137
487.000000	106.172	-95.2728
494.000000	106.146	-93.2657
500.000000	106.131	-91.5565
508.000000	106.116	-89.3634
515.000000	106.099	-87.4289
522.000000	106.079	-85.4285
530.000000	106.056	-83.1078
538.000000	106.040	-80.7930
545.000000	106.035	-78.7805
552.000000	106.033	-76.7981
560.000000	106.031	-74.5796
570.000000	106.022	-71.7197
580.000000	106.002	-68.7921
590.000000	105.986	-65.8820
600.000000	105.986	-63.0479
608.000000	105.988	-60.7935
615.000000	105.988	-58.7871
622.000000	105.986	-56.7319
630.000000	105.982	-54.3659
640.000000	105.986	-51.4709
650.000000	105.996	-48.6215
660.000000	106.007	-45.7244
670.000000	106.015	-42.7674
680.000000	106.026	-39.8329
690.000000	106.042	-36.9414
700.000000	106.057	-34.0332
710.000000	106.069	-31.0737
720.000000	106.083	-28.0957
730.000000	106.105	-25.1535
740.000000	106.135	-22.2439
750.000000	106.167	-19.3120
762.000000	106.201	-15.7392
775.000000	106.237	-11.8542
788.000000	106.279	-8.0082
800.000000	106.323	-4.4562
812.000000	106.372	-0.8760
825.000000	106.433	2.9830
838.000000	106.502	6.8124
850.000000	106.564	10.3654
862.000000	106.626	13.9438
875.000000	106.696	17.8084
885.000000	106.756	20.7467
900.000000	106.855	25.1187
912.000000	106.938	28.6205
925.000000	107.028	32.4213
938.000000	107.119	36.1869
950.000000	107.195	39.6124
962.000000	107.259	42.9995
975.000000	107.335	46.6366
988.000000	107.438	50.2376
1000.000000	107.547	53.5257
1015.000000	107.682	57.5888
1030.000000	107.811	61.5976
1044.000000	107.917	65.3186
1060.000000	108.022	69.6106
1075.000000	108.109	73.7150
1090.000000	108.198	77.8720
1106.000000	108.306	82.2911
1120.000000	108.413	86.1146
1138.000000	108.560	90.9629
1150.000000	108.659	94.1500
1172.000000	108.833	99.8932
1180.000000	108.895	101.9544
1206.000000	109.094	108.5616
1220.000000	109.199	112.0746
1241.000000	109.354	117.3066
1250.000000	109.419	119.5367
1265.000000	109.526	123.2449
1280.000000	109.631	126.9441
1315.000000	109.873	135.5341
1320.000000	109.906	136.7563
1340.000000	110.037	141.6414
1360.000000	110.161	146.5323
1380.000000	110.281	151.4305
1400.000000	110.402	156.3260
1430.000000	110.585	163.6760
1450.000000	110.704	168.5896
1475.000000	110.846	174.7367
1500.000000	110.977	-179.1049
1525.000000	111.108	-172.9312
1550.000000	111.250	-166.7678
1575.000000	111.397	-160.6108
1600.000000	111.534	-154.4397
1625.000000	111.661	-148.2502
1650.000000	111.789	-142.0789
1675.000000	111.926	-135.9290
1700.000000	112.065	-129.7828
1725.000000	112.200	-123.6346
1750.000000	112.333	-117.4959
1775.000000	112.466	-111.3765
1800.000000	112.600	-105.2726
1825.000000	112.736	-99.1911
1850.000000	112.870	-93.1279
1875.000000	113.002	-87.0772
1900.000000	113.133	-81.0528
1925.000000	113.266	-75.0582
1950.000000	113.396	-69.0858
1975.000000	113.520	-63.1347
2000.000000	113.637	-57.2094
2030.000000	113.773	-50.1386
2060.000000	113.909	-43.1130
2090.000000	114.043	-36.1208
2120.000000	114.166	-29.1543
2140.000000	114.242	-24.5268
2180.000000	114.383	-15.3228
2200.000000	114.450	-10.7388
2240.000000	114.572	-1.6005
2270.000000	114.652	5.2319
2300.000000	114.717	12.0547
2330.000000	114.769	18.8666
2360.000000	114.813	25.6666
2400.000000	114.857	34.7386
2430.000000	114.874	41.5677
2470.000000	114.877	50.7047
2500.000000	114.865	57.5831
2540.000000	114.828	66.8039
2580.000000	114.772	76.1068
2620.000000	114.700	85.4927
2650.000000	114.636	92.5928
2690.000000	114.536	102.1525
2720.000000	114.450	109.3953
2760.000000	114.321	119.1476
2800.000000	114.179	129.0228
2850.000000	113.989	141.5502
2900.000000	113.793	154.3086
2950.000000	113.588	167.3208
3000.000000	113.383	-179.4070
3040.000000	113.233	-168.6094
3070.000000	113.137	-160.4397
3110.000000	113.030	-149.5040
3150.000000	112.942	-138.5884
3200.000000	112.845	-125.0361
3250.000000	112.748	-111.5381
3300.000000	112.648	-98.0004
3350.000000	112.535	-84.3477
3400.000000	112.398	-70.5629
3450.000000	112.241	-56.6447
3500.000000	112.075	-42.6044
3550.000000	111.914	-28.4520
3600.000000	111.764	-14.1937
3650.000000	111.624	0.1625
3700.000000	111.497	14.5969
3750.000000	111.390	29.1018
3820.000000	111.284	49.4887
3870.000000	111.228	64.1144
3950.000000	111.149	87.6049
4000.000000	111.090	102.3223
4060.000000	110.992	120.0258
4120.000000	110.881	137.7538
4180.000000	110.766	155.4966
4250.000000	110.636	176.2083
4310.000000	110.538	-166.0396
4370.000000	110.452	-148.2922
4440.000000	110.362	-127.5862
4500.000000	110.291	-109.8457
4550.000000	110.235	-95.0597
4620.000000	110.158	-74.3638
4680.000000	110.095	-56.6356
4750.000000	110.022	-35.9551
4820.000000	109.942	-15.2446
4870.000000	109.875	-0.3987
4940.000000	109.767	20.4792
5000.000000	109.663	38.4814
5080.000000	109.509	62.6708
5150.000000	109.358	84.0427
5220.000000	109.185	105.6667
5300.000000	108.954	130.8052
5380.000000	108.703	156.5513
5450.000000	108.512	179.6508
5520.000000	108.388	-156.7397
5600.000000	108.365	-129.2842
5700.000000	108.537	-94.6835
5800.000000	108.915	-60.3365
5900.000000	109.458	-26.6636
6000.000000	110.105	6.1617
6080.000000	110.653	31.8171
6150.000000	111.141	53.8586
6220.000000	111.633	75.5656
6300.000000	112.200	100.0088
6400.000000	112.922	130.0331
6500.000000	113.655	159.4176
6600.000000	114.380	-171.9554
6700.000000	115.075	-144.1980
6800.000000	115.715	-117.3582
6900.000000	116.251	-91.3773
7000.000000	116.628	-66.0679
7100.000000	116.815	-41.1118
7200.000000	116.806	-16.1323
7300.000000	116.621	9.2261
7400.000000	116.283	35.2548
7500.000000	115.823	62.1652
7620.000000	115.164	95.7612
7750.000000	114.389	133.7825
7880.000000	113.618	173.4912
8000.000000	112.971	-148.3264
8120.000000	112.461	-108.5981
8250.000000	112.196	-63.8965
8380.000000	112.416	-18.3142
8500.000000	113.102	22.6663
8620.000000	114.043	60.7917
8750.000000	114.979	98.6914
8850.000000	115.493	126.4097
9000.000000	115.928	167.5930
9120.000000	116.092	-158.9592
9250.000000	116.192	-122.0769
9380.000000	116.271	-84.7607
9500.000000	116.358	-50.1816
9620.000000	116.467	-15.7109
9750.000000	116.593	21.3000
9880.000000	116.697	57.8499
10000.000000	116.743	91.1709
10150.000000	116.690	132.3706
10300.000000	116.476	173.3350
10440.000000	116.122	-148.2900
10600.000000	115.551	-103.8445
10750.000000	114.888	-61.3286
10900.000000	114.145	-17.8496
11060.000000	113.318	29.6228
11200.000000	112.603	72.0273
11380.000000	111.732	127.5547
11500.000000	111.193	165.1035
11720.000000	110.305	-125.1541
11800.000000	110.020	-99.5532
12060.000000	109.248	-15.6914
12200.000000	108.935	29.7725
12410.000000	108.605	98.1992
12500.000000	108.517	127.5725
12650.000000	108.445	176.5496
12800.000000	108.472	-134.5020
13150.000000	108.984	-20.8508
13200.000000	109.115	-4.7449
13400.000000	109.799	59.0986
13600.000000	110.787	121.4453
13800.000000	112.135	-178.9197
14000.000000	113.811	-123.7449
14300.000000	115.975	-51.9297
14500.000000	116.176	-9.1094
14750.000000	114.645	46.5479
15000.000000	111.987	110.3818
15250.000000	109.195	-177.9531
15500.000000	106.685	-101.3066
15750.000000	104.589	-21.7500
16000.000000	102.903	56.8696
16250.000000	101.201	135.2183
16500.000000	99.761	-145.9502
16750.000000	98.965	-67.3770
17000.000000	98.670	10.5156
17250.000000	98.663	87.4043
17500.000000	98.877	162.9087
17750.000000	99.287	-123.5649
18000.000000	99.882	-52.8677
18250.000000	100.585	14.0146
18500.000000	101.202	76.3037
18750.000000	101.429	134.0610
19000.000000	100.982	-171.4146
19250.000000	99.762	-118.1035
19500.000000	97.869	-64.3813
19750.000000	95.590	-9.3877
20000.000000	93.819	52.8770
