* Measurement data measured by REW V5.31.1
* Source: Input device not selected, no input selected, R, volume: no control. Timing signal peak level -18.2 dBFS, measurement signal peak level -18.2 dBFS
* Format: 256k Log Swept Sine, 1 sweep at -12.0 dBFS using an acoustic timing reference
* Dated: 31-Jul-2024 15:01:18
* REW Settings:
*  C-weighting compensation: Off
*  Target level: 75.0 dB
* Note: ; Delay -0.0987 ms (-34 mm, -1.33 in) using estimated IR delay relative to Acoustic reference played from  R with no timing offset
* Measurement: IE600Sil R2
* Smoothing: 1/24 octave
* Frequency Step: 1/96 octave
* Start Frequency: 20.000 Hz
*
* Freq(Hz)	SPL(dB)	Phase(degrees)
20.000000	119.701	-153.9616
20.144928	119.699	-154.4681
20.290907	119.693	-154.9594
20.437943	119.685	-155.4292
20.586044	119.675	-155.8717
20.735220	119.665	-156.2850
20.885475	119.656	-156.6700
21.036821	119.649	-157.0297
21.189262	119.646	-157.3708
21.342808	119.647	-157.7022
21.497467	119.653	-158.0322
21.653246	119.662	-158.3704
21.810154	119.674	-158.7242
21.968201	119.689	-159.0985
22.127390	119.704	-159.4965
22.287735	119.718	-159.9170
22.449242	119.731	-160.3575
22.611917	119.742	-160.8137
22.775772	119.749	-161.2800
22.940815	119.753	-161.7519
23.107054	119.754	-162.2247
23.274498	119.752	-162.6949
23.443153	119.747	-163.1596
23.613033	119.739	-163.6158
23.784142	119.728	-164.0591
23.956491	119.714	-164.4838
24.130091	119.696	-164.8817
24.304947	119.676	-165.2430
24.481071	119.654	-165.5584
24.658470	119.633	-165.8197
24.837156	119.616	-166.0259
25.017136	119.608	-166.1835
25.198421	119.610	-166.3096
25.381020	119.628	-166.4344
25.564941	119.660	-166.5928
25.750195	119.707	-166.8275
25.936790	119.762	-167.1715
26.124741	119.820	-167.6505
26.314051	119.871	-168.2688
26.504732	119.908	-169.0106
26.696796	119.922	-169.8394
26.890253	119.908	-170.6982
27.085112	119.866	-171.5218
27.281382	119.797	-172.2377
27.479073	119.709	-172.7861
27.678198	119.614	-173.1239
27.878765	119.527	-173.2462
28.080786	119.462	-173.1844
28.284271	119.431	-173.0192
28.489231	119.439	-172.8507
28.695675	119.482	-172.7938
28.903616	119.550	-172.9322
29.113064	119.624	-173.3158
29.324028	119.689	-173.9400
29.536524	119.729	-174.7609
29.750557	119.734	-175.6959
29.966141	119.701	-176.6535
30.183289	119.632	-177.5333
30.402010	119.536	-178.2587
30.622314	119.425	-178.7768
30.844217	119.315	-179.0781
31.067726	119.218	-179.1901
31.292856	119.146	-179.1784
31.519617	119.099	-179.1183
31.748020	119.077	-179.0831
31.978081	119.072	-179.1229
32.209808	119.076	-179.2586
32.443211	119.081	-179.4852
32.678310	119.084	-179.7831
32.915108	119.082	179.8697
33.153625	119.077	179.4899
33.393871	119.069	179.0833
33.635857	119.059	178.6497
33.879597	119.044	178.1879
34.125103	119.022	177.7044
34.372387	118.991	177.2159
34.621464	118.950	176.7505
34.872345	118.900	176.3378
35.125042	118.845	176.0012
35.379574	118.791	175.7493
35.635948	118.745	175.5696
35.894180	118.711	175.4326
36.154285	118.689	175.2982
36.416275	118.676	175.1305
36.680161	118.669	174.9088
36.945961	118.661	174.6311
37.213688	118.648	174.3134
37.483353	118.628	173.9803
37.754974	118.603	173.6553
38.028561	118.575	173.3545
38.304131	118.545	173.0807
38.581699	118.518	172.8264
38.861279	118.492	172.5798
39.142883	118.468	172.3299
39.426529	118.443	172.0717
39.712231	118.418	171.8070
40.000000	118.390	171.5409
40.289856	118.362	171.2776
40.581814	118.333	171.0172
40.875885	118.304	170.7544
41.172089	118.277	170.4818
41.470440	118.250	170.1934
41.770950	118.220	169.8886
42.073643	118.188	169.5742
42.378525	118.150	169.2623
42.685616	118.109	168.9664
42.994934	118.066	168.6968
43.306492	118.022	168.4573
43.620308	117.980	168.2447
43.936401	117.941	168.0504
44.254780	117.906	167.8636
44.575470	117.873	167.6754
44.898483	117.843	167.4793
45.223835	117.814	167.2726
45.551544	117.784	167.0553
45.881630	117.754	166.8299
46.214108	117.721	166.6015
46.548996	117.686	166.3772
46.886307	117.649	166.1641
47.226067	117.612	165.9669
47.568283	117.575	165.7845
47.912983	117.540	165.6104
48.260181	117.507	165.4344
48.609894	117.476	165.2486
48.962143	117.444	165.0500
49.316940	117.411	164.8420
49.674313	117.377	164.6311
50.034271	117.340	164.4229
50.396843	117.304	164.2188
50.762039	117.267	164.0160
51.129883	117.230	163.8105
51.500389	117.192	163.6003
51.873581	117.152	163.3868
52.249481	117.112	163.1735
52.628101	117.070	162.9641
53.009464	117.029	162.7611
53.393593	116.987	162.5656
53.780506	116.947	162.3779
54.170223	116.906	162.1973
54.562763	116.866	162.0227
54.958145	116.827	161.8515
55.356396	116.788	161.6810
55.757530	116.749	161.5101
56.161572	116.710	161.3402
56.568542	116.671	161.1741
56.978462	116.631	161.0134
57.391350	116.593	160.8565
57.807232	116.555	160.6990
58.226128	116.518	160.5367
58.648056	116.480	160.3695
59.073048	116.441	160.2021
59.501114	116.400	160.0408
59.932281	116.359	159.8893
60.366577	116.317	159.7455
60.804020	116.276	159.6039
61.244629	116.234	159.4608
61.688435	116.191	159.3182
62.135452	116.146	159.1830
62.585712	116.099	159.0618
63.039234	116.052	158.9555
63.496040	116.007	158.8578
63.956161	115.962	158.7591
64.419617	115.917	158.6534
64.886421	115.871	158.5432
65.356621	115.822	158.4365
65.830215	115.773	158.3403
66.307251	115.723	158.2568
66.787743	115.673	158.1846
67.271713	115.624	158.1241
67.759193	115.575	158.0765
68.250206	115.527	158.0413
68.744774	115.480	158.0193
69.242928	115.433	158.0228
69.744690	115.386	158.0735
70.250084	115.347	158.1764
70.759148	115.319	158.2933
71.271896	115.301	158.3599
71.788361	115.284	158.3433
72.308571	115.257	158.2827
72.832550	115.220	158.2555
73.360321	115.183	158.3010
73.891922	115.155	158.3822
74.427376	115.137	158.4277
74.966705	115.123	158.3984
75.509949	115.107	158.3022
76.057121	115.087	158.1601
76.608261	115.063	157.9833
77.163399	115.033	157.7820
77.722557	114.998	157.5744
78.285767	114.959	157.3763
78.853058	114.918	157.1896
79.424461	114.876	157.0098
80.000000	114.831	156.8395
80.579712	114.783	156.6879
81.163628	114.734	156.5607
81.751770	114.685	156.4551
82.344177	114.635	156.3647
82.940880	114.585	156.2840
83.541901	114.533	156.2104
84.147285	114.480	156.1453
84.757050	114.426	156.0916
85.371231	114.370	156.0503
85.989868	114.314	156.0188
86.612984	114.258	155.9937
87.240616	114.202	155.9735
87.872803	114.145	155.9593
88.509560	114.087	155.9525
89.150940	114.029	155.9545
89.796967	113.970	155.9662
90.447670	113.910	155.9883
91.103088	113.849	156.0233
91.763260	113.786	156.0759
92.428215	113.724	156.1494
93.097992	113.661	156.2426
93.772614	113.599	156.3518
94.452133	113.536	156.4772
95.136566	113.472	156.6245
95.825966	113.407	156.8006
96.520363	113.341	157.0095
97.219788	113.276	157.2515
97.924286	113.211	157.5259
98.633881	113.148	157.8358
99.348625	113.086	158.1903
100.068542	113.028	158.5980
100.793686	112.977	159.0608
101.524078	112.935	159.5720
102.259766	112.906	160.1227
103.000778	112.892	160.7070
103.747162	112.895	161.3123
104.498962	112.920	161.9088
105.256203	112.965	162.4600
106.018929	113.031	162.9217
106.787186	113.113	163.2286
107.561012	113.199	163.3331
108.340446	113.278	163.2549
109.125526	113.343	163.0488
109.916290	113.391	162.7529
110.712791	113.423	162.3912
111.515060	113.437	161.9904
112.323143	113.431	161.5881
113.137085	113.408	161.2334
113.956924	113.374	160.9538
114.782700	113.336	160.7368
115.614464	113.296	160.5648
116.452255	113.257	160.4273
117.296112	113.219	160.2973
118.146095	113.181	160.1535
119.002228	113.140	160.0131
119.864563	113.098	159.9053
120.733154	113.060	159.8245
121.608040	113.026	159.7433
122.489258	112.993	159.6586
123.376869	112.957	159.5921
124.270905	112.920	159.5576
125.171425	112.881	159.5522
126.078468	112.840	159.5677
126.992081	112.796	159.6063
127.912323	112.748	159.6867
128.839233	112.702	159.8199
129.772842	112.660	159.9940
130.713242	112.625	160.1920
131.660431	112.601	160.3993
132.614502	112.586	160.5959
133.575485	112.580	160.7606
134.543427	112.582	160.8746
135.518387	112.587	160.9221
136.500412	112.592	160.8932
137.489548	112.593	160.7910
138.485855	112.586	160.6335
139.489380	112.570	160.4458
140.500168	112.545	160.2517
141.518295	112.511	160.0750
142.543793	112.471	159.9346
143.576721	112.425	159.8352
144.617142	112.376	159.7692
145.665100	112.325	159.7293
146.720642	112.273	159.7125
147.783844	112.220	159.7158
148.854752	112.169	159.7374
149.933411	112.121	159.7733
151.019897	112.076	159.8199
152.114243	112.034	159.8744
153.216522	111.995	159.9325
154.326797	111.957	159.9927
155.445114	111.920	160.0558
156.571533	111.884	160.1234
157.706116	111.849	160.1979
158.848923	111.815	160.2827
160.000000	111.783	160.3781
161.159424	111.752	160.4822
162.327255	111.722	160.5917
163.503540	111.691	160.7014
164.688354	111.656	160.8088
165.881760	111.617	160.9149
167.083801	111.575	161.0205
168.294571	111.529	161.1251
169.514099	111.482	161.2317
170.742462	111.432	161.3452
171.979736	111.382	161.4660
173.225967	111.331	161.5929
174.481232	111.281	161.7247
175.745605	111.233	161.8595
177.019119	111.188	161.9971
178.301880	111.146	162.1361
179.593933	111.109	162.2729
180.895340	111.076	162.4077
182.206177	111.047	162.5444
183.526520	111.020	162.6865
184.856430	110.995	162.8342
186.195984	110.971	162.9849
187.545227	110.948	163.1356
188.904266	110.924	163.2845
190.273132	110.900	163.4331
191.651932	110.875	163.5845
193.040726	110.850	163.7407
194.439575	110.823	163.9012
195.848572	110.794	164.0641
197.267761	110.763	164.2277
198.697250	110.730	164.3918
200.137085	110.697	164.5569
201.587372	110.663	164.7238
203.048157	110.630	164.8928
204.519531	110.599	165.0652
206.001556	110.567	165.2417
207.494324	110.536	165.4218
208.997925	110.506	165.6044
210.512405	110.475	165.7890
212.037857	110.444	165.9750
213.574371	110.413	166.1626
215.122025	110.382	166.3531
216.680893	110.351	166.5480
218.251053	110.319	166.7483
219.832581	110.288	166.9537
221.425583	110.256	167.1640
223.030121	110.224	167.3796
224.646286	110.191	167.6008
226.274170	110.159	167.8270
227.913849	110.127	168.0580
229.565399	110.096	168.2941
231.228928	110.066	168.5372
232.904510	110.037	168.7920
234.592224	110.009	169.0659
236.292191	109.983	169.3609
238.004456	109.960	169.6700
239.729126	109.940	169.9865
241.466309	109.924	170.3053
243.216080	109.912	170.6210
244.978516	109.905	170.9266
246.753738	109.903	171.2126
248.541809	109.904	171.4685
250.342850	109.906	171.6867
252.156937	109.907	171.8654
253.984161	109.906	172.0081
255.824646	109.901	172.1247
257.678467	109.892	172.2267
259.545685	109.878	172.3265
261.426483	109.862	172.4329
263.320862	109.842	172.5511
265.229004	109.820	172.6818
267.150970	109.797	172.8242
269.086853	109.773	172.9785
271.036774	109.749	173.1451
273.000824	109.724	173.3234
274.979095	109.700	173.5125
276.971710	109.675	173.7112
278.978760	109.652	173.9174
281.000336	109.629	174.1279
283.036591	109.607	174.3395
285.087585	109.585	174.5504
287.153442	109.564	174.7612
289.234283	109.543	174.9743
291.330200	109.523	175.1920
293.441284	109.503	175.4153
295.567688	109.484	175.6435
297.709503	109.464	175.8749
299.866821	109.445	176.1076
302.039795	109.426	176.3412
304.228485	109.407	176.5753
306.433044	109.388	176.8094
308.653595	109.369	177.0447
310.890228	109.350	177.2838
313.143066	109.332	177.5271
315.412231	109.313	177.7739
317.697845	109.295	178.0229
320.000000	109.276	178.2728
322.318848	109.258	178.5237
324.654510	109.241	178.7761
327.007080	109.225	179.0289
329.376709	109.209	179.2811
331.763519	109.192	179.5334
334.167603	109.176	179.7878
336.589142	109.160	-179.9562
339.028198	109.143	-179.6991
341.484924	109.127	-179.4404
343.959473	109.111	-179.1792
346.451935	109.095	-178.9152
348.962463	109.080	-178.6485
351.491211	109.066	-178.3793
354.038239	109.051	-178.1090
356.603760	109.038	-177.8383
359.187866	109.024	-177.5662
361.790680	109.010	-177.2917
364.412354	108.997	-177.0154
367.053040	108.983	-176.7387
369.712860	108.970	-176.4617
372.391968	108.957	-176.1830
375.090454	108.944	-175.9024
377.808533	108.931	-175.6203
380.546265	108.919	-175.3373
383.303864	108.907	-175.0527
386.081451	108.895	-174.7654
388.879150	108.884	-174.4759
391.697144	108.872	-174.1853
394.535522	108.861	-173.8938
397.394501	108.851	-173.6005
400.274170	108.840	-173.3064
403.174744	108.829	-173.0118
406.096313	108.819	-172.7168
409.039062	108.809	-172.4217
412.003113	108.799	-172.1262
414.988647	108.789	-171.8290
417.995850	108.779	-171.5304
421.024811	108.770	-171.2314
424.075714	108.760	-170.9311
427.148743	108.752	-170.6279
430.244049	108.743	-170.3217
433.361786	108.735	-170.0141
436.502106	108.727	-169.7063
439.665161	108.719	-169.3972
442.851166	108.711	-169.0853
446.060242	108.703	-168.7706
449.292572	108.695	-168.4540
452.548340	108.687	-168.1352
455.827698	108.679	-167.8148
459.130798	108.672	-167.4942
462.457855	108.665	-167.1725
465.809021	108.659	-166.8480
469.184448	108.652	-166.5210
472.584381	108.646	-166.1924
476.008911	108.640	-165.8633
479.458252	108.634	-165.5328
482.932617	108.629	-165.2001
486.432159	108.623	-164.8653
489.957031	108.617	-164.5285
493.507477	108.612	-164.1895
497.083618	108.607	-163.8485
500.685699	108.603	-163.5053
504.313873	108.598	-163.1589
507.968323	108.594	-162.8099
511.649292	108.591	-162.4597
515.356934	108.587	-162.1082
519.091370	108.583	-161.7544
522.852966	108.580	-161.3992
526.641724	108.577	-161.0437
530.458008	108.574	-160.6870
534.301941	108.572	-160.3270
538.173706	108.570	-159.9625
542.073547	108.568	-159.5943
546.001648	108.566	-159.2236
549.958191	108.564	-158.8512
553.943420	108.563	-158.4770
557.957520	108.562	-158.1011
562.000671	108.561	-157.7239
566.073181	108.560	-157.3457
570.175171	108.560	-156.9650
574.306885	108.561	-156.5815
578.468567	108.561	-156.1949
582.660400	108.562	-155.8048
586.882568	108.564	-155.4104
591.135376	108.565	-155.0123
595.419006	108.567	-154.6122
599.733643	108.568	-154.2109
604.079590	108.570	-153.8075
608.456970	108.573	-153.4021
612.866089	108.575	-152.9945
617.307190	108.579	-152.5833
621.780457	108.583	-152.1685
626.286133	108.588	-151.7509
630.824463	108.593	-151.3318
635.395691	108.599	-150.9115
640.000000	108.604	-150.4884
644.637695	108.610	-150.0614
649.309021	108.616	-149.6316
654.014160	108.623	-149.1996
658.753418	108.630	-148.7650
663.527039	108.638	-148.3268
668.335205	108.645	-147.8842
673.178284	108.653	-147.4373
678.056396	108.662	-146.9877
682.969849	108.670	-146.5372
687.918945	108.680	-146.0856
692.903870	108.689	-145.6314
697.924927	108.699	-145.1732
702.982422	108.710	-144.7094
708.076477	108.722	-144.2402
713.207520	108.734	-143.7678
718.375732	108.747	-143.2928
723.581360	108.761	-142.8145
728.824707	108.774	-142.3335
734.106079	108.789	-141.8501
739.425720	108.804	-141.3637
744.783936	108.819	-140.8742
750.180908	108.835	-140.3818
755.617065	108.852	-139.8857
761.092529	108.869	-139.3849
766.607727	108.888	-138.8794
772.162903	108.907	-138.3697
777.758301	108.926	-137.8574
783.394287	108.947	-137.3436
789.071045	108.969	-136.8280
794.789001	108.991	-136.3108
800.548340	109.014	-135.7919
806.349487	109.038	-135.2704
812.192627	109.063	-134.7455
818.078125	109.088	-134.2170
824.006226	109.115	-133.6850
829.977295	109.142	-133.1493
835.991699	109.170	-132.6109
842.049622	109.200	-132.0716
848.151428	109.230	-131.5319
854.297485	109.261	-130.9915
860.488098	109.294	-130.4498
866.723572	109.327	-129.9061
873.004211	109.360	-129.3601
879.330322	109.394	-128.8116
885.702332	109.429	-128.2613
892.120483	109.465	-127.7111
898.585144	109.502	-127.1619
905.096680	109.541	-126.6130
911.655396	109.581	-126.0642
918.261597	109.624	-125.5153
924.915710	109.668	-124.9660
931.618042	109.712	-124.4163
938.368896	109.755	-123.8667
945.168762	109.795	-123.3174
952.017822	109.829	-122.7692
958.916504	109.859	-122.2237
965.865234	109.890	-121.6838
972.864319	109.926	-121.1516
979.914062	109.972	-120.6272
987.014954	110.029	-120.1098
994.167236	110.093	-119.5989
1001.371399	110.160	-119.0952
1008.627747	110.230	-118.5990
1015.936646	110.299	-118.1102
1023.298584	110.367	-117.6298
1030.713867	110.433	-117.1583
1038.182739	110.497	-116.6952
1045.705933	110.559	-116.2387
1053.283447	110.620	-115.7887
1060.916016	110.681	-115.3455
1068.603882	110.741	-114.9086
1076.347412	110.801	-114.4781
1084.147095	110.861	-114.0546
1092.003296	110.921	-113.6386
1099.916382	110.981	-113.2304
1107.886841	111.041	-112.8301
1115.915039	111.101	-112.4387
1124.001343	111.162	-112.0575
1132.146362	111.222	-111.6862
1140.350342	111.283	-111.3229
1148.613770	111.342	-110.9667
1156.937134	111.401	-110.6180
1165.320801	111.459	-110.2773
1173.765137	111.517	-109.9445
1182.270752	111.574	-109.6199
1190.838013	111.631	-109.3038
1199.467285	111.688	-108.9952
1208.159180	111.744	-108.6933
1216.913940	111.800	-108.3962
1225.732178	111.857	-108.1020
1234.614380	111.913	-107.8100
1243.560913	111.969	-107.5210
1252.572266	112.025	-107.2362
1261.648926	112.081	-106.9557
1270.791382	112.138	-106.6789
1280.000000	112.195	-106.4057
1289.275391	112.252	-106.1356
1298.618042	112.309	-105.8670
1308.028320	112.367	-105.5984
1317.506836	112.423	-105.3291
1327.054077	112.480	-105.0590
1336.670410	112.536	-104.7887
1346.356567	112.592	-104.5192
1356.112793	112.648	-104.2510
1365.939697	112.704	-103.9843
1375.837891	112.759	-103.7181
1385.807739	112.814	-103.4508
1395.849854	112.869	-103.1815
1405.964844	112.923	-102.9102
1416.152954	112.976	-102.6371
1426.415039	113.030	-102.3622
1436.751465	113.083	-102.0853
1447.162720	113.135	-101.8062
1457.649414	113.188	-101.5250
1468.212158	113.240	-101.2421
1478.851440	113.292	-100.9575
1489.567871	113.344	-100.6699
1500.361816	113.396	-100.3773
1511.234131	113.447	-100.0781
1522.185059	113.497	-99.7709
1533.215454	113.547	-99.4549
1544.325806	113.598	-99.1297
1555.516602	113.648	-98.7945
1566.788574	113.699	-98.4471
1578.142090	113.750	-98.0841
1589.578003	113.803	-97.7018
1601.096680	113.858	-97.2977
1612.698975	113.916	-96.8707
1624.385254	113.978	-96.4221
1636.156250	114.047	-95.9577
1648.012451	114.123	-95.4888
1659.954590	114.207	-95.0319
1671.983398	114.301	-94.6065
1684.099243	114.402	-94.2322
1696.302856	114.507	-93.9241
1708.594971	114.613	-93.6888
1720.976196	114.718	-93.5231
1733.447144	114.817	-93.4155
1746.008423	114.910	-93.3502
1758.660645	114.997	-93.3112
1771.404663	115.077	-93.2849
1784.240967	115.151	-93.2618
1797.170288	115.221	-93.2359
1810.193359	115.288	-93.2033
1823.310791	115.351	-93.1626
1836.523193	115.413	-93.1135
1849.831421	115.473	-93.0568
1863.236084	115.532	-92.9932
1876.737793	115.589	-92.9238
1890.337524	115.644	-92.8504
1904.035645	115.699	-92.7745
1917.833008	115.752	-92.6967
1931.730469	115.804	-92.6172
1945.728638	115.856	-92.5357
1959.828125	115.906	-92.4511
1974.029907	115.956	-92.3626
1988.334473	116.005	-92.2688
2002.742798	116.053	-92.1682
2017.255493	116.101	-92.0596
2031.873291	116.149	-91.9420
2046.597168	116.198	-91.8157
2061.427734	116.249	-91.6840
2076.365479	116.302	-91.5526
2091.411865	116.359	-91.4291
2106.566895	116.418	-91.3235
2121.832031	116.480	-91.2461
2137.207764	116.543	-91.2045
2152.694824	116.605	-91.2020
2168.294189	116.665	-91.2364
2184.006592	116.721	-91.3008
2199.832764	116.772	-91.3867
2215.773682	116.817	-91.4855
2231.830078	116.858	-91.5903
2248.002686	116.895	-91.6969
2264.292725	116.929	-91.8041
2280.700684	116.960	-91.9132
2297.227539	116.989	-92.0274
2313.874268	117.015	-92.1501
2330.641602	117.037	-92.2829
2347.530273	117.055	-92.4254
2364.541504	117.067	-92.5740
2381.676025	117.073	-92.7229
2398.934570	117.073	-92.8646
2416.318359	117.067	-92.9910
2433.827881	117.055	-93.0949
2451.464355	117.039	-93.1703
2469.228760	117.019	-93.2123
2487.121826	116.996	-93.2180
2505.144531	116.971	-93.1869
2523.297852	116.947	-93.1215
2541.582764	116.924	-93.0283
2560.000000	116.904	-92.9163
2578.550781	116.886	-92.7966
2597.236084	116.872	-92.6814
2616.056641	116.859	-92.5815
2635.013672	116.846	-92.5051
2654.108154	116.832	-92.4548
2673.340820	116.813	-92.4268
2692.713135	116.788	-92.4128
2712.225586	116.756	-92.4023
2731.879395	116.717	-92.3843
2751.675781	116.672	-92.3495
2771.615479	116.621	-92.2908
2791.699707	116.566	-92.2041
2811.929688	116.505	-92.0870
2832.305908	116.441	-91.9384
2852.830078	116.373	-91.7572
2873.502930	116.301	-91.5416
2894.325439	116.227	-91.2893
2915.298828	116.150	-90.9971
2936.424316	116.072	-90.6626
2957.702881	115.994	-90.2843
2979.135742	115.917	-89.8627
3000.723633	115.842	-89.4008
3022.468262	115.770	-88.9040
3044.370117	115.701	-88.3801
3066.430908	115.636	-87.8386
3088.651611	115.574	-87.2897
3111.033203	115.516	-86.7422
3133.577148	115.460	-86.2006
3156.284180	115.406	-85.6644
3179.156006	115.353	-85.1282
3202.193359	115.300	-84.5845
3225.397949	115.247	-84.0263
3248.770508	115.192	-83.4468
3272.312500	115.137	-82.8404
3296.024902	115.082	-82.2035
3319.909180	115.026	-81.5343
3343.966797	114.967	-80.8327
3368.198486	114.904	-80.0991
3392.605713	114.839	-79.3337
3417.189941	114.771	-78.5364
3441.952393	114.700	-77.7078
3466.894287	114.628	-76.8490
3492.016846	114.553	-75.9606
3517.321289	114.479	-75.0423
3542.809326	114.404	-74.0927
3568.481934	114.332	-73.1111
3594.340576	114.263	-72.0983
3620.386719	114.198	-71.0556
3646.621582	114.139	-69.9855
3673.046387	114.087	-68.8907
3699.662842	114.043	-67.7747
3726.472168	114.007	-66.6413
3753.475586	113.980	-65.4940
3780.675049	113.961	-64.3349
3808.071289	113.949	-63.1652
3835.666016	113.942	-61.9863
3863.460938	113.940	-60.7996
3891.457275	113.940	-59.6068
3919.656250	113.943	-58.4104
3948.059814	113.947	-57.2127
3976.668945	113.950	-56.0158
4005.485596	113.948	-54.8208
4034.510986	113.940	-53.6282
4063.746582	113.928	-52.4375
4093.194336	113.911	-51.2473
4122.855469	113.891	-50.0560
4152.730957	113.868	-48.8618
4182.823730	113.843	-47.6633
4213.133789	113.818	-46.4598
4243.664062	113.795	-45.2516
4274.415527	113.776	-44.0388
4305.389648	113.760	-42.8214
4336.588379	113.749	-41.6001
4368.013184	113.742	-40.3757
4399.665527	113.740	-39.1497
4431.547363	113.743	-37.9240
4463.660156	113.751	-36.6993
4496.005371	113.764	-35.4762
4528.585449	113.782	-34.2568
4561.401367	113.804	-33.0433
4594.455078	113.831	-31.8372
4627.748535	113.863	-30.6406
4661.283203	113.898	-29.4563
4695.060547	113.938	-28.2874
4729.083008	113.982	-27.1376
4763.352051	114.029	-26.0106
4797.869141	114.081	-24.9103
4832.636719	114.136	-23.8396
4867.655762	114.194	-22.8011
4902.928711	114.254	-21.7968
4938.457520	114.316	-20.8276
4974.243652	114.377	-19.8935
5010.289062	114.438	-18.9946
5046.595703	114.496	-18.1323
5083.165527	114.549	-17.3076
5120.000000	114.598	-16.5209
5157.101562	114.638	-15.7729
5194.472168	114.668	-15.0640
5232.113281	114.689	-14.3938
5270.027344	114.697	-13.7596
5308.216309	114.691	-13.1572
5346.681641	114.669	-12.5803
5385.426270	114.630	-12.0196
5424.451172	114.573	-11.4623
5463.758789	114.497	-10.8925
5503.351562	114.400	-10.2900
5543.230957	114.281	-9.6294
5583.399414	114.140	-8.8795
5623.859375	113.977	-8.0034
5664.611816	113.792	-6.9591
5705.660156	113.586	-5.6982
5747.005859	113.363	-4.1677
5788.650879	113.128	-2.3132
5830.597656	112.888	-0.0830
5872.848633	112.656	2.5671
5915.405762	112.446	5.6677
5958.271484	112.272	9.2259
6001.447266	112.154	13.2156
6044.936523	112.108	17.5692
6088.740234	112.153	22.1760
6132.861816	112.298	26.8893
6177.303223	112.547	31.5417
6222.066406	112.897	35.9651
6267.154297	113.336	40.0116
6312.568359	113.848	43.5683
6358.312012	114.416	46.5621
6404.386719	115.022	48.9536
6450.795898	115.649	50.7297
6497.541016	116.281	51.8957
6544.625000	116.905	52.4687
6592.049805	117.507	52.4737
6639.818359	118.077	51.9429
6687.933594	118.601	50.9174
6736.396973	119.070	49.4504
6785.211426	119.472	47.6083
6834.379883	119.801	45.4720
6883.904785	120.051	43.1337
6933.788574	120.219	40.6932
6984.033691	120.306	38.2504
7034.642578	120.319	35.8981
7085.618652	120.263	33.7147
7136.963867	120.151	31.7577
7188.681152	119.992	30.0605
7240.773438	119.797	28.6345
7293.243164	119.575	27.4750
7346.092773	119.333	26.5692
7399.325684	119.077	25.9016
7452.944336	118.809	25.4559
7506.951172	118.533	25.2143
7561.350098	118.251	25.1580
7616.142578	117.965	25.2691
7671.332031	117.675	25.5326
7726.921875	117.381	25.9384
7782.914551	117.083	26.4834
7839.312500	116.778	27.1745
7896.119629	116.468	28.0305
7953.337891	116.155	29.0827
8010.971191	115.844	30.3712
8069.021973	115.541	31.9378
8127.493164	115.259	33.8137
8186.388672	115.010	36.0046
8245.710938	114.810	38.4741
8305.461914	114.674	41.1371
8365.647461	114.610	43.8698
8426.267578	114.618	46.5350
8487.328125	114.688	49.0107
8548.831055	114.808	51.2094
8610.779297	114.964	53.0844
8673.176758	115.142	54.6221
8736.026367	115.332	55.8303
8799.331055	115.524	56.7281
8863.094727	115.712	57.3372
8927.320312	115.890	57.6786
8992.010742	116.053	57.7717
9057.170898	116.196	57.6346
9122.802734	116.315	57.2857
9188.910156	116.405	56.7459
9255.497070	116.461	56.0404
9322.566406	116.479	55.1996
9390.121094	116.456	54.2599
9458.166016	116.391	53.2665
9526.704102	116.282	52.2731
9595.738281	116.134	51.3357
9665.273438	115.953	50.4944
9735.311523	115.745	49.7583
9805.857422	115.516	49.1146
9876.915039	115.265	48.5591
9948.487305	114.990	48.1111
10020.578125	114.692	47.8022
10093.191406	114.374	47.6600
10166.331055	114.041	47.7013
10240.000000	113.697	47.9330
10314.203125	113.348	48.3546
10388.944336	112.998	48.9613
10464.226562	112.650	49.7460
10540.054688	112.308	50.6996
10616.432617	111.973	51.8105
10693.363281	111.647	53.0666
10770.852539	111.331	54.4553
10848.902344	111.028	55.9645
10927.517578	110.738	57.5838
11006.703125	110.463	59.3025
11086.461914	110.203	61.1098
11166.798828	109.959	62.9947
11247.718750	109.732	64.9480
11329.223633	109.523	66.9627
11411.320312	109.332	69.0316
11494.011719	109.159	71.1461
11577.301758	109.005	73.2974
11661.195312	108.870	75.4775
11745.697266	108.755	77.6803
11830.811523	108.661	79.9006
11916.542969	108.589	82.1313
12002.894531	108.540	84.3639
12089.873047	108.514	86.5905
12177.480469	108.514	88.8022
12265.723633	108.539	90.9891
12354.606445	108.592	93.1404
12444.132812	108.673	95.2450
12534.308594	108.785	97.2897
12625.136719	108.929	99.2584
12716.624023	109.107	101.1335
12808.773438	109.321	102.8949
12901.591797	109.574	104.5195
12995.082031	109.869	105.9797
13089.250000	110.209	107.2408
13184.099609	110.597	108.2585
13279.636719	111.038	108.9760
13375.867188	111.535	109.3214
13472.793945	112.092	109.2044
13570.422852	112.710	108.5114
13668.759766	113.388	107.1059
13767.809570	114.123	104.8352
13867.577148	114.905	101.5447
13968.067383	115.710	97.1078
14069.285156	116.493	91.4659
14171.237305	117.184	84.6674
14273.927734	117.711	76.8957
14377.362305	118.016	68.4664
14481.546875	118.071	59.7872
14586.486328	117.875	51.2886
14692.185547	117.463	43.3414
14798.651367	116.893	36.1918
14905.888672	116.228	29.9395
15013.902344	115.523	24.5541
15122.700195	114.823	19.9114
15232.285156	114.162	15.8362
15342.664062	113.564	12.1354
15453.843750	113.037	8.6166
15565.829102	112.582	5.0929
15678.625000	112.201	1.3814
15792.239258	111.899	-2.7024
15906.675781	111.676	-7.3512
16021.942383	111.521	-12.7713
16138.043945	111.422	-19.1752
16254.986328	111.371	-26.7600
16372.777344	111.356	-35.6689
16491.421875	111.350	-45.9380
16610.923828	111.296	-57.4490
16731.294922	111.109	-69.9084
16852.535156	110.711	-82.8740
16974.656250	110.069	-95.8448
17097.662109	109.199	-108.3701
17221.558594	108.149	-120.1427
17346.353516	106.982	-131.0257
17472.052734	105.762	-141.0325
17598.662109	104.544	-150.2838
17726.189453	103.366	-158.9562
17854.640625	102.254	-167.2404
17984.021484	101.221	-175.3191
18114.341797	100.274	176.6390
18245.605469	99.412	168.4783
18377.820312	98.631	160.0583
18510.994141	97.928	151.2559
18645.132812	97.296	141.9513
18780.242188	96.725	132.0179
18916.332031	96.205	121.3380
19053.408203	95.723	109.8088
19191.476562	95.260	97.3421
19330.546875	94.794	83.8653
19470.623047	94.307	69.3305
19611.714844	93.790	53.7680
19753.830078	93.267	37.5976
19896.974609	92.817	22.6934
