* Measurement data measured by REW V5.31
* Source: Input device not selected, no input selected, L, volume: no control. Timing signal peak level -35.9 dBFS, measurement signal peak level -37.2 dBFS
* Format: 1M Log Swept Sine, 1 sweep at 0.0 dBFS using an acoustic timing reference
* Dated: 07-May-2024 15:45:32
* REW Settings:
*  C-weighting compensation: Off
*  Target level: 75.0 dB
* Note: ; Delay -0.0824 ms (-28 mm, -1.11 in) using estimated IR delay relative to Acoustic reference played from  R with no timing offset
* Measurement: IE600TypeE R1
* Smoothing: 1/24 octave
* Frequency Step: 1/96 octave
* Start Frequency: 20.000 Hz
*
* Freq(Hz)	SPL(dB)	Phase(degrees)
20.000000	105.308	-148.2472
20.144928	105.313	-148.6873
20.290907	105.318	-149.1140
20.437943	105.324	-149.5302
20.586044	105.332	-149.9403
20.735220	105.343	-150.3488
20.885475	105.355	-150.7619
21.036821	105.369	-151.1850
21.189262	105.383	-151.6213
21.342808	105.397	-152.0730
21.497467	105.409	-152.5388
21.653246	105.419	-153.0143
21.810154	105.425	-153.4942
21.968201	105.428	-153.9700
22.127390	105.428	-154.4337
22.287735	105.426	-154.8786
22.449242	105.423	-155.2995
22.611917	105.420	-155.6956
22.775772	105.419	-156.0697
22.940815	105.422	-156.4277
23.107054	105.429	-156.7801
23.274498	105.440	-157.1373
23.443153	105.454	-157.5101
23.613033	105.471	-157.9070
23.784142	105.488	-158.3319
23.956491	105.504	-158.7851
24.130091	105.517	-159.2616
24.304947	105.525	-159.7531
24.481071	105.528	-160.2504
24.658470	105.527	-160.7430
24.837156	105.522	-161.2242
25.017136	105.514	-161.6892
25.198421	105.505	-162.1376
25.381020	105.496	-162.5722
25.564941	105.486	-162.9973
25.750195	105.477	-163.4174
25.936790	105.466	-163.8345
26.124741	105.453	-164.2481
26.314051	105.439	-164.6541
26.504732	105.423	-165.0463
26.696796	105.405	-165.4198
26.890253	105.388	-165.7713
27.085112	105.373	-166.1041
27.281382	105.362	-166.4267
27.479073	105.355	-166.7527
27.678198	105.353	-167.0981
27.878765	105.354	-167.4760
28.080786	105.355	-167.8935
28.284271	105.352	-168.3473
28.489231	105.344	-168.8255
28.695675	105.328	-169.3068
28.903616	105.307	-169.7703
29.113064	105.281	-170.1974
29.324028	105.256	-170.5827
29.536524	105.236	-170.9340
29.750557	105.225	-171.2758
29.966141	105.223	-171.6396
30.183289	105.227	-172.0591
30.402010	105.233	-172.5538
30.622314	105.233	-173.1256
30.844217	105.220	-173.7511
31.067726	105.189	-174.3892
31.292856	105.140	-174.9829
31.519617	105.077	-175.4805
31.748020	105.007	-175.8419
31.978081	104.941	-176.0555
32.209808	104.889	-176.1407
32.443211	104.858	-176.1490
32.678310	104.850	-176.1469
32.915108	104.864	-176.1977
33.153625	104.889	-176.3479
33.393871	104.918	-176.6109
33.635857	104.940	-176.9723
33.879597	104.952	-177.3940
34.125103	104.950	-177.8322
34.372387	104.938	-178.2478
34.621464	104.920	-178.6155
34.872345	104.901	-178.9316
35.125042	104.886	-179.2098
35.379574	104.877	-179.4771
35.635948	104.872	-179.7622
35.894180	104.871	179.9138
36.154285	104.867	179.5422
36.416275	104.857	179.1320
36.680161	104.838	178.7048
36.945961	104.809	178.2905
37.213688	104.773	177.9182
37.483353	104.736	177.6026
37.754974	104.703	177.3377
38.028561	104.680	177.0930
38.304131	104.668	176.8194
38.581699	104.663	176.4698
38.861279	104.657	176.0179
39.142883	104.640	175.4722
39.426529	104.603	174.8837
39.712231	104.542	174.3288
40.000000	104.463	173.8843
40.289856	104.376	173.6027
40.581814	104.297	173.4869
40.875885	104.238	173.4847
41.172089	104.204	173.5145
41.470440	104.191	173.4997
41.770950	104.189	173.3968
42.073643	104.190	173.2062
42.378525	104.187	172.9561
42.685616	104.182	172.6711
42.994934	104.176	172.3549
43.306492	104.170	171.9925
43.620308	104.158	171.5712
43.936401	104.134	171.1066
44.254780	104.092	170.6550
44.575470	104.033	170.2940
44.898483	103.970	170.0802
45.223835	103.917	170.0108
45.551544	103.890	170.0125
45.881630	103.890	169.9700
46.214108	103.907	169.7831
46.548996	103.923	169.4188
46.886307	103.922	168.9244
47.226067	103.898	168.3966
47.568283	103.856	167.9282
47.912983	103.806	167.5653
48.260181	103.762	167.2967
48.609894	103.727	167.0743
48.962143	103.702	166.8481
49.316940	103.681	166.5914
49.674313	103.659	166.3040
50.034271	103.633	166.0007
50.396843	103.603	165.6989
50.762039	103.568	165.4144
51.129883	103.530	165.1614
51.500389	103.489	164.9504
51.873581	103.450	164.7804
52.249481	103.417	164.6324
52.628101	103.389	164.4758
53.009464	103.365	164.2850
53.393593	103.340	164.0555
53.780506	103.310	163.8039
54.170223	103.276	163.5531
54.562763	103.239	163.3135
54.958145	103.202	163.0798
55.356396	103.164	162.8430
55.757530	103.123	162.6049
56.161572	103.079	162.3778
56.568542	103.035	162.1700
56.978462	102.992	161.9748
57.391350	102.948	161.7800
57.807232	102.902	161.5909
58.226128	102.850	161.4406
58.648056	102.797	161.3649
59.073048	102.754	161.3587
59.501114	102.727	161.3549
59.932281	102.714	161.2597
60.366577	102.700	161.0247
60.804020	102.668	160.6909
61.244629	102.615	160.3611
61.688435	102.550	160.1246
62.135452	102.488	159.9927
62.585712	102.439	159.8984
63.039234	102.403	159.7601
63.496040	102.369	159.5462
63.956161	102.330	159.2863
64.419617	102.287	159.0323
64.886421	102.243	158.8126
65.356621	102.203	158.6205
65.830215	102.168	158.4327
66.307251	102.134	158.2361
66.787743	102.098	158.0393
67.271713	102.057	157.8654
67.759193	102.013	157.7349
68.250206	101.969	157.6491
68.744774	101.928	157.5863
69.242928	101.888	157.5170
69.744690	101.846	157.4256
70.250084	101.800	157.3184
70.759148	101.750	157.2101
71.271896	101.701	157.1034
71.788361	101.653	156.9835
72.308571	101.609	156.8350
72.832550	101.564	156.6581
73.360321	101.520	156.4705
73.891922	101.476	156.2936
74.427376	101.434	156.1424
74.966705	101.394	156.0237
75.509949	101.358	155.9387
76.057121	101.322	155.8857
76.608261	101.284	155.8635
77.163399	101.243	155.8745
77.722557	101.196	155.9207
78.285767	101.145	155.9969
78.853058	101.091	156.0877
79.424461	101.036	156.1696
80.000000	100.982	156.2161
80.579712	100.928	156.2105
81.163628	100.878	156.1536
81.751770	100.835	156.0523
82.344177	100.801	155.9136
82.940880	100.778	155.7645
83.541901	100.767	155.6530
84.147285	100.773	155.5953
84.757050	100.793	155.5704
85.371231	100.813	155.6086
85.989868	100.828	155.7963
86.612984	100.840	156.1585
87.240616	100.848	156.6980
87.872803	100.853	157.5521
88.509560	100.906	158.7498
89.150940	101.051	159.6964
89.796967	101.225	159.5572
90.447670	101.286	158.3042
91.103088	101.165	156.8000
91.763260	100.931	155.8325
92.428215	100.697	155.4310
93.097992	100.512	155.1793
93.772614	100.369	154.8720
94.452133	100.262	154.5401
95.136566	100.191	154.1902
95.825966	100.142	153.8366
96.520363	100.107	153.5508
97.219788	100.081	153.3670
97.924286	100.059	153.2674
98.633881	100.031	153.2449
99.348625	99.994	153.2979
100.068542	99.950	153.3949
100.793686	99.900	153.4874
101.524078	99.844	153.5412
102.259766	99.786	153.5424
103.000778	99.729	153.4883
103.747162	99.675	153.3904
104.498962	99.626	153.2779
105.256203	99.582	153.1764
106.018929	99.544	153.0953
106.787186	99.507	153.0463
107.561012	99.468	153.0470
108.340446	99.427	153.0944
109.125526	99.383	153.1572
109.916290	99.335	153.2086
110.712791	99.283	153.2451
111.515060	99.229	153.2673
112.323143	99.176	153.2666
113.137085	99.127	153.2404
113.956924	99.081	153.2020
114.782700	99.037	153.1715
115.614464	98.994	153.1652
116.452255	98.953	153.1912
117.296112	98.912	153.2449
118.146095	98.870	153.3119
119.002228	98.827	153.3782
119.864563	98.782	153.4362
120.733154	98.737	153.4819
121.608040	98.691	153.5166
122.489258	98.646	153.5472
123.376869	98.603	153.5834
124.270905	98.561	153.6333
125.171425	98.521	153.6997
126.078468	98.480	153.7812
126.992081	98.440	153.8789
127.912323	98.399	153.9921
128.839233	98.359	154.1101
129.772842	98.320	154.2222
130.713242	98.281	154.3296
131.660431	98.244	154.4359
132.614502	98.209	154.5396
133.575485	98.175	154.6410
134.543427	98.142	154.7437
135.518387	98.111	154.8506
136.500412	98.082	154.9573
137.489548	98.054	155.0523
138.485855	98.027	155.1329
139.489380	97.999	155.2051
140.500168	97.969	155.2755
141.518295	97.940	155.3457
142.543793	97.909	155.4107
143.576721	97.878	155.4674
144.617142	97.847	155.5133
145.665100	97.815	155.5460
146.720642	97.782	155.5647
147.783844	97.747	155.5787
148.854752	97.713	155.6021
149.933411	97.681	155.6278
151.019897	97.649	155.6406
152.114243	97.616	155.6458
153.216522	97.581	155.6510
154.326797	97.544	155.6674
155.445114	97.508	155.7115
156.571533	97.474	155.7698
157.706116	97.443	155.8231
158.848923	97.412	155.8716
160.000000	97.381	155.9124
161.159424	97.348	155.9501
162.327255	97.312	156.0073
163.503540	97.275	156.0821
164.688354	97.235	156.1524
165.881760	97.189	156.2281
167.083801	97.139	156.3369
168.294571	97.090	156.4600
169.514099	97.040	156.5490
170.742462	96.984	156.6219
171.979736	96.925	156.7373
173.225967	96.870	156.8734
174.481232	96.816	156.9689
175.745605	96.759	157.0518
177.019119	96.699	157.1917
178.301880	96.647	157.3944
179.593933	96.606	157.6037
180.895340	96.577	157.7658
182.206177	96.551	157.8620
183.526520	96.521	157.9126
184.856430	96.481	157.9866
186.195984	96.436	158.1534
187.545227	96.395	158.4166
188.904266	96.366	158.7127
190.273132	96.347	158.9711
191.651932	96.333	159.1607
193.040726	96.316	159.2891
194.439575	96.292	159.3760
195.848572	96.261	159.4434
197.267761	96.222	159.5084
198.697250	96.180	159.5919
200.137085	96.137	159.7220
201.587372	96.096	159.9073
203.048157	96.058	160.1440
204.519531	96.022	160.4276
206.001556	95.992	160.7529
207.494324	95.968	161.1339
208.997925	95.952	161.5937
210.512405	95.938	162.1412
212.037857	95.921	162.7622
213.574371	95.895	163.3853
215.122025	95.860	163.8911
216.680893	95.826	164.1996
218.251053	95.806	164.3105
219.832581	95.810	164.2916
221.425583	95.833	164.2509
223.030121	95.863	164.2751
224.646286	95.882	164.3674
226.274170	95.883	164.4532
227.913849	95.868	164.4633
229.565399	95.844	164.4050
231.228928	95.817	164.3479
232.904510	95.792	164.3530
234.592224	95.766	164.4228
236.292191	95.735	164.5151
238.004456	95.701	164.5905
239.729126	95.666	164.6466
241.466309	95.631	164.7139
243.216080	95.596	164.8151
244.978516	95.561	164.9438
246.753738	95.525	165.0807
248.541809	95.490	165.2202
250.342850	95.456	165.3690
252.156937	95.424	165.5317
253.984161	95.392	165.7034
255.824646	95.361	165.8779
257.678467	95.330	166.0529
259.545685	95.299	166.2288
261.426483	95.270	166.4067
263.320862	95.240	166.5874
265.229004	95.211	166.7730
267.150970	95.182	166.9650
269.086853	95.153	167.1638
271.036774	95.123	167.3659
273.000824	95.092	167.5688
274.979095	95.062	167.7736
276.971710	95.033	167.9843
278.978760	95.006	168.2012
281.000336	94.980	168.4190
283.036591	94.953	168.6339
285.087585	94.927	168.8461
287.153442	94.900	169.0580
289.234283	94.874	169.2754
291.330200	94.848	169.5037
293.441284	94.823	169.7385
295.567688	94.799	169.9703
297.709503	94.775	170.1964
299.866821	94.751	170.4200
302.039795	94.727	170.6464
304.228485	94.703	170.8806
306.433044	94.678	171.1211
308.653595	94.653	171.3626
310.890228	94.628	171.6033
313.143066	94.602	171.8430
315.412231	94.578	172.0808
317.697845	94.554	172.3148
320.000000	94.532	172.5480
322.318848	94.510	172.7886
324.654510	94.488	173.0400
327.007080	94.467	173.2975
329.376709	94.445	173.5557
331.763519	94.423	173.8103
334.167603	94.402	174.0615
336.589142	94.382	174.3167
339.028198	94.363	174.5796
341.484924	94.344	174.8458
343.959473	94.324	175.1093
346.451935	94.304	175.3696
348.962463	94.284	175.6337
351.491211	94.264	175.9056
354.038239	94.245	176.1801
356.603760	94.226	176.4540
359.187866	94.207	176.7276
361.790680	94.189	177.0008
364.412354	94.170	177.2734
367.053040	94.151	177.5449
369.712860	94.132	177.8179
372.391968	94.114	178.0929
375.090454	94.097	178.3661
377.808533	94.081	178.6378
380.546265	94.064	178.9105
383.303864	94.047	179.1863
386.081451	94.030	179.4698
388.879150	94.013	179.7628
391.697144	93.997	-179.9401
394.535522	93.981	-179.6431
397.394501	93.966	-179.3475
400.274170	93.952	-179.0542
403.174744	93.937	-178.7623
406.096313	93.922	-178.4691
409.039062	93.907	-178.1752
412.003113	93.892	-177.8803
414.988647	93.878	-177.5830
417.995850	93.864	-177.2860
421.024811	93.850	-176.9866
424.075714	93.836	-176.6803
427.148743	93.823	-176.3666
430.244049	93.810	-176.0451
433.361786	93.798	-175.7203
436.502106	93.786	-175.4030
439.665161	93.774	-175.0967
442.851166	93.762	-174.7912
446.060242	93.749	-174.4761
449.292572	93.737	-174.1506
452.548340	93.726	-173.8235
455.827698	93.715	-173.5012
459.130798	93.704	-173.1781
462.457855	93.694	-172.8468
465.809021	93.683	-172.5091
469.184448	93.673	-172.1747
472.584381	93.662	-171.8502
476.008911	93.651	-171.5338
479.458252	93.641	-171.2147
482.932617	93.631	-170.8853
486.432159	93.621	-170.5465
489.957031	93.613	-170.2011
493.507477	93.605	-169.8523
497.083618	93.598	-169.5041
500.685699	93.591	-169.1570
504.313873	93.584	-168.8082
507.968323	93.577	-168.4604
511.649292	93.571	-168.1137
515.356934	93.564	-167.7621
519.091370	93.557	-167.4061
522.852966	93.550	-167.0525
526.641724	93.542	-166.7004
530.458008	93.535	-166.3463
534.301941	93.528	-165.9887
538.173706	93.522	-165.6259
542.073547	93.517	-165.2571
546.001648	93.513	-164.8815
549.958191	93.508	-164.5003
553.943420	93.504	-164.1170
557.957520	93.501	-163.7328
562.000671	93.497	-163.3506
566.073181	93.493	-162.9729
570.175171	93.490	-162.5933
574.306885	93.487	-162.2078
578.468567	93.485	-161.8197
582.660400	93.484	-161.4299
586.882568	93.482	-161.0352
591.135376	93.481	-160.6346
595.419006	93.480	-160.2351
599.733643	93.479	-159.8413
604.079590	93.479	-159.4470
608.456970	93.480	-159.0418
612.866089	93.481	-158.6248
617.307190	93.483	-158.2063
621.780457	93.484	-157.7921
626.286133	93.485	-157.3770
630.824463	93.486	-156.9570
635.395691	93.488	-156.5322
640.000000	93.490	-156.1014
644.637695	93.494	-155.6634
649.309021	93.498	-155.2248
654.014160	93.503	-154.7921
658.753418	93.508	-154.3607
663.527039	93.513	-153.9285
668.335205	93.519	-153.4934
673.178284	93.524	-153.0517
678.056396	93.530	-152.6048
682.969849	93.536	-152.1524
687.918945	93.543	-151.6934
692.903870	93.551	-151.2313
697.924927	93.559	-150.7710
702.982422	93.568	-150.3129
708.076477	93.578	-149.8515
713.207520	93.588	-149.3816
718.375732	93.599	-148.9035
723.581360	93.610	-148.4237
728.824707	93.621	-147.9476
734.106079	93.633	-147.4715
739.425720	93.647	-146.9893
744.783936	93.661	-146.5015
750.180908	93.676	-146.0104
755.617065	93.692	-145.5129
761.092529	93.709	-145.0103
766.607727	93.728	-144.5037
772.162903	93.746	-143.9934
777.758301	93.764	-143.4830
783.394287	93.782	-142.9750
789.071045	93.801	-142.4651
794.789001	93.821	-141.9498
800.548340	93.843	-141.4279
806.349487	93.867	-140.9010
812.192627	93.891	-140.3748
818.078125	93.916	-139.8492
824.006226	93.941	-139.3190
829.977295	93.968	-138.7832
835.991699	93.997	-138.2450
842.049622	94.027	-137.7127
848.151428	94.057	-137.1927
854.297485	94.089	-136.6752
860.488098	94.121	-136.1462
866.723572	94.154	-135.6054
873.004211	94.188	-135.0622
879.330322	94.222	-134.5226
885.702332	94.256	-133.9853
892.120483	94.292	-133.4498
898.585144	94.330	-132.9179
905.096680	94.370	-132.3903
911.655396	94.411	-131.8680
918.261597	94.453	-131.3497
924.915710	94.497	-130.8362
931.618042	94.540	-130.3247
938.368896	94.582	-129.8115
945.168762	94.619	-129.2969
952.017822	94.650	-128.7870
958.916504	94.675	-128.2847
965.865234	94.700	-127.7846
972.864319	94.730	-127.2857
979.914062	94.771	-126.7925
987.014954	94.822	-126.3032
994.167236	94.879	-125.8149
1001.371399	94.939	-125.3302
1008.627747	95.000	-124.8489
1015.936646	95.061	-124.3697
1023.298584	95.121	-123.8948
1030.713867	95.177	-123.4223
1038.182739	95.230	-122.9457
1045.705933	95.281	-122.4582
1053.283447	95.331	-121.9555
1060.916016	95.383	-121.4390
1068.603882	95.439	-120.9157
1076.347412	95.499	-120.3998
1084.147095	95.564	-119.9036
1092.003296	95.631	-119.4324
1099.916382	95.699	-118.9895
1107.886841	95.766	-118.5727
1115.915039	95.833	-118.1776
1124.001343	95.899	-117.7999
1132.146362	95.964	-117.4378
1140.350342	96.028	-117.0914
1148.613770	96.091	-116.7588
1156.937134	96.153	-116.4366
1165.320801	96.213	-116.1215
1173.765137	96.274	-115.8137
1182.270752	96.335	-115.5127
1190.838013	96.394	-115.2154
1199.467285	96.451	-114.9206
1208.159180	96.508	-114.6300
1216.913940	96.564	-114.3445
1225.732178	96.620	-114.0664
1234.614380	96.675	-113.7990
1243.560913	96.730	-113.5400
1252.572266	96.786	-113.2829
1261.648926	96.842	-113.0237
1270.791382	96.898	-112.7597
1280.000000	96.954	-112.4943
1289.275391	97.010	-112.2317
1298.618042	97.066	-111.9698
1308.028320	97.123	-111.7113
1317.506836	97.180	-111.4595
1327.054077	97.236	-111.2109
1336.670410	97.290	-110.9585
1346.356567	97.344	-110.6975
1356.112793	97.398	-110.4302
1365.939697	97.451	-110.1642
1375.837891	97.504	-109.9007
1385.807739	97.558	-109.6337
1395.849854	97.612	-109.3640
1405.964844	97.665	-109.0935
1416.152954	97.719	-108.8190
1426.415039	97.772	-108.5391
1436.751465	97.825	-108.2559
1447.162720	97.877	-107.9717
1457.649414	97.931	-107.6857
1468.212158	97.986	-107.3992
1478.851440	98.042	-107.1173
1489.567871	98.097	-106.8372
1500.361816	98.152	-106.5495
1511.234131	98.206	-106.2493
1522.185059	98.260	-105.9426
1533.215454	98.313	-105.6408
1544.325806	98.368	-105.3483
1555.516602	98.424	-105.0587
1566.788574	98.481	-104.7701
1578.142090	98.538	-104.4889
1589.578003	98.594	-104.2134
1601.096680	98.648	-103.9337
1612.698975	98.701	-103.6435
1624.385254	98.752	-103.3461
1636.156250	98.800	-103.0478
1648.012451	98.848	-102.7437
1659.954590	98.895	-102.4216
1671.983398	98.941	-102.0750
1684.099243	98.988	-101.7058
1696.302856	99.035	-101.3180
1708.594971	99.082	-100.9084
1720.976196	99.132	-100.4688
1733.447144	99.184	-99.9956
1746.008423	99.241	-99.4909
1758.660645	99.304	-98.9605
1771.404663	99.377	-98.4135
1784.240967	99.458	-97.8612
1797.170288	99.551	-97.3193
1810.193359	99.653	-96.8102
1823.310791	99.763	-96.3602
1836.523193	99.877	-95.9829
1849.831421	99.991	-95.6754
1863.236084	100.101	-95.4266
1876.737793	100.203	-95.2229
1890.337524	100.297	-95.0445
1904.035645	100.383	-94.8597
1917.833008	100.463	-94.6384
1931.730469	100.541	-94.3612
1945.728638	100.621	-94.0176
1959.828125	100.708	-93.6082
1974.029907	100.807	-93.1482
1988.334473	100.921	-92.6661
2002.742798	101.054	-92.2006
2017.255493	101.204	-91.7981
2031.873291	101.370	-91.5058
2046.597168	101.545	-91.3582
2061.427734	101.723	-91.3691
2076.365479	101.897	-91.5338
2091.411865	102.060	-91.8337
2106.566895	102.208	-92.2383
2121.832031	102.340	-92.7123
2137.207764	102.456	-93.2236
2152.694824	102.558	-93.7512
2168.294189	102.646	-94.2793
2184.006592	102.724	-94.7920
2199.832764	102.791	-95.2822
2215.773682	102.850	-95.7533
2231.830078	102.903	-96.2089
2248.002686	102.951	-96.6487
2264.292725	102.994	-97.0720
2280.700684	103.032	-97.4774
2297.227539	103.067	-97.8647
2313.874268	103.098	-98.2364
2330.641602	103.126	-98.5965
2347.530273	103.154	-98.9497
2364.541504	103.179	-99.3048
2381.676025	103.202	-99.6702
2398.934570	103.219	-100.0370
2416.318359	103.229	-100.3937
2433.827881	103.231	-100.7422
2451.464355	103.227	-101.0881
2469.228760	103.218	-101.4222
2487.121826	103.204	-101.7296
2505.144531	103.185	-102.0032
2523.297852	103.160	-102.2363
2541.582764	103.132	-102.4260
2560.000000	103.102	-102.5727
2578.550781	103.071	-102.6762
2597.236084	103.043	-102.7390
2616.056641	103.018	-102.7737
2635.013672	102.997	-102.8018
2654.108154	102.978	-102.8380
2673.340820	102.958	-102.8844
2692.713135	102.936	-102.9347
2712.225586	102.910	-102.9818
2731.879395	102.881	-103.0208
2751.675781	102.852	-103.0489
2771.615479	102.820	-103.0682
2791.699707	102.788	-103.0834
2811.929688	102.753	-103.0991
2832.305908	102.715	-103.1154
2852.830078	102.672	-103.1274
2873.502930	102.624	-103.1261
2894.325439	102.572	-103.1025
2915.298828	102.516	-103.0501
2936.424316	102.457	-102.9658
2957.702881	102.396	-102.8501
2979.135742	102.335	-102.7063
3000.723633	102.271	-102.5283
3022.468262	102.204	-102.3076
3044.370117	102.136	-102.0512
3066.430908	102.067	-101.7704
3088.651611	102.002	-101.4635
3111.033203	101.938	-101.1273
3133.577148	101.877	-100.7620
3156.284180	101.819	-100.3684
3179.156006	101.764	-99.9476
3202.193359	101.714	-99.5003
3225.397949	101.667	-99.0295
3248.770508	101.625	-98.5384
3272.312500	101.586	-98.0258
3296.024902	101.551	-97.4892
3319.909180	101.517	-96.9298
3343.966797	101.485	-96.3493
3368.198486	101.452	-95.7505
3392.605713	101.421	-95.1414
3417.189941	101.388	-94.5241
3441.952393	101.354	-93.8883
3466.894287	101.317	-93.2347
3492.016846	101.281	-92.5792
3517.321289	101.247	-91.9313
3542.809326	101.218	-91.2944
3568.481934	101.193	-90.6762
3594.340576	101.170	-90.0835
3620.386719	101.150	-89.5194
3646.621582	101.132	-88.9891
3673.046387	101.116	-88.4950
3699.662842	101.097	-88.0284
3726.472168	101.074	-87.5799
3753.475586	101.047	-87.1437
3780.675049	101.015	-86.7065
3808.071289	100.977	-86.2485
3835.666016	100.931	-85.7461
3863.460938	100.876	-85.1765
3891.457275	100.813	-84.5204
3919.656250	100.746	-83.7648
3948.059814	100.678	-82.9059
3976.668945	100.609	-81.9481
4005.485596	100.539	-80.8992
4034.510986	100.470	-79.7717
4063.746582	100.406	-78.5874
4093.194336	100.347	-77.3674
4122.855469	100.297	-76.1255
4152.730957	100.253	-74.8718
4182.823730	100.218	-73.6135
4213.133789	100.192	-72.3600
4243.664062	100.177	-71.1213
4274.415527	100.171	-69.9051
4305.389648	100.177	-68.7198
4336.588379	100.194	-67.5760
4368.013184	100.220	-66.4846
4399.665527	100.254	-65.4533
4431.547363	100.295	-64.4879
4463.660156	100.340	-63.5906
4496.005371	100.387	-62.7588
4528.585449	100.434	-61.9911
4561.401367	100.478	-61.2837
4594.455078	100.519	-60.6283
4627.748535	100.556	-60.0193
4661.283203	100.588	-59.4523
4695.060547	100.616	-58.9203
4729.083008	100.638	-58.4197
4763.352051	100.655	-57.9512
4797.869141	100.663	-57.5114
4832.636719	100.661	-57.0915
4867.655762	100.647	-56.6846
4902.928711	100.623	-56.2813
4938.457520	100.586	-55.8664
4974.243652	100.535	-55.4241
5010.289062	100.469	-54.9370
5046.595703	100.388	-54.3867
5083.165527	100.289	-53.7555
5120.000000	100.173	-53.0227
5157.101562	100.041	-52.1593
5194.472168	99.892	-51.1358
5232.113281	99.732	-49.9300
5270.027344	99.563	-48.5203
5308.216309	99.390	-46.8826
5346.681641	99.219	-44.9931
5385.426270	99.057	-42.8369
5424.451172	98.914	-40.4126
5463.758789	98.799	-37.7311
5503.351562	98.721	-34.8200
5543.230957	98.690	-31.7185
5583.399414	98.712	-28.4756
5623.859375	98.795	-25.1529
5664.611816	98.940	-21.8217
5705.660156	99.146	-18.5550
5747.005859	99.412	-15.4217
5788.650879	99.731	-12.4834
5830.597656	100.100	-9.7906
5872.848633	100.511	-7.3870
5915.405762	100.957	-5.3103
5958.271484	101.428	-3.5906
6001.447266	101.914	-2.2432
6044.936523	102.405	-1.2730
6088.740234	102.895	-0.6967
6132.861816	103.379	-0.5254
6177.303223	103.849	-0.7532
6222.066406	104.296	-1.3656
6267.154297	104.710	-2.3381
6312.568359	105.083	-3.6363
6358.312012	105.407	-5.2152
6404.386719	105.675	-7.0152
6450.795898	105.883	-8.9660
6497.541016	106.030	-10.9940
6544.625000	106.116	-13.0243
6592.049805	106.144	-14.9848
6639.818359	106.119	-16.8181
6687.933594	106.050	-18.4772
6736.396973	105.943	-19.9256
6785.211426	105.808	-21.1400
6834.379883	105.653	-22.1106
6883.904785	105.485	-22.8393
6933.788574	105.311	-23.3364
6984.033691	105.137	-23.6187
7034.642578	104.969	-23.7085
7085.618652	104.811	-23.6327
7136.963867	104.667	-23.4225
7188.681152	104.540	-23.1117
7240.773438	104.431	-22.7344
7293.243164	104.339	-22.3257
7346.092773	104.266	-21.9187
7399.325684	104.210	-21.5445
7452.944336	104.169	-21.2315
7506.951172	104.141	-21.0103
7561.350098	104.123	-20.9134
7616.142578	104.110	-20.9754
7671.332031	104.098	-21.2298
7726.921875	104.079	-21.7010
7782.914551	104.043	-22.4006
7839.312500	103.980	-23.3267
7896.119629	103.878	-24.4573
7953.337891	103.726	-25.7383
8010.971191	103.513	-27.0754
8069.021973	103.228	-28.3352
8127.493164	102.868	-29.3560
8186.388672	102.440	-29.9527
8245.710938	101.961	-29.9335
8305.461914	101.461	-29.1352
8365.647461	100.981	-27.4684
8426.267578	100.570	-24.9636
8487.328125	100.279	-21.7972
8548.831055	100.142	-18.2877
8610.779297	100.172	-14.8370
8673.176758	100.356	-11.8382
8736.026367	100.658	-9.5928
8799.331055	101.033	-8.2764
8863.094727	101.432	-7.9461
8927.320312	101.811	-8.5651
8992.010742	102.131	-10.0226
9057.170898	102.363	-12.1535
9122.802734	102.486	-14.7604
9188.910156	102.490	-17.6251
9255.497070	102.372	-20.5282
9322.566406	102.140	-23.2771
9390.121094	101.811	-25.7269
9458.166016	101.407	-27.7840
9526.704102	100.948	-29.3995
9595.738281	100.452	-30.5563
9665.273438	99.933	-31.2618
9735.311523	99.406	-31.5421
9805.857422	98.882	-31.4345
9876.915039	98.369	-30.9812
9948.487305	97.873	-30.2239
10020.578125	97.399	-29.2066
10093.191406	96.948	-27.9727
10166.331055	96.522	-26.5559
10240.000000	96.121	-24.9838
10314.203125	95.745	-23.2782
10388.944336	95.394	-21.4541
10464.226562	95.067	-19.5281
10540.054688	94.765	-17.5184
10616.432617	94.486	-15.4390
10693.363281	94.230	-13.2982
10770.852539	93.997	-11.1090
10848.902344	93.788	-8.8858
10927.517578	93.601	-6.6347
11006.703125	93.438	-4.3610
11086.461914	93.298	-2.0745
11166.798828	93.181	0.2133
11247.718750	93.087	2.4942
11329.223633	93.018	4.7623
11411.320312	92.973	7.0103
11494.011719	92.954	9.2304
11577.301758	92.961	11.4115
11661.195312	92.997	13.5385
11745.697266	93.060	15.6011
11830.811523	93.152	17.5852
11916.542969	93.273	19.4685
12002.894531	93.424	21.2335
12089.873047	93.608	22.8620
12177.480469	93.826	24.3253
12265.723633	94.081	25.5896
12354.606445	94.374	26.6198
12444.132812	94.705	27.3719
12534.308594	95.074	27.7907
12625.136719	95.479	27.8106
12716.624023	95.916	27.3589
12808.773438	96.378	26.3558
12901.591797	96.854	24.7203
12995.082031	97.327	22.3828
13089.250000	97.776	19.2967
13184.099609	98.170	15.4557
13279.636719	98.483	10.9088
13375.867188	98.686	5.7733
13472.793945	98.759	0.2327
13570.422852	98.693	-5.4873
13668.759766	98.489	-11.1535
13767.809570	98.167	-16.5533
13867.577148	97.761	-21.5224
13968.067383	97.320	-25.9621
14069.285156	96.892	-29.8402
14171.237305	96.511	-33.1780
14273.927734	96.188	-36.0344
14377.362305	95.924	-38.4990
14481.546875	95.716	-40.6852
14586.486328	95.569	-42.7246
14692.185547	95.496	-44.7600
14798.651367	95.520	-46.9452
14905.888672	95.661	-49.4558
15013.902344	95.936	-52.5123
15122.700195	96.357	-56.4108
15232.285156	96.930	-61.5334
15342.664062	97.627	-68.3123
15453.843750	98.379	-77.1634
15565.829102	99.067	-88.3929
15678.625000	99.528	-102.0476
15792.239258	99.571	-117.6696
15906.675781	99.048	-134.0941
16021.942383	97.942	-149.8893
16138.043945	96.343	-164.0121
16254.986328	94.403	-176.0018
16372.777344	92.292	174.1453
16491.421875	90.180	166.1455
16610.923828	88.220	159.5777
16731.294922	86.508	154.0206
16852.535156	85.061	149.1312
16974.656250	83.838	144.6570
17097.662109	82.787	140.4043
17221.558594	81.870	136.2300
17346.353516	81.062	132.0359
17472.052734	80.341	127.7445
17598.662109	79.693	123.2841
17726.189453	79.105	118.5655
17854.640625	78.574	113.5132
17984.021484	78.098	108.0941
18114.341797	77.673	102.2757
18245.605469	77.294	95.9895
18377.820312	76.957	89.1681
18510.994141	76.663	81.7425
18645.132812	76.417	73.6280
18780.242188	76.228	64.7693
18916.332031	76.108	55.0820
19053.408203	76.068	44.3828
19191.476562	76.109	32.5255
19330.546875	76.203	19.5282
19470.623047	76.292	5.4553
19611.714844	76.308	-9.5746
19753.830078	76.209	-25.1366
19896.974609	76.031	-39.4908
