* Measurement data measured by REW V5.31
* Source: Input device not selected, no input selected, L, volume: 0.250. Timing signal peak level -42.5 dBFS, measurement signal peak level -41.9 dBFS
* Format: 1M Log Swept Sine, 1 sweep at -12.0 dBFS using an acoustic timing reference
* Dated: 09-Apr-2024 22:46:34
* REW Settings:
*  C-weighting compensation: Off
*  Target level: 75.0 dB
* Note: ; Delay -0.0018 ms (-0.63 mm, -0.02 in) using estimated IR delay relative to Acoustic reference played from  R with no timing offset Clock adjustment: 28.0 ppm
* Measurement: R4 W1
* Smoothing: 1/24 octave
* Frequency Step: 1/48 octave
* Start Frequency: 20.000 Hz
*
* Freq(Hz)	SPL(dB)	Phase(degrees)
20.000000	100.271	-150.3791
20.299999	100.295	-151.3750
20.600000	100.309	-152.2969
20.900000	100.320	-153.1289
21.200001	100.335	-153.8886
21.400000	100.349	-154.3754
21.799999	100.385	-155.3635
22.000000	100.405	-155.8858
22.400000	100.438	-157.0037
22.700001	100.451	-157.8873
23.000000	100.451	-158.7742
23.299999	100.438	-159.6290
23.600000	100.416	-160.4250
24.000000	100.382	-161.3787
24.299999	100.358	-162.0239
24.700001	100.334	-162.8271
25.000000	100.321	-163.4096
25.400000	100.311	-164.1747
25.799999	100.305	-164.9198
26.200001	100.309	-165.6393
26.500000	100.322	-166.1775
26.900000	100.353	-166.9427
27.200001	100.383	-167.5898
27.600000	100.421	-168.5743
28.000000	100.442	-169.6591
28.500000	100.430	-171.0008
29.000000	100.391	-172.1503
29.500000	100.353	-173.0741
30.000000	100.330	-173.8931
30.400000	100.319	-174.5524
30.700001	100.308	-175.0578
31.100000	100.288	-175.7308
31.500000	100.262	-176.3929
32.000000	100.226	-177.2201
32.500000	100.178	-178.0499
33.000000	100.117	-178.8170
33.500000	100.058	-179.4711
34.000000	100.024	179.8862
34.500000	100.008	179.0674
35.000000	99.975	178.0355
35.500000	99.903	176.9819
36.000000	99.807	176.1304
36.500000	99.720	175.5381
37.000000	99.664	175.1187
37.500000	99.645	174.7434
38.200001	99.684	173.9001
38.700001	99.700	172.7875
39.500000	99.506	170.8540
40.000000	99.272	170.6599
40.599998	99.122	171.6635
41.200001	99.228	172.2119
41.799999	99.333	171.0931
42.500000	99.167	169.2382
43.099998	98.927	168.5945
43.700001	98.769	168.2512
44.400002	98.544	167.5102
45.000000	98.260	167.8392
45.500000	98.156	169.1817
46.200001	98.397	170.4951
46.799999	98.691	169.6207
47.500000	98.831	167.5573
48.200001	98.856	165.8947
48.700001	98.874	164.8696
49.400002	98.850	163.4826
50.000000	98.771	162.6841
50.799999	98.690	162.2607
51.500000	98.649	161.9291
52.200001	98.576	161.5833
53.000000	98.484	161.3635
53.799999	98.406	161.0653
54.500000	98.323	160.6695
55.200001	98.227	160.2574
56.000000	98.119	159.7926
57.000000	98.000	159.2220
58.000000	97.913	158.6504
59.000000	97.856	158.0258
60.000000	97.806	157.3066
60.799999	97.756	156.7598
61.500000	97.712	156.3211
62.200001	97.664	155.8941
63.000000	97.600	155.4701
64.000000	97.524	155.0215
65.000000	97.446	154.5416
66.000000	97.358	154.1442
67.000000	97.277	153.8016
68.000000	97.194	153.4370
69.000000	97.102	153.1174
70.000000	97.010	152.8654
71.000000	96.927	152.6116
72.000000	96.842	152.2953
73.000000	96.752	151.9828
74.000000	96.666	151.7053
75.000000	96.588	151.4258
76.199997	96.502	151.0515
77.500000	96.403	150.6993
78.800003	96.312	150.4493
80.000000	96.222	150.2164
81.199997	96.121	150.0558
82.500000	96.011	149.8885
83.800003	95.903	149.5973
85.000000	95.804	149.2316
86.199997	95.718	148.7745
87.500000	95.638	148.3139
88.500000	95.604	147.8938
90.000000	95.411	147.0923
91.199997	95.173	148.1152
92.500000	95.081	150.0146
93.800003	95.104	151.6484
95.000000	95.196	152.4072
96.199997	95.281	152.3974
97.500000	95.365	151.7361
98.800003	95.397	150.4659
100.000000	95.349	149.3423
101.500000	95.259	148.5115
103.000000	95.174	147.9449
104.400002	95.075	147.5186
106.000000	94.962	147.1948
107.500000	94.874	146.8851
109.000000	94.789	146.5223
110.599998	94.686	146.2228
112.000000	94.594	146.0572
113.800003	94.479	145.8451
115.000000	94.404	145.6801
117.199997	94.276	145.4163
118.000000	94.231	145.3708
120.599998	94.086	145.3835
122.000000	94.005	145.4755
124.099998	93.888	145.4623
125.000000	93.836	145.4210
126.500000	93.756	145.3878
128.000000	93.690	145.4110
131.500000	93.571	145.5818
132.000000	93.553	145.5878
134.000000	93.480	145.5648
136.000000	93.407	145.4740
138.000000	93.342	145.4920
140.000000	93.305	145.5878
143.000000	93.221	145.4276
145.000000	93.136	145.3653
147.500000	93.031	145.2375
150.000000	92.934	145.1082
152.500000	92.840	145.0415
155.000000	92.752	144.9569
157.500000	92.675	144.8810
160.000000	92.609	144.8335
162.500000	92.533	144.8250
165.000000	92.448	144.9081
167.500000	92.359	144.9798
170.000000	92.255	145.0201
172.500000	92.136	145.1096
175.000000	92.022	145.1855
177.500000	91.920	145.2671
180.000000	91.836	145.4012
182.500000	91.768	145.5811
185.000000	91.713	145.8013
187.500000	91.671	145.9986
190.000000	91.636	146.1376
192.500000	91.598	146.2140
195.000000	91.545	146.2358
197.500000	91.475	146.2736
200.000000	91.393	146.3829
203.000000	91.293	146.6500
206.000000	91.203	147.0717
209.000000	91.138	147.6304
212.000000	91.112	148.2977
214.000000	91.123	148.7060
218.000000	91.190	149.0095
220.000000	91.216	148.8724
224.000000	91.209	148.3803
227.000000	91.160	148.0449
230.000000	91.091	147.8341
233.000000	91.016	147.7472
236.000000	90.945	147.7414
240.000000	90.860	147.7877
243.000000	90.800	147.8264
247.000000	90.726	147.8906
250.000000	90.674	147.9856
254.000000	90.607	148.1178
258.000000	90.541	148.2195
262.000000	90.476	148.3614
265.000000	90.428	148.4974
269.000000	90.365	148.6506
272.000000	90.320	148.7512
276.000000	90.262	148.8788
280.000000	90.207	149.0379
285.000000	90.140	149.2294
290.000000	90.079	149.3819
295.000000	90.019	149.5677
300.000000	89.960	149.7874
304.000000	89.918	149.9690
307.000000	89.886	150.0946
311.000000	89.844	150.2554
315.000000	89.803	150.4358
320.000000	89.759	150.6441
325.000000	89.714	150.8434
330.000000	89.666	151.0496
335.000000	89.623	151.2387
340.000000	89.580	151.3988
345.000000	89.538	151.5813
350.000000	89.498	151.7739
355.000000	89.457	151.9921
360.000000	89.417	152.1733
365.000000	89.382	152.3277
370.000000	89.350	152.5184
375.000000	89.319	152.7408
382.000000	89.275	153.0384
387.000000	89.242	153.2156
395.000000	89.192	153.4494
400.000000	89.166	153.6334
406.000000	89.136	153.8816
412.000000	89.107	154.1178
418.000000	89.076	154.3220
425.000000	89.042	154.5528
431.000000	89.015	154.7892
437.000000	88.988	155.0170
444.000000	88.963	155.2408
450.000000	88.939	155.4279
455.000000	88.920	155.6010
462.000000	88.897	155.8664
468.000000	88.879	156.0655
475.000000	88.860	156.2841
482.000000	88.838	156.5303
487.000000	88.824	156.7053
494.000000	88.806	156.9398
500.000000	88.790	157.1179
508.000000	88.769	157.3718
515.000000	88.753	157.6199
522.000000	88.742	157.8635
530.000000	88.731	158.1155
538.000000	88.719	158.3802
545.000000	88.709	158.6084
552.000000	88.699	158.8380
560.000000	88.686	159.0933
570.000000	88.670	159.4009
580.000000	88.665	159.7068
590.000000	88.662	160.0479
600.000000	88.658	160.3564
608.000000	88.660	160.6130
615.000000	88.660	160.8274
622.000000	88.660	161.0480
630.000000	88.662	161.3065
640.000000	88.664	161.6517
650.000000	88.665	161.9737
660.000000	88.669	162.3028
670.000000	88.680	162.6411
680.000000	88.695	162.9686
690.000000	88.710	163.2937
700.000000	88.724	163.6499
710.000000	88.738	163.9888
720.000000	88.758	164.3135
730.000000	88.783	164.6423
740.000000	88.808	164.9758
750.000000	88.833	165.3330
762.000000	88.869	165.7632
775.000000	88.910	166.2056
788.000000	88.954	166.6508
800.000000	88.999	167.0642
812.000000	89.051	167.4509
825.000000	89.111	167.8646
838.000000	89.172	168.2924
850.000000	89.233	168.6730
862.000000	89.297	169.0247
875.000000	89.372	169.3926
885.000000	89.433	169.6718
900.000000	89.530	170.0807
912.000000	89.609	170.3618
925.000000	89.698	170.6399
938.000000	89.791	170.8900
950.000000	89.865	171.0973
962.000000	89.920	171.2548
975.000000	89.985	171.3776
988.000000	90.079	171.4572
1000.000000	90.179	171.5063
1015.000000	90.301	171.5806
1030.000000	90.412	171.6818
1044.000000	90.502	171.7928
1060.000000	90.603	171.9622
1075.000000	90.712	172.1443
1090.000000	90.829	172.2876
1106.000000	90.959	172.3452
1120.000000	91.074	172.3191
1138.000000	91.224	172.2179
1150.000000	91.325	172.1012
1172.000000	91.501	171.7906
1180.000000	91.563	171.6574
1206.000000	91.759	171.1436
1220.000000	91.862	170.8336
1241.000000	92.014	170.3340
1250.000000	92.079	170.0997
1265.000000	92.186	169.6841
1280.000000	92.290	169.2614
1315.000000	92.526	168.2573
1320.000000	92.559	168.1110
1340.000000	92.691	167.5233
1360.000000	92.817	166.9338
1380.000000	92.936	166.3330
1400.000000	93.055	165.7151
1430.000000	93.231	164.7935
1450.000000	93.345	164.1775
1475.000000	93.488	163.4047
1500.000000	93.630	162.6424
1525.000000	93.769	161.8664
1550.000000	93.905	161.0891
1575.000000	94.042	160.2994
1600.000000	94.177	159.5041
1625.000000	94.312	158.7115
1650.000000	94.448	157.9046
1675.000000	94.584	157.0751
1700.000000	94.719	156.2409
1725.000000	94.852	155.3867
1750.000000	94.984	154.5119
1775.000000	95.117	153.6061
1800.000000	95.250	152.6742
1825.000000	95.382	151.7070
1850.000000	95.514	150.7197
1875.000000	95.647	149.7142
1900.000000	95.774	148.6761
1925.000000	95.899	147.6011
1950.000000	96.021	146.4967
1975.000000	96.142	145.3676
2000.000000	96.259	144.2018
2030.000000	96.392	142.7565
2060.000000	96.517	141.2834
2090.000000	96.635	139.7697
2120.000000	96.745	138.2278
2140.000000	96.812	137.1917
2180.000000	96.932	135.0840
2200.000000	96.984	134.0204
2240.000000	97.070	131.8994
2270.000000	97.121	130.3417
2300.000000	97.160	128.8453
2330.000000	97.191	127.4467
2360.000000	97.224	126.1674
2400.000000	97.291	124.6127
2430.000000	97.373	123.4585
2470.000000	97.521	121.6368
2500.000000	97.633	119.9309
2540.000000	97.741	117.2974
2580.000000	97.779	114.4995
2620.000000	97.758	111.7743
2650.000000	97.713	109.8404
2690.000000	97.626	107.4252
2720.000000	97.548	105.7312
2760.000000	97.430	103.6104
2800.000000	97.299	101.6359
2850.000000	97.124	99.3572
2900.000000	96.940	97.2679
2950.000000	96.750	95.3596
3000.000000	96.554	93.6000
3040.000000	96.396	92.2845
3070.000000	96.276	91.3548
3110.000000	96.117	90.1968
3150.000000	95.959	89.1235
3200.000000	95.769	87.9113
3250.000000	95.594	86.8820
3300.000000	95.439	86.0106
3350.000000	95.295	85.2340
3400.000000	95.149	84.5023
3450.000000	94.996	83.7984
3500.000000	94.830	83.1285
3550.000000	94.652	82.5234
3600.000000	94.470	82.0406
3650.000000	94.296	81.7261
3700.000000	94.148	81.5946
3750.000000	94.036	81.5825
3820.000000	93.942	81.6191
3870.000000	93.903	81.6126
3950.000000	93.852	81.5265
4000.000000	93.810	81.4463
4060.000000	93.734	81.3469
4120.000000	93.635	81.2596
4180.000000	93.524	81.1967
4250.000000	93.392	81.1653
4310.000000	93.294	81.1923
4370.000000	93.218	81.2271
4440.000000	93.157	81.2539
4500.000000	93.124	81.2386
4550.000000	93.106	81.1855
4620.000000	93.090	81.0348
4680.000000	93.086	80.8486
4750.000000	93.091	80.5544
4820.000000	93.097	80.1476
4870.000000	93.098	79.7810
4940.000000	93.084	79.1818
5000.000000	93.051	78.6415
5080.000000	92.964	77.9705
5150.000000	92.839	77.5471
5220.000000	92.662	77.3920
5300.000000	92.409	77.7253
5380.000000	92.127	78.8030
5450.000000	91.902	80.4361
5520.000000	91.742	82.7066
5600.000000	91.682	85.8979
5700.000000	91.837	90.2403
5800.000000	92.243	94.3595
5900.000000	92.845	97.7467
6000.000000	93.577	100.1546
6080.000000	94.221	101.3491
6150.000000	94.810	101.8339
6220.000000	95.415	101.8115
6300.000000	96.118	101.1589
6400.000000	96.995	99.3407
6500.000000	97.845	96.3614
6600.000000	98.624	92.1916
6700.000000	99.276	86.9002
6800.000000	99.747	80.6931
6900.000000	99.996	73.9651
7000.000000	100.008	67.2459
7100.000000	99.809	61.0259
7200.000000	99.447	55.6263
7300.000000	98.971	51.1744
7400.000000	98.424	47.6949
7500.000000	97.839	45.1664
7620.000000	97.125	43.3328
7750.000000	96.380	42.6805
7880.000000	95.694	43.2559
8000.000000	95.150	44.8409
8120.000000	94.749	47.5186
8250.000000	94.567	51.7027
8380.000000	94.798	56.6389
8500.000000	95.438	60.3672
8620.000000	96.344	61.6564
8750.000000	97.316	59.8781
8850.000000	97.908	57.0018
9000.000000	98.512	51.9303
9120.000000	98.829	47.9756
9250.000000	99.098	43.9644
9380.000000	99.338	40.0513
9500.000000	99.559	36.2979
9620.000000	99.775	32.1758
9750.000000	99.968	27.1438
9880.000000	100.079	21.5179
10000.000000	100.074	15.9065
10150.000000	99.890	8.6475
10300.000000	99.498	1.6036
10440.000000	98.965	-4.3567
10600.000000	98.210	-10.1160
10750.000000	97.422	-14.3594
10900.000000	96.612	-17.5012
11060.000000	95.768	-19.7625
11200.000000	95.075	-20.9656
11380.000000	94.272	-21.6631
11500.000000	93.801	-21.6975
11720.000000	93.080	-21.1238
11800.000000	92.866	-20.7698
12060.000000	92.356	-19.2897
12200.000000	92.206	-18.3946
12410.000000	92.156	-17.1349
12500.000000	92.202	-16.6818
12650.000000	92.378	-16.1243
12800.000000	92.684	-15.9381
13150.000000	93.963	-18.3246
13200.000000	94.213	-19.1927
13400.000000	95.350	-24.7474
13600.000000	96.536	-34.7765
13800.000000	97.371	-49.8899
14000.000000	97.436	-68.3969
14300.000000	95.924	-94.2876
14500.000000	94.208	-106.2850
14750.000000	91.848	-115.1713
15000.000000	89.647	-119.5408
15250.000000	87.712	-121.4576
15500.000000	86.007	-121.7576
15750.000000	84.609	-121.0359
16000.000000	83.450	-122.3076
16250.000000	82.199	-124.1066
16500.000000	81.229	-125.8151
16750.000000	80.907	-128.1198
17000.000000	81.076	-131.5612
17250.000000	81.556	-136.5417
17500.000000	82.318	-143.8126
17750.000000	83.320	-154.5576
18000.000000	84.426	-170.1489
18250.000000	85.276	168.5383
18500.000000	85.398	142.3936
18750.000000	84.520	114.4268
19000.000000	82.760	87.5850
19250.000000	80.485	62.8411
19500.000000	78.009	39.6040
19750.000000	75.544	17.2889
20000.000000	73.786	-1.6647
