* Measurement data measured by REW V5.31.1
* Source: Input device not selected, no input selected, R, volume: no control. Timing signal peak level -18.1 dBFS, measurement signal peak level -18.1 dBFS
* Format: 256k Log Swept Sine, 1 sweep at -12.0 dBFS using an acoustic timing reference
* Dated: 31-Jul-2024 14:57:48
* REW Settings:
*  C-weighting compensation: Off
*  Target level: 75.0 dB
* Note: ; Delay -0.0910 ms (-31 mm, -1.23 in) using estimated IR delay relative to Acoustic reference played from  L with no timing offset Clock adjustment: 1.2 ppm
* Measurement: IE600Sil L2
* Smoothing: 1/24 octave
* Frequency Step: 1/96 octave
* Start Frequency: 20.000 Hz
*
* Freq(Hz)	SPL(dB)	Phase(degrees)
20.000000	118.997	-150.6404
20.144928	119.000	-151.0883
20.290907	119.004	-151.5335
20.437943	119.007	-151.9764
20.586044	119.010	-152.4179
20.735220	119.013	-152.8587
20.885475	119.015	-153.2998
21.036821	119.017	-153.7420
21.189262	119.019	-154.1853
21.342808	119.019	-154.6294
21.497467	119.019	-155.0736
21.653246	119.017	-155.5161
21.810154	119.015	-155.9556
21.968201	119.011	-156.3901
22.127390	119.007	-156.8182
22.287735	119.003	-157.2394
22.449242	118.999	-157.6536
22.611917	118.995	-158.0620
22.775772	118.993	-158.4668
22.940815	118.991	-158.8705
23.107054	118.990	-159.2763
23.274498	118.990	-159.6867
23.443153	118.990	-160.1036
23.613033	118.990	-160.5278
23.784142	118.989	-160.9584
23.956491	118.987	-161.3931
24.130091	118.983	-161.8284
24.304947	118.978	-162.2603
24.481071	118.971	-162.6851
24.658470	118.963	-163.0996
24.837156	118.955	-163.5027
25.017136	118.947	-163.8952
25.198421	118.940	-164.2796
25.381020	118.935	-164.6607
25.564941	118.932	-165.0434
25.750195	118.929	-165.4327
25.936790	118.927	-165.8316
26.124741	118.924	-166.2410
26.314051	118.918	-166.6584
26.504732	118.911	-167.0788
26.696796	118.900	-167.4953
26.890253	118.887	-167.9000
27.085112	118.872	-168.2875
27.281382	118.857	-168.6544
27.479073	118.842	-169.0023
27.678198	118.830	-169.3373
27.878765	118.821	-169.6694
28.080786	118.815	-170.0101
28.284271	118.811	-170.3707
28.489231	118.807	-170.7579
28.695675	118.800	-171.1726
28.903616	118.789	-171.6086
29.113064	118.772	-172.0525
29.324028	118.748	-172.4872
29.536524	118.717	-172.8948
29.750557	118.683	-173.2606
29.966141	118.649	-173.5781
30.183289	118.618	-173.8508
30.402010	118.593	-174.0925
30.622314	118.576	-174.3250
30.844217	118.566	-174.5733
31.067726	118.561	-174.8583
31.292856	118.558	-175.1927
31.519617	118.553	-175.5762
31.748020	118.542	-175.9965
31.978081	118.524	-176.4309
32.209808	118.498	-176.8546
32.443211	118.465	-177.2441
32.678310	118.431	-177.5863
32.915108	118.399	-177.8801
33.153625	118.372	-178.1384
33.393871	118.352	-178.3830
33.635857	118.340	-178.6386
33.879597	118.334	-178.9273
34.125103	118.329	-179.2598
34.372387	118.322	-179.6353
34.621464	118.309	179.9588
34.872345	118.290	179.5419
35.125042	118.263	179.1348
35.379574	118.231	178.7566
35.635948	118.195	178.4186
35.894180	118.159	178.1246
36.154285	118.125	177.8712
36.416275	118.094	177.6487
36.680161	118.068	177.4447
36.945961	118.046	177.2448
37.213688	118.029	177.0345
37.483353	118.015	176.8025
37.754974	118.002	176.5417
38.028561	117.987	176.2520
38.304131	117.969	175.9408
38.581699	117.945	175.6227
38.861279	117.915	175.3148
39.142883	117.882	175.0324
39.426529	117.847	174.7827
39.712231	117.814	174.5613
40.000000	117.785	174.3533
40.289856	117.760	174.1390
40.581814	117.738	173.9005
40.875885	117.716	173.6305
41.172089	117.691	173.3343
41.470440	117.662	173.0261
41.770950	117.628	172.7229
42.073643	117.593	172.4364
42.378525	117.558	172.1679
42.685616	117.524	171.9092
42.994934	117.493	171.6487
43.306492	117.462	171.3779
43.620308	117.431	171.0962
43.936401	117.397	170.8105
44.254780	117.362	170.5309
44.575470	117.325	170.2638
44.898483	117.289	170.0090
45.223835	117.254	169.7610
45.551544	117.218	169.5140
45.881630	117.182	169.2662
46.214108	117.143	169.0225
46.548996	117.103	168.7916
46.886307	117.061	168.5810
47.226067	117.019	168.3928
47.568283	116.978	168.2231
47.912983	116.940	168.0654
48.260181	116.902	167.9156
48.609894	116.866	167.7743
48.962143	116.830	167.6453
49.316940	116.796	167.5310
49.674313	116.765	167.4285
50.034271	116.739	167.3284
50.396843	116.716	167.2175
50.762039	116.697	167.0848
51.129883	116.679	166.9241
51.500389	116.661	166.7361
51.873581	116.641	166.5250
52.249481	116.619	166.2964
52.628101	116.595	166.0543
53.009464	116.569	165.8010
53.393593	116.541	165.5386
53.780506	116.511	165.2708
54.170223	116.477	165.0036
54.562763	116.440	164.7447
54.958145	116.399	164.5013
55.356396	116.356	164.2778
55.757530	116.312	164.0744
56.161572	116.268	163.8876
56.568542	116.225	163.7118
56.978462	116.183	163.5424
57.391350	116.140	163.3771
57.807232	116.098	163.2152
58.226128	116.056	163.0571
58.648056	116.014	162.9028
59.073048	115.972	162.7524
59.501114	115.930	162.6059
59.932281	115.888	162.4627
60.366577	115.847	162.3210
60.804020	115.806	162.1776
61.244629	115.766	162.0292
61.688435	115.726	161.8751
62.135452	115.685	161.7179
62.585712	115.642	161.5631
63.039234	115.599	161.4165
63.496040	115.555	161.2807
63.956161	115.511	161.1539
64.419617	115.467	161.0316
64.886421	115.424	160.9106
65.356621	115.380	160.7926
65.830215	115.335	160.6821
66.307251	115.290	160.5815
66.787743	115.245	160.4867
67.271713	115.201	160.3904
67.759193	115.156	160.2910
68.250206	115.109	160.1956
68.744774	115.061	160.1138
69.242928	115.014	160.0470
69.744690	114.970	159.9842
70.250084	114.926	159.9112
70.759148	114.882	159.8230
71.271896	114.836	159.7274
71.788361	114.786	159.6375
72.308571	114.734	159.5615
72.832550	114.681	159.4997
73.360321	114.627	159.4486
73.891922	114.571	159.4062
74.427376	114.514	159.3741
74.966705	114.455	159.3555
75.509949	114.395	159.3547
76.057121	114.333	159.3752
76.608261	114.271	159.4201
77.163399	114.209	159.4923
77.722557	114.147	159.5960
78.285767	114.087	159.7376
78.853058	114.031	159.9219
79.424461	113.982	160.1458
80.000000	113.942	160.3904
80.579712	113.912	160.6230
81.163628	113.890	160.8101
81.751770	113.871	160.9363
82.344177	113.850	161.0097
82.940880	113.823	161.0477
83.541901	113.790	161.0647
84.147285	113.746	161.0816
84.757050	113.692	161.1376
85.371231	113.629	161.2791
85.989868	113.564	161.5400
86.612984	113.505	161.9379
87.240616	113.460	162.4697
87.872803	113.441	163.0964
88.509560	113.454	163.7404
89.150940	113.498	164.3123
89.796967	113.567	164.7288
90.447670	113.650	164.9197
91.103088	113.732	164.8570
91.763260	113.794	164.5870
92.428215	113.830	164.2065
93.097992	113.840	163.8030
93.772614	113.829	163.4299
94.452133	113.801	163.1246
95.136566	113.763	162.9156
95.825966	113.724	162.8057
96.520363	113.688	162.7761
97.219788	113.660	162.8077
97.924286	113.643	162.8718
98.633881	113.639	162.9155
99.348625	113.641	162.9030
100.068542	113.642	162.8521
100.793686	113.645	162.7868
101.524078	113.649	162.6892
102.259766	113.652	162.5339
103.000778	113.649	162.3272
103.747162	113.637	162.0889
104.498962	113.616	161.8372
105.256203	113.586	161.6009
106.018929	113.551	161.4100
106.787186	113.517	161.2637
107.561012	113.488	161.1323
108.340446	113.462	160.9902
109.125526	113.437	160.8256
109.916290	113.410	160.6405
110.712791	113.377	160.4579
111.515060	113.341	160.3024
112.323143	113.302	160.1729
113.137085	113.261	160.0587
113.956924	113.218	159.9565
114.782700	113.174	159.8634
115.614464	113.127	159.7796
116.452255	113.080	159.7097
117.296112	113.034	159.6514
118.146095	112.989	159.5954
119.002228	112.946	159.5356
119.864563	112.903	159.4716
120.733154	112.858	159.4132
121.608040	112.812	159.3741
122.489258	112.765	159.3549
123.376869	112.719	159.3490
124.270905	112.674	159.3529
125.171425	112.628	159.3627
126.078468	112.582	159.3768
126.992081	112.536	159.3990
127.912323	112.490	159.4319
128.839233	112.446	159.4765
129.772842	112.402	159.5319
130.713242	112.361	159.5952
131.660431	112.320	159.6657
132.614502	112.280	159.7441
133.575485	112.240	159.8290
134.543427	112.201	159.9201
135.518387	112.164	160.0157
136.500412	112.128	160.1110
137.489548	112.094	160.1994
138.485855	112.062	160.2740
139.489380	112.029	160.3342
140.500168	111.995	160.3879
141.518295	111.959	160.4407
142.543793	111.922	160.4944
143.576721	111.884	160.5522
144.617142	111.845	160.6154
145.665100	111.805	160.6820
146.720642	111.765	160.7523
147.783844	111.725	160.8279
148.854752	111.685	160.9091
149.933411	111.646	160.9956
151.019897	111.608	161.0868
152.114243	111.572	161.1815
153.216522	111.537	161.2794
154.326797	111.504	161.3800
155.445114	111.472	161.4830
156.571533	111.443	161.5879
157.706116	111.415	161.6935
158.848923	111.388	161.8000
160.000000	111.361	161.9086
161.159424	111.335	162.0212
162.327255	111.308	162.1394
163.503540	111.279	162.2621
164.688354	111.248	162.3871
165.881760	111.214	162.5128
167.083801	111.176	162.6379
168.294571	111.134	162.7628
169.514099	111.089	162.8886
170.742462	111.042	163.0167
171.979736	110.993	163.1470
173.225967	110.944	163.2788
174.481232	110.896	163.4120
175.745605	110.851	163.5476
177.019119	110.809	163.6866
178.301880	110.770	163.8289
179.593933	110.735	163.9736
180.895340	110.704	164.1218
182.206177	110.677	164.2740
183.526520	110.654	164.4285
184.856430	110.632	164.5833
186.195984	110.611	164.7377
187.545227	110.590	164.8929
188.904266	110.568	165.0487
190.273132	110.545	165.2054
191.651932	110.521	165.3657
193.040726	110.496	165.5317
194.439575	110.469	165.7029
195.848572	110.441	165.8778
197.267761	110.409	166.0535
198.697250	110.376	166.2269
200.137085	110.342	166.3997
201.587372	110.308	166.5750
203.048157	110.273	166.7556
204.519531	110.239	166.9430
206.001556	110.206	167.1397
207.494324	110.172	167.3453
208.997925	110.139	167.5566
210.512405	110.106	167.7731
212.037857	110.073	167.9958
213.574371	110.040	168.2274
215.122025	110.007	168.4697
216.680893	109.972	168.7264
218.251053	109.936	169.0019
219.832581	109.901	169.2939
221.425583	109.867	169.5989
223.030121	109.834	169.9174
224.646286	109.803	170.2528
226.274170	109.774	170.6119
227.913849	109.748	171.0013
229.565399	109.728	171.4218
231.228928	109.713	171.8673
232.904510	109.704	172.3318
234.592224	109.705	172.8098
236.292191	109.716	173.2859
238.004456	109.739	173.7296
239.729126	109.773	174.1067
241.466309	109.815	174.3903
243.216080	109.860	174.5643
244.978516	109.903	174.6309
246.753738	109.936	174.6107
248.541809	109.959	174.5349
250.342850	109.969	174.4348
252.156937	109.969	174.3351
253.984161	109.960	174.2525
255.824646	109.944	174.1968
257.678467	109.923	174.1712
259.545685	109.898	174.1756
261.426483	109.870	174.2092
263.320862	109.841	174.2706
265.229004	109.812	174.3561
267.150970	109.783	174.4612
269.086853	109.753	174.5822
271.036774	109.724	174.7170
273.000824	109.696	174.8642
274.979095	109.668	175.0244
276.971710	109.641	175.1969
278.978760	109.614	175.3789
281.000336	109.589	175.5676
283.036591	109.564	175.7610
285.087585	109.541	175.9577
287.153442	109.518	176.1577
289.234283	109.497	176.3628
291.330200	109.476	176.5738
293.441284	109.456	176.7896
295.567688	109.437	177.0077
297.709503	109.419	177.2275
299.866821	109.401	177.4487
302.039795	109.384	177.6703
304.228485	109.367	177.8908
306.433044	109.351	178.1095
308.653595	109.334	178.3263
310.890228	109.317	178.5416
313.143066	109.300	178.7557
315.412231	109.282	178.9692
317.697845	109.264	179.1836
320.000000	109.247	179.4013
322.318848	109.230	179.6248
324.654510	109.213	179.8542
327.007080	109.197	-179.9125
329.376709	109.181	-179.6779
331.763519	109.164	-179.4439
334.167603	109.148	-179.2104
336.589142	109.132	-178.9752
339.028198	109.117	-178.7355
341.484924	109.101	-178.4908
343.959473	109.086	-178.2436
346.451935	109.071	-177.9968
348.962463	109.056	-177.7508
351.491211	109.041	-177.5052
354.038239	109.027	-177.2585
356.603760	109.014	-177.0083
359.187866	109.000	-176.7535
361.790680	108.987	-176.4952
364.412354	108.973	-176.2351
367.053040	108.960	-175.9734
369.712860	108.947	-175.7083
372.391968	108.935	-175.4389
375.090454	108.922	-175.1671
377.808533	108.910	-174.8946
380.546265	108.898	-174.6223
383.303864	108.887	-174.3495
386.081451	108.876	-174.0755
388.879150	108.866	-173.7994
391.697144	108.856	-173.5208
394.535522	108.847	-173.2426
397.394501	108.838	-172.9679
400.274170	108.830	-172.6979
403.174744	108.821	-172.4309
406.096313	108.813	-172.1637
409.039062	108.804	-171.8941
412.003113	108.796	-171.6215
414.988647	108.787	-171.3468
417.995850	108.778	-171.0713
421.024811	108.769	-170.7945
424.075714	108.760	-170.5145
427.148743	108.752	-170.2303
430.244049	108.743	-169.9426
433.361786	108.735	-169.6533
436.502106	108.726	-169.3635
439.665161	108.718	-169.0728
442.851166	108.709	-168.7801
446.060242	108.701	-168.4853
449.292572	108.694	-168.1891
452.548340	108.687	-167.8920
455.827698	108.680	-167.5943
459.130798	108.674	-167.2954
462.457855	108.668	-166.9939
465.809021	108.663	-166.6892
469.184448	108.657	-166.3817
472.584381	108.651	-166.0714
476.008911	108.644	-165.7587
479.458252	108.639	-165.4445
482.932617	108.633	-165.1303
486.432159	108.628	-164.8158
489.957031	108.623	-164.5000
493.507477	108.619	-164.1818
497.083618	108.614	-163.8602
500.685699	108.609	-163.5347
504.313873	108.604	-163.2065
507.968323	108.600	-162.8768
511.649292	108.597	-162.5447
515.356934	108.594	-162.2105
519.091370	108.590	-161.8754
522.852966	108.588	-161.5398
526.641724	108.585	-161.2028
530.458008	108.582	-160.8635
534.301941	108.580	-160.5214
538.173706	108.578	-160.1764
542.073547	108.576	-159.8295
546.001648	108.575	-159.4799
549.958191	108.574	-159.1267
553.943420	108.574	-158.7705
557.957520	108.573	-158.4122
562.000671	108.572	-158.0527
566.073181	108.571	-157.6929
570.175171	108.571	-157.3322
574.306885	108.571	-156.9684
578.468567	108.571	-156.6003
582.660400	108.572	-156.2278
586.882568	108.573	-155.8519
591.135376	108.574	-155.4741
595.419006	108.576	-155.0952
599.733643	108.578	-154.7147
604.079590	108.580	-154.3324
608.456970	108.583	-153.9485
612.866089	108.586	-153.5625
617.307190	108.589	-153.1724
621.780457	108.593	-152.7786
626.286133	108.597	-152.3819
630.824463	108.601	-151.9827
635.395691	108.606	-151.5804
640.000000	108.611	-151.1742
644.637695	108.616	-150.7641
649.309021	108.621	-150.3506
654.014160	108.627	-149.9342
658.753418	108.633	-149.5147
663.527039	108.640	-149.0914
668.335205	108.647	-148.6640
673.178284	108.655	-148.2329
678.056396	108.662	-147.7987
682.969849	108.671	-147.3630
687.918945	108.679	-146.9252
692.903870	108.688	-146.4835
697.924927	108.698	-146.0381
702.982422	108.708	-145.5900
708.076477	108.719	-145.1385
713.207520	108.730	-144.6819
718.375732	108.742	-144.2199
723.581360	108.755	-143.7540
728.824707	108.768	-143.2862
734.106079	108.782	-142.8170
739.425720	108.796	-142.3445
744.783936	108.810	-141.8677
750.180908	108.825	-141.3875
755.617065	108.841	-140.9039
761.092529	108.857	-140.4153
766.607727	108.874	-139.9209
772.162903	108.891	-139.4221
777.758301	108.909	-138.9198
783.394287	108.928	-138.4133
789.071045	108.947	-137.9026
794.789001	108.968	-137.3883
800.548340	108.989	-136.8708
806.349487	109.011	-136.3503
812.192627	109.034	-135.8261
818.078125	109.057	-135.2970
824.006226	109.082	-134.7630
829.977295	109.108	-134.2247
835.991699	109.134	-133.6826
842.049622	109.161	-133.1364
848.151428	109.189	-132.5855
854.297485	109.218	-132.0299
860.488098	109.248	-131.4688
866.723572	109.279	-130.9025
873.004211	109.310	-130.3321
879.330322	109.342	-129.7569
885.702332	109.375	-129.1749
892.120483	109.410	-128.5865
898.585144	109.446	-127.9921
905.096680	109.484	-127.3915
911.655396	109.526	-126.7850
918.261597	109.569	-126.1740
924.915710	109.615	-125.5586
931.618042	109.663	-124.9388
938.368896	109.712	-124.3143
945.168762	109.759	-123.6862
952.017822	109.803	-123.0573
958.916504	109.845	-122.4301
965.865234	109.890	-121.8080
972.864319	109.943	-121.1969
979.914062	110.010	-120.6022
987.014954	110.089	-120.0288
994.167236	110.178	-119.4820
1001.371399	110.272	-118.9668
1008.627747	110.368	-118.4866
1015.936646	110.465	-118.0418
1023.298584	110.559	-117.6302
1030.713867	110.650	-117.2482
1038.182739	110.736	-116.8913
1045.705933	110.817	-116.5556
1053.283447	110.895	-116.2371
1060.916016	110.970	-115.9317
1068.603882	111.041	-115.6359
1076.347412	111.110	-115.3470
1084.147095	111.177	-115.0631
1092.003296	111.242	-114.7830
1099.916382	111.305	-114.5052
1107.886841	111.367	-114.2284
1115.915039	111.428	-113.9526
1124.001343	111.488	-113.6783
1132.146362	111.547	-113.4058
1140.350342	111.606	-113.1359
1148.613770	111.664	-112.8695
1156.937134	111.721	-112.6062
1165.320801	111.777	-112.3455
1173.765137	111.833	-112.0866
1182.270752	111.888	-111.8303
1190.838013	111.943	-111.5774
1199.467285	111.998	-111.3289
1208.159180	112.052	-111.0850
1216.913940	112.107	-110.8438
1225.732178	112.162	-110.6035
1234.614380	112.216	-110.3643
1243.560913	112.271	-110.1263
1252.572266	112.327	-109.8900
1261.648926	112.382	-109.6557
1270.791382	112.438	-109.4237
1280.000000	112.494	-109.1936
1289.275391	112.551	-108.9647
1298.618042	112.608	-108.7361
1308.028320	112.666	-108.5077
1317.506836	112.723	-108.2798
1327.054077	112.780	-108.0525
1336.670410	112.838	-107.8250
1346.356567	112.895	-107.5968
1356.112793	112.952	-107.3681
1365.939697	113.009	-107.1393
1375.837891	113.066	-106.9105
1385.807739	113.123	-106.6812
1395.849854	113.179	-106.4516
1405.964844	113.236	-106.2214
1416.152954	113.293	-105.9903
1426.415039	113.349	-105.7583
1436.751465	113.406	-105.5261
1447.162720	113.463	-105.2937
1457.649414	113.520	-105.0604
1468.212158	113.577	-104.8265
1478.851440	113.635	-104.5925
1489.567871	113.693	-104.3580
1500.361816	113.751	-104.1234
1511.234131	113.809	-103.8894
1522.185059	113.867	-103.6559
1533.215454	113.926	-103.4222
1544.325806	113.985	-103.1891
1555.516602	114.044	-102.9572
1566.788574	114.104	-102.7263
1578.142090	114.163	-102.4965
1589.578003	114.223	-102.2685
1601.096680	114.284	-102.0422
1612.698975	114.344	-101.8173
1624.385254	114.405	-101.5939
1636.156250	114.466	-101.3718
1648.012451	114.528	-101.1501
1659.954590	114.590	-100.9286
1671.983398	114.652	-100.7082
1684.099243	114.715	-100.4900
1696.302856	114.778	-100.2748
1708.594971	114.842	-100.0638
1720.976196	114.906	-99.8576
1733.447144	114.972	-99.6566
1746.008423	115.037	-99.4611
1758.660645	115.104	-99.2719
1771.404663	115.171	-99.0900
1784.240967	115.238	-98.9152
1797.170288	115.306	-98.7467
1810.193359	115.374	-98.5841
1823.310791	115.443	-98.4273
1836.523193	115.512	-98.2758
1849.831421	115.583	-98.1298
1863.236084	115.653	-97.9913
1876.737793	115.725	-97.8640
1890.337524	115.798	-97.7520
1904.035645	115.870	-97.6585
1917.833008	115.942	-97.5853
1931.730469	116.013	-97.5319
1945.728638	116.083	-97.4960
1959.828125	116.151	-97.4753
1974.029907	116.218	-97.4672
1988.334473	116.281	-97.4698
2002.742798	116.343	-97.4824
2017.255493	116.403	-97.5038
2031.873291	116.461	-97.5331
2046.597168	116.518	-97.5698
2061.427734	116.572	-97.6141
2076.365479	116.626	-97.6663
2091.411865	116.677	-97.7266
2106.566895	116.727	-97.7949
2121.832031	116.774	-97.8710
2137.207764	116.819	-97.9545
2152.694824	116.862	-98.0453
2168.294189	116.903	-98.1439
2184.006592	116.941	-98.2499
2199.832764	116.977	-98.3630
2215.773682	117.010	-98.4822
2231.830078	117.039	-98.6059
2248.002686	117.066	-98.7328
2264.292725	117.090	-98.8623
2280.700684	117.110	-98.9938
2297.227539	117.126	-99.1273
2313.874268	117.140	-99.2629
2330.641602	117.149	-99.3989
2347.530273	117.155	-99.5323
2364.541504	117.157	-99.6601
2381.676025	117.154	-99.7796
2398.934570	117.147	-99.8892
2416.318359	117.136	-99.9875
2433.827881	117.121	-100.0732
2451.464355	117.102	-100.1437
2469.228760	117.078	-100.1949
2487.121826	117.049	-100.2215
2505.144531	117.016	-100.2184
2523.297852	116.979	-100.1810
2541.582764	116.937	-100.1044
2560.000000	116.893	-99.9836
2578.550781	116.847	-99.8128
2597.236084	116.800	-99.5857
2616.056641	116.755	-99.2972
2635.013672	116.713	-98.9457
2654.108154	116.677	-98.5350
2673.340820	116.651	-98.0765
2692.713135	116.636	-97.5910
2712.225586	116.634	-97.1071
2731.879395	116.645	-96.6571
2751.675781	116.667	-96.2727
2771.615479	116.694	-95.9777
2791.699707	116.722	-95.7821
2811.929688	116.745	-95.6804
2832.305908	116.758	-95.6545
2852.830078	116.760	-95.6787
2873.502930	116.749	-95.7249
2894.325439	116.724	-95.7686
2915.298828	116.689	-95.7915
2936.424316	116.643	-95.7810
2957.702881	116.590	-95.7293
2979.135742	116.530	-95.6323
3000.723633	116.466	-95.4883
3022.468262	116.398	-95.2969
3044.370117	116.327	-95.0590
3066.430908	116.256	-94.7770
3088.651611	116.184	-94.4544
3111.033203	116.113	-94.0953
3133.577148	116.044	-93.7029
3156.284180	115.977	-93.2801
3179.156006	115.914	-92.8292
3202.193359	115.854	-92.3512
3225.397949	115.796	-91.8463
3248.770508	115.740	-91.3148
3272.312500	115.686	-90.7567
3296.024902	115.634	-90.1720
3319.909180	115.582	-89.5609
3343.966797	115.529	-88.9230
3368.198486	115.473	-88.2585
3392.605713	115.414	-87.5676
3417.189941	115.353	-86.8508
3441.952393	115.290	-86.1092
3466.894287	115.224	-85.3431
3492.016846	115.157	-84.5521
3517.321289	115.088	-83.7364
3542.809326	115.020	-82.8961
3568.481934	114.953	-82.0316
3594.340576	114.889	-81.1433
3620.386719	114.828	-80.2313
3646.621582	114.771	-79.2953
3673.046387	114.719	-78.3353
3699.662842	114.673	-77.3513
3726.472168	114.633	-76.3428
3753.475586	114.599	-75.3092
3780.675049	114.571	-74.2492
3808.071289	114.550	-73.1609
3835.666016	114.534	-72.0432
3863.460938	114.522	-70.8957
3891.457275	114.514	-69.7189
3919.656250	114.510	-68.5155
3948.059814	114.510	-67.2904
3976.668945	114.512	-66.0501
4005.485596	114.514	-64.8023
4034.510986	114.513	-63.5542
4063.746582	114.512	-62.3119
4093.194336	114.511	-61.0795
4122.855469	114.510	-59.8606
4152.730957	114.509	-58.6574
4182.823730	114.509	-57.4708
4213.133789	114.511	-56.3018
4243.664062	114.516	-55.1510
4274.415527	114.524	-54.0183
4305.389648	114.536	-52.9021
4336.588379	114.552	-51.8018
4368.013184	114.572	-50.7167
4399.665527	114.595	-49.6437
4431.547363	114.621	-48.5802
4463.660156	114.650	-47.5249
4496.005371	114.682	-46.4777
4528.585449	114.718	-45.4406
4561.401367	114.758	-44.4177
4594.455078	114.801	-43.4116
4627.748535	114.848	-42.4228
4661.283203	114.898	-41.4507
4695.060547	114.949	-40.4960
4729.083008	115.001	-39.5601
4763.352051	115.056	-38.6455
4797.869141	115.114	-37.7546
4832.636719	115.175	-36.8889
4867.655762	115.239	-36.0493
4902.928711	115.306	-35.2368
4938.457520	115.373	-34.4539
4974.243652	115.441	-33.7049
5010.289062	115.508	-32.9967
5046.595703	115.574	-32.3365
5083.165527	115.637	-31.7299
5120.000000	115.694	-31.1788
5157.101562	115.742	-30.6820
5194.472168	115.778	-30.2374
5232.113281	115.799	-29.8424
5270.027344	115.805	-29.4919
5308.216309	115.793	-29.1767
5346.681641	115.762	-28.8825
5385.426270	115.709	-28.5904
5424.451172	115.632	-28.2798
5463.758789	115.533	-27.9273
5503.351562	115.409	-27.5064
5543.230957	115.262	-26.9862
5583.399414	115.094	-26.3319
5623.859375	114.906	-25.5037
5664.611816	114.700	-24.4584
5705.660156	114.478	-23.1502
5747.005859	114.247	-21.5340
5788.650879	114.012	-19.5670
5830.597656	113.785	-17.2124
5872.848633	113.579	-14.4461
5915.405762	113.407	-11.2608
5958.271484	113.286	-7.6744
6001.447266	113.230	-3.7380
6044.936523	113.254	0.4608
6088.740234	113.371	4.7974
6132.861816	113.587	9.1190
6177.303223	113.901	13.2618
6222.066406	114.305	17.0720
6267.154297	114.787	20.4215
6312.568359	115.330	23.2140
6358.312012	115.914	25.3880
6404.386719	116.520	26.9132
6450.795898	117.130	27.7849
6497.541016	117.726	28.0199
6544.625000	118.291	27.6544
6592.049805	118.812	26.7425
6639.818359	119.274	25.3545
6687.933594	119.667	23.5762
6736.396973	119.984	21.5062
6785.211426	120.219	19.2504
6834.379883	120.372	16.9159
6883.904785	120.447	14.6052
6933.788574	120.449	12.4098
6984.033691	120.387	10.4047
7034.642578	120.272	8.6448
7085.618652	120.114	7.1632
7136.963867	119.926	5.9704
7188.681152	119.717	5.0575
7240.773438	119.497	4.4012
7293.243164	119.271	3.9719
7346.092773	119.044	3.7396
7399.325684	118.817	3.6776
7452.944336	118.591	3.7622
7506.951172	118.367	3.9703
7561.350098	118.145	4.2805
7616.142578	117.924	4.6741
7671.332031	117.703	5.1371
7726.921875	117.479	5.6619
7782.914551	117.250	6.2502
7839.312500	117.011	6.9148
7896.119629	116.763	7.6822
7953.337891	116.506	8.5928
8010.971191	116.244	9.6998
8069.021973	115.984	11.0626
8127.493164	115.736	12.7326
8186.388672	115.515	14.7349
8245.710938	115.340	17.0478
8305.461914	115.229	19.5922
8365.647461	115.193	22.2368
8426.267578	115.236	24.8230
8487.328125	115.350	27.2004
8548.831055	115.521	29.2537
8610.779297	115.733	30.9153
8673.176758	115.967	32.1607
8736.026367	116.211	32.9957
8799.331055	116.451	33.4441
8863.094727	116.677	33.5401
8927.320312	116.883	33.3208
8992.010742	117.060	32.8236
9057.170898	117.204	32.0867
9122.802734	117.311	31.1482
9188.910156	117.377	30.0472
9255.497070	117.397	28.8252
9322.566406	117.370	27.5273
9390.121094	117.293	26.2018
9458.166016	117.170	24.8991
9526.704102	117.004	23.6664
9595.738281	116.799	22.5399
9665.273438	116.561	21.5412
9735.311523	116.293	20.6854
9805.857422	115.999	19.9926
9876.915039	115.680	19.4872
9948.487305	115.343	19.1895
10020.578125	114.992	19.1103
10093.191406	114.634	19.2510
10166.331055	114.274	19.6056
10240.000000	113.916	20.1635
10314.203125	113.563	20.9123
10388.944336	113.219	21.8382
10464.226562	112.886	22.9262
10540.054688	112.566	24.1613
10616.432617	112.259	25.5294
10693.363281	111.968	27.0167
10770.852539	111.693	28.6096
10848.902344	111.435	30.2953
10927.517578	111.194	32.0630
11006.703125	110.971	33.9021
11086.461914	110.768	35.8032
11166.798828	110.583	37.7570
11247.718750	110.420	39.7539
11329.223633	110.277	41.7849
11411.320312	110.157	43.8412
11494.011719	110.058	45.9135
11577.301758	109.983	47.9917
11661.195312	109.932	50.0665
11745.697266	109.906	52.1285
11830.811523	109.906	54.1664
11916.542969	109.933	56.1683
12002.894531	109.988	58.1210
12089.873047	110.074	60.0086
12177.480469	110.192	61.8129
12265.723633	110.343	63.5130
12354.606445	110.530	65.0834
12444.132812	110.755	66.4936
12534.308594	111.019	67.7087
12625.136719	111.324	68.6873
12716.624023	111.670	69.3796
12808.773438	112.057	69.7244
12901.591797	112.486	69.6499
12995.082031	112.951	69.0746
13089.250000	113.446	67.9084
13184.099609	113.958	66.0582
13279.636719	114.468	63.4394
13375.867188	114.952	59.9925
13472.793945	115.378	55.7034
13570.422852	115.713	50.6236
13668.759766	115.925	44.8832
13767.809570	115.992	38.6888
13867.577148	115.911	32.3027
13968.067383	115.696	26.0035
14069.285156	115.381	20.0425
14171.237305	114.994	14.6086
14273.927734	114.558	9.8119
14377.362305	114.090	5.6835
14481.546875	113.603	2.1891
14586.486328	113.111	-0.7490
14692.185547	112.632	-3.2301
14798.651367	112.189	-5.3619
14905.888672	111.798	-7.2545
15013.902344	111.468	-9.0188
15122.700195	111.207	-10.7671
15232.285156	111.024	-12.6189
15342.664062	110.929	-14.7093
15453.843750	110.921	-17.1969
15565.829102	110.999	-20.2678
15678.625000	111.161	-24.1363
15792.239258	111.404	-29.0401
15906.675781	111.705	-35.2234
16021.942383	112.021	-42.9106
16138.043945	112.296	-52.2579
16254.986328	112.464	-63.2862
16372.777344	112.456	-75.8084
16491.421875	112.215	-89.3901
16610.923828	111.708	-103.3976
16731.294922	110.929	-117.1451
16852.535156	109.903	-130.0682
16974.656250	108.693	-141.8351
17097.662109	107.378	-152.3509
17221.558594	106.035	-161.7076
17346.353516	104.726	-170.1070
17472.052734	103.489	-177.7938
17598.662109	102.340	174.9962
17726.189453	101.286	168.0562
17854.640625	100.323	161.2106
17984.021484	99.448	154.3079
18114.341797	98.655	147.2189
18245.605469	97.936	139.8353
18377.820312	97.287	132.0558
18510.994141	96.703	123.7758
18645.132812	96.180	114.8911
18780.242188	95.710	105.2894
18916.332031	95.285	94.8571
19053.408203	94.890	83.4916
19191.476562	94.507	71.1020
19330.546875	94.113	57.6167
19470.623047	93.688	43.0060
19611.714844	93.223	27.3340
19753.830078	92.739	11.0406
19896.974609	92.315	-4.0278
