* Measurement data measured by REW V5.31
* Source: Headset (USB-C to 3.5mm Headphone Jack Adapter), MICROPHONE, L, volume: 0.250. Timing signal peak level -29.4 dBFS, measurement signal peak level -29.4 dBFS
* Format: 1M Log Swept Sine, 1 sweep at 0.0 dBFS using an acoustic timing reference
* Dated: 11-Apr-2024 15:28:24
* REW Settings:
*  C-weighting compensation: Off
*  Target level: 75.0 dB
* Note: ; Delay -0.0519 ms (-18 mm, -0.7 in) using estimated IR delay relative to Acoustic reference played from SPEAKER L with no timing offset Clock adjustment: -2.7 ppm
* Measurement: IE600Velvet L5
* Smoothing: 1/24 octave
* Frequency Step: 1/48 octave
* Start Frequency: 20.000 Hz
*
* Freq(Hz)	SPL(dB)	Phase(degrees)
20.000000	115.024	-135.7459
20.299999	115.067	-136.7559
20.600000	115.104	-137.7525
20.900000	115.136	-138.7212
21.200001	115.165	-139.6492
21.400000	115.183	-140.2441
21.799999	115.221	-141.3918
22.000000	115.242	-141.9556
22.400000	115.285	-143.0882
22.700001	115.316	-143.9495
23.000000	115.342	-144.8140
23.299999	115.362	-145.6674
23.600000	115.379	-146.4955
24.000000	115.397	-147.5494
24.299999	115.411	-148.3077
24.700001	115.432	-149.2975
25.000000	115.449	-150.0388
25.400000	115.470	-151.0369
25.799999	115.486	-152.0411
26.200001	115.496	-153.0328
26.500000	115.500	-153.7559
26.900000	115.504	-154.6832
27.200001	115.506	-155.3533
27.600000	115.512	-156.2280
28.000000	115.519	-157.1026
28.500000	115.524	-158.2121
29.000000	115.520	-159.3140
29.500000	115.507	-160.3553
30.000000	115.493	-161.3172
30.400000	115.487	-162.0549
30.700001	115.483	-162.6091
31.100000	115.478	-163.3587
31.500000	115.467	-164.1102
32.000000	115.446	-165.0143
32.500000	115.424	-165.8573
33.000000	115.406	-166.6643
33.500000	115.391	-167.4778
34.000000	115.372	-168.3073
34.500000	115.347	-169.1272
35.000000	115.317	-169.9106
35.500000	115.287	-170.6521
36.000000	115.257	-171.3602
36.500000	115.230	-172.0447
37.000000	115.205	-172.7168
37.500000	115.182	-173.3904
38.200001	115.151	-174.3462
38.700001	115.125	-175.0231
39.500000	115.079	-176.0620
40.000000	115.048	-176.6849
40.599998	115.009	-177.4137
41.200001	114.968	-178.1168
41.799999	114.928	-178.7898
42.500000	114.881	-179.5507
43.099998	114.840	179.8065
43.700001	114.796	179.1786
44.400002	114.744	178.4793
45.000000	114.700	177.9066
45.500000	114.664	177.4398
46.200001	114.613	176.7916
46.799999	114.568	176.2414
47.500000	114.515	175.6143
48.200001	114.462	175.0077
48.700001	114.424	174.5856
49.400002	114.372	174.0104
50.000000	114.327	173.5331
50.799999	114.269	172.9112
51.500000	114.216	172.3749
52.200001	114.160	171.8589
53.000000	114.099	171.3007
53.799999	114.042	170.7507
54.500000	113.991	170.2736
55.200001	113.938	169.8191
56.000000	113.878	169.3251
57.000000	113.803	168.7250
58.000000	113.727	168.1570
59.000000	113.654	167.6065
60.000000	113.578	167.0665
60.799999	113.517	166.6591
61.500000	113.465	166.3156
62.200001	113.414	165.9715
63.000000	113.355	165.5784
64.000000	113.279	165.1136
65.000000	113.206	164.6790
66.000000	113.135	164.2532
67.000000	113.064	163.8383
68.000000	112.993	163.4362
69.000000	112.921	163.0532
70.000000	112.852	162.6862
71.000000	112.784	162.3327
72.000000	112.717	161.9966
73.000000	112.651	161.6689
74.000000	112.585	161.3471
75.000000	112.516	161.0410
76.199997	112.435	160.7148
77.500000	112.352	160.3752
78.800003	112.270	160.0217
80.000000	112.191	159.7239
81.199997	112.115	159.4525
82.500000	112.035	159.1662
83.800003	111.956	158.8816
85.000000	111.882	158.6325
86.199997	111.809	158.4017
87.500000	111.733	158.1562
88.500000	111.675	157.9696
90.000000	111.588	157.7070
91.199997	111.519	157.5139
92.500000	111.446	157.3148
93.800003	111.373	157.1243
95.000000	111.306	156.9592
96.199997	111.239	156.8025
97.500000	111.168	156.6443
98.800003	111.097	156.5005
100.000000	111.034	156.3766
101.500000	110.956	156.2256
103.000000	110.878	156.0833
104.400002	110.807	155.9539
106.000000	110.726	155.8148
107.500000	110.652	155.6938
109.000000	110.580	155.5817
110.599998	110.503	155.4690
112.000000	110.436	155.3827
113.800003	110.352	155.2941
115.000000	110.298	155.2458
117.199997	110.202	155.1538
118.000000	110.168	155.1216
120.599998	110.060	155.0292
122.000000	110.002	154.9864
124.099998	109.917	154.9272
125.000000	109.880	154.9017
126.500000	109.820	154.8710
128.000000	109.762	154.8492
131.500000	109.630	154.8079
132.000000	109.611	154.8058
134.000000	109.534	154.8068
136.000000	109.459	154.8198
138.000000	109.384	154.8287
140.000000	109.308	154.8531
143.000000	109.196	154.9061
145.000000	109.120	154.9343
147.500000	109.022	155.0108
150.000000	108.931	155.1116
152.500000	108.845	155.2380
155.000000	108.770	155.4158
157.500000	108.702	155.5784
160.000000	108.638	155.8157
162.500000	108.581	156.0751
165.000000	108.536	156.4291
167.500000	108.504	156.6583
170.000000	108.467	156.7597
172.500000	108.413	156.7174
175.000000	108.339	156.6601
177.500000	108.268	156.6196
180.000000	108.204	156.5667
182.500000	108.147	156.5703
185.000000	108.098	156.6359
187.500000	108.055	156.7231
190.000000	108.012	156.8121
192.500000	107.967	156.9155
195.000000	107.918	157.0304
197.500000	107.867	157.1520
200.000000	107.812	157.2979
203.000000	107.744	157.4886
206.000000	107.677	157.6661
209.000000	107.620	157.8579
212.000000	107.562	158.0808
214.000000	107.521	158.2366
218.000000	107.451	158.5106
220.000000	107.424	158.6445
224.000000	107.368	158.9276
227.000000	107.323	159.1039
230.000000	107.284	159.2582
233.000000	107.246	159.4131
236.000000	107.205	159.5480
240.000000	107.149	159.7076
243.000000	107.107	159.8384
247.000000	107.050	160.0152
250.000000	107.010	160.1585
254.000000	106.956	160.3780
258.000000	106.902	160.6047
262.000000	106.852	160.8417
265.000000	106.816	161.0308
269.000000	106.766	161.2681
272.000000	106.728	161.4409
276.000000	106.679	161.6910
280.000000	106.633	161.9535
285.000000	106.580	162.2789
290.000000	106.529	162.5885
295.000000	106.477	162.8997
300.000000	106.430	163.2221
304.000000	106.395	163.4791
307.000000	106.368	163.6729
311.000000	106.331	163.9368
315.000000	106.293	164.1976
320.000000	106.250	164.5157
325.000000	106.205	164.8462
330.000000	106.161	165.1905
335.000000	106.117	165.5754
340.000000	106.076	165.9822
345.000000	106.038	166.4185
350.000000	106.012	166.9048
355.000000	106.000	167.4162
360.000000	106.004	167.8666
365.000000	106.017	168.1976
370.000000	106.026	168.4190
375.000000	106.023	168.5790
382.000000	106.002	168.8180
387.000000	105.982	169.0187
395.000000	105.954	169.3938
400.000000	105.938	169.6325
406.000000	105.921	169.8987
412.000000	105.902	170.1542
418.000000	105.877	170.4097
425.000000	105.848	170.7176
431.000000	105.826	170.9984
437.000000	105.803	171.2975
444.000000	105.776	171.6465
450.000000	105.754	171.9445
455.000000	105.738	172.2029
462.000000	105.717	172.5862
468.000000	105.701	172.9083
475.000000	105.683	173.2723
482.000000	105.665	173.6365
487.000000	105.653	173.9007
494.000000	105.637	174.2707
500.000000	105.625	174.5907
508.000000	105.610	175.0184
515.000000	105.598	175.3853
522.000000	105.588	175.7540
530.000000	105.579	176.1782
538.000000	105.570	176.6032
545.000000	105.564	176.9751
552.000000	105.559	177.3502
560.000000	105.553	177.7773
570.000000	105.548	178.3046
580.000000	105.546	178.8406
590.000000	105.545	179.3853
600.000000	105.545	179.9236
608.000000	105.546	-179.6456
615.000000	105.548	-179.2675
622.000000	105.551	-178.8875
630.000000	105.555	-178.4561
640.000000	105.562	-177.9160
650.000000	105.572	-177.3730
660.000000	105.584	-176.8302
670.000000	105.597	-176.2816
680.000000	105.610	-175.7274
690.000000	105.626	-175.1753
700.000000	105.644	-174.6194
710.000000	105.664	-174.0721
720.000000	105.686	-173.5210
730.000000	105.711	-172.9567
740.000000	105.737	-172.3895
750.000000	105.765	-171.8273
762.000000	105.801	-171.1519
775.000000	105.844	-170.4118
788.000000	105.892	-169.6761
800.000000	105.940	-169.0006
812.000000	105.990	-168.3238
825.000000	106.049	-167.5955
838.000000	106.113	-166.8728
850.000000	106.176	-166.2142
862.000000	106.243	-165.5632
875.000000	106.320	-164.8658
885.000000	106.380	-164.3423
900.000000	106.475	-163.5751
912.000000	106.557	-162.9723
925.000000	106.652	-162.3403
938.000000	106.747	-161.7342
950.000000	106.825	-161.1977
962.000000	106.888	-160.6898
975.000000	106.967	-160.1724
988.000000	107.077	-159.6935
1000.000000	107.198	-159.2916
1015.000000	107.354	-158.8377
1030.000000	107.506	-158.4464
1044.000000	107.639	-158.1438
1060.000000	107.783	-157.8815
1075.000000	107.911	-157.7116
1090.000000	108.031	-157.6154
1106.000000	108.146	-157.5845
1120.000000	108.235	-157.5841
1138.000000	108.331	-157.5537
1150.000000	108.388	-157.4907
1172.000000	108.490	-157.2750
1180.000000	108.530	-157.1695
1206.000000	108.676	-156.8074
1220.000000	108.764	-156.6400
1241.000000	108.905	-156.4599
1250.000000	108.968	-156.4113
1265.000000	109.073	-156.3603
1280.000000	109.179	-156.3423
1315.000000	109.425	-156.3983
1320.000000	109.459	-156.4146
1340.000000	109.594	-156.5001
1360.000000	109.726	-156.6109
1380.000000	109.854	-156.7290
1400.000000	109.978	-156.8502
1430.000000	110.160	-157.0474
1450.000000	110.280	-157.1871
1475.000000	110.427	-157.3654
1500.000000	110.571	-157.5483
1525.000000	110.714	-157.7326
1550.000000	110.856	-157.9267
1575.000000	110.998	-158.1264
1600.000000	111.139	-158.3355
1625.000000	111.280	-158.5542
1650.000000	111.421	-158.7898
1675.000000	111.561	-159.0385
1700.000000	111.701	-159.3084
1725.000000	111.841	-159.5989
1750.000000	111.982	-159.9098
1775.000000	112.123	-160.2494
1800.000000	112.264	-160.6182
1825.000000	112.406	-161.0158
1850.000000	112.547	-161.4419
1875.000000	112.687	-161.8988
1900.000000	112.824	-162.3934
1925.000000	112.960	-162.9225
1950.000000	113.094	-163.4859
1975.000000	113.225	-164.0846
2000.000000	113.353	-164.7182
2030.000000	113.502	-165.5283
2060.000000	113.643	-166.3962
2090.000000	113.779	-167.3144
2120.000000	113.908	-168.2792
2140.000000	113.991	-168.9485
2180.000000	114.143	-170.3515
2200.000000	114.212	-171.0779
2240.000000	114.336	-172.5849
2270.000000	114.418	-173.7589
2300.000000	114.488	-174.9552
2330.000000	114.546	-176.1707
2360.000000	114.591	-177.4034
2400.000000	114.631	-179.0566
2430.000000	114.645	179.7128
2470.000000	114.644	178.0865
2500.000000	114.630	176.8865
2540.000000	114.591	175.3323
2580.000000	114.528	173.8557
2620.000000	114.446	172.4571
2650.000000	114.375	171.4673
2690.000000	114.263	170.2541
2720.000000	114.168	169.4283
2760.000000	114.031	168.4420
2800.000000	113.883	167.6035
2850.000000	113.691	166.7817
2900.000000	113.502	166.2191
2950.000000	113.334	165.8643
3000.000000	113.195	165.5728
3040.000000	113.097	165.2988
3070.000000	113.024	165.0470
3110.000000	112.923	164.6711
3150.000000	112.814	164.2975
3200.000000	112.672	163.9046
3250.000000	112.529	163.6476
3300.000000	112.389	163.5372
3350.000000	112.248	163.5680
3400.000000	112.097	163.7181
3450.000000	111.938	163.9750
3500.000000	111.773	164.3321
3550.000000	111.610	164.7751
3600.000000	111.457	165.2918
3650.000000	111.321	165.8668
3700.000000	111.207	166.4953
3750.000000	111.112	167.1774
3820.000000	111.019	168.1658
3870.000000	110.969	168.8957
3950.000000	110.899	170.0917
4000.000000	110.849	170.8471
4060.000000	110.763	171.7808
4120.000000	110.660	172.7258
4180.000000	110.549	173.6912
4250.000000	110.423	174.8583
4310.000000	110.334	175.8757
4370.000000	110.263	176.8761
4440.000000	110.204	177.9976
4500.000000	110.169	178.8988
4550.000000	110.147	179.6171
4620.000000	110.121	-179.3936
4680.000000	110.106	-178.5396
4750.000000	110.100	-177.5186
4820.000000	110.112	-176.4871
4870.000000	110.133	-175.7596
4940.000000	110.187	-174.8088
5000.000000	110.251	-174.0918
5080.000000	110.343	-173.3302
5150.000000	110.415	-172.8884
5220.000000	110.463	-172.6827
5300.000000	110.467	-172.7330
5380.000000	110.394	-173.0236
5450.000000	110.250	-173.3647
5520.000000	110.023	-173.6265
5600.000000	109.656	-173.5421
5700.000000	109.056	-172.2449
5800.000000	108.374	-168.8088
5900.000000	107.789	-162.6785
6000.000000	107.533	-154.2195
6080.000000	107.669	-146.7334
6150.000000	108.040	-140.4898
6220.000000	108.602	-135.0348
6300.000000	109.401	-130.0617
6400.000000	110.530	-125.7812
6500.000000	111.715	-123.5003
6600.000000	112.898	-123.0733
6700.000000	114.027	-124.4154
6800.000000	115.042	-127.4520
6900.000000	115.870	-132.0001
7000.000000	116.443	-137.6695
7100.000000	116.723	-143.8604
7200.000000	116.709	-149.9099
7300.000000	116.441	-155.2693
7400.000000	115.976	-159.5602
7500.000000	115.374	-162.5590
7620.000000	114.558	-164.3634
7750.000000	113.649	-164.1524
7880.000000	112.812	-161.7056
8000.000000	112.228	-157.4918
8120.000000	111.994	-151.7807
8250.000000	112.293	-145.5216
8380.000000	113.055	-141.7281
8500.000000	113.827	-141.3887
8620.000000	114.404	-143.1328
8750.000000	114.752	-145.7026
8850.000000	114.882	-147.4556
9000.000000	114.982	-149.3884
9120.000000	115.047	-150.4667
9250.000000	115.138	-151.4595
9380.000000	115.251	-152.5212
9500.000000	115.369	-153.6760
9620.000000	115.505	-155.0980
9750.000000	115.656	-157.1544
9880.000000	115.771	-159.8483
10000.000000	115.812	-162.8187
10150.000000	115.737	-166.9702
10300.000000	115.499	-171.2801
10440.000000	115.127	-175.1024
10600.000000	114.550	-178.8783
10750.000000	113.899	178.3916
10900.000000	113.188	176.5508
11060.000000	112.410	175.5600
11200.000000	111.742	175.4396
11380.000000	110.934	176.1546
11500.000000	110.439	177.0753
11720.000000	109.637	179.4719
11800.000000	109.383	-179.4755
12060.000000	108.701	-175.5794
12200.000000	108.430	-173.2742
12410.000000	108.159	-169.6573
12500.000000	108.095	-168.0790
12650.000000	108.062	-165.4603
12800.000000	108.126	-162.9161
13150.000000	108.691	-157.7244
13200.000000	108.825	-157.1295
13400.000000	109.516	-155.3602
13600.000000	110.491	-155.0894
13800.000000	111.792	-157.3469
14000.000000	113.408	-163.5692
14300.000000	115.651	177.3294
14500.000000	116.118	159.5398
14750.000000	115.066	137.9608
15000.000000	112.828	122.8674
15250.000000	110.324	114.8701
15500.000000	108.051	111.4689
15750.000000	106.060	110.3141
16000.000000	104.308	110.0866
16250.000000	102.742	110.2988
16500.000000	101.667	110.6407
16750.000000	101.426	109.1708
17000.000000	101.574	105.8020
17250.000000	102.004	101.0523
17500.000000	102.734	93.7522
17750.000000	103.657	82.4537
18000.000000	104.510	65.9729
18250.000000	104.860	44.4016
18500.000000	104.334	19.8470
18750.000000	102.899	-4.5953
19000.000000	100.848	-27.1024
19250.000000	98.540	-47.7301
19500.000000	96.175	-67.4549
19750.000000	93.879	-86.8742
20000.000000	92.259	-102.8543
