* Measurement data measured by REW V5.31
* Source: Headset (USB-C to 3.5mm Headphone Jack Adapter), MICROPHONE, L, volume: 0.250. Timing signal peak level -28.3 dBFS, measurement signal peak level -22.1 dBFS
* Format: 1M Log Swept Sine, 1 sweep at 0.0 dBFS using an acoustic timing reference
* Dated: 11-Apr-2024 15:27:07
* REW Settings:
*  C-weighting compensation: Off
*  Target level: 75.0 dB
* Note: ; Delay -0.2515 ms (-86 mm, -3.4 in) using estimated IR delay relative to Acoustic reference played from SPEAKER L with no timing offset Clock adjustment: 6.1 ppm
* Measurement: IE600Velvet L3
* Smoothing: 1/24 octave
* Frequency Step: 1/48 octave
* Start Frequency: 20.000 Hz
*
* Freq(Hz)	SPL(dB)	Phase(degrees)
20.000000	114.180	-137.0702
20.299999	114.195	-137.3665
20.600000	114.308	-137.6755
20.900000	114.477	-138.2843
21.200001	114.644	-139.2428
21.400000	114.736	-140.0084
21.799999	114.854	-141.5779
22.000000	114.886	-142.2800
22.400000	114.926	-143.4091
22.700001	114.957	-144.0615
23.000000	114.999	-144.6587
23.299999	115.045	-145.3042
23.600000	115.084	-146.0555
24.000000	115.102	-147.1982
24.299999	115.080	-148.0664
24.700001	115.010	-149.0531
25.000000	114.949	-149.5831
25.400000	114.902	-150.0687
25.799999	114.924	-150.6097
26.200001	114.992	-151.5931
26.500000	115.031	-152.6958
26.900000	115.012	-154.4208
27.200001	114.936	-155.6051
27.600000	114.797	-156.6365
28.000000	114.713	-157.0076
28.500000	114.783	-157.3969
29.000000	114.942	-158.7306
29.500000	114.963	-160.8070
30.000000	114.789	-162.2293
30.400000	114.637	-162.1926
30.700001	114.613	-161.6368
31.100000	114.741	-160.9603
31.500000	114.976	-161.1505
32.000000	115.199	-162.7722
32.500000	115.202	-164.9143
33.000000	115.037	-166.3726
33.500000	114.869	-166.8055
34.000000	114.804	-166.8029
34.500000	114.819	-167.0540
35.000000	114.840	-167.7065
35.500000	114.840	-168.5657
36.000000	114.828	-169.5062
36.500000	114.807	-170.5367
37.000000	114.761	-171.6205
37.500000	114.682	-172.5867
38.200001	114.563	-173.4297
38.700001	114.525	-173.7563
39.500000	114.551	-174.5726
40.000000	114.549	-175.4431
40.599998	114.468	-176.4408
41.200001	114.350	-176.9103
41.799999	114.287	-176.9570
42.500000	114.290	-177.1550
43.099998	114.291	-177.6034
43.700001	114.274	-178.0984
44.400002	114.256	-178.6956
45.000000	114.233	-179.3245
45.500000	114.192	-179.8771
46.200001	114.108	179.4602
46.799999	114.026	179.0212
47.500000	113.927	178.6908
48.200001	113.852	178.5812
48.700001	113.836	178.4829
49.400002	113.836	178.0193
50.000000	113.811	177.3305
50.799999	113.718	176.4639
51.500000	113.631	175.9776
52.200001	113.571	175.5278
53.000000	113.500	174.8999
53.799999	113.410	174.4658
54.500000	113.362	174.2814
55.200001	113.342	173.9619
56.000000	113.293	173.4286
57.000000	113.202	173.0201
58.000000	113.146	172.6942
59.000000	113.085	172.2394
60.000000	113.032	171.7854
60.799999	112.988	171.2327
61.500000	112.914	170.7143
62.200001	112.819	170.4294
63.000000	112.735	170.3911
64.000000	112.685	170.2170
65.000000	112.615	169.7899
66.000000	112.525	169.4708
67.000000	112.447	169.1903
68.000000	112.375	168.8675
69.000000	112.312	168.4988
70.000000	112.239	168.0718
71.000000	112.155	167.8597
72.000000	112.105	167.7779
73.000000	112.065	167.5593
74.000000	112.011	167.2845
75.000000	111.930	167.0017
76.199997	111.820	167.0612
77.500000	111.779	167.0883
78.800003	111.716	166.6903
80.000000	111.610	166.5320
81.199997	111.556	166.6447
82.500000	111.479	166.1552
83.800003	111.339	166.2133
85.000000	111.294	166.3359
86.199997	111.249	165.9192
87.500000	111.117	165.6001
88.500000	111.033	165.7759
90.000000	110.959	166.0605
91.199997	110.935	166.0348
92.500000	110.842	165.6911
93.800003	110.724	165.7082
95.000000	110.633	165.8477
96.199997	110.570	166.0603
97.500000	110.543	166.3056
98.800003	110.539	166.2132
100.000000	110.470	165.9964
101.500000	110.370	166.4705
103.000000	110.334	166.5478
104.400002	110.228	166.5887
106.000000	110.181	166.8499
107.500000	110.148	166.5562
109.000000	110.058	166.4152
110.599998	109.979	166.8358
112.000000	109.936	167.2051
113.800003	109.867	167.3450
115.000000	109.777	167.2912
117.199997	109.612	167.1360
118.000000	109.544	167.0268
120.599998	109.401	167.0287
122.000000	109.350	167.0907
124.099998	109.264	167.3874
125.000000	109.225	167.5837
126.500000	109.162	167.8671
128.000000	109.105	168.0255
131.500000	109.002	168.1934
132.000000	108.992	168.2787
134.000000	108.954	168.5423
136.000000	108.852	168.9664
138.000000	108.764	169.6068
140.000000	108.698	169.8151
143.000000	108.586	170.2010
145.000000	108.552	170.6727
147.500000	108.513	170.9969
150.000000	108.444	171.3240
152.500000	108.373	171.7366
155.000000	108.298	172.2517
157.500000	108.221	172.6161
160.000000	108.157	172.9193
162.500000	108.104	173.2107
165.000000	108.036	173.5456
167.500000	107.953	173.9104
170.000000	107.870	174.3186
172.500000	107.777	174.7991
175.000000	107.671	175.3475
177.500000	107.583	175.8370
180.000000	107.526	176.2186
182.500000	107.490	176.5945
185.000000	107.454	177.0205
187.500000	107.412	177.4951
190.000000	107.374	177.9548
192.500000	107.338	178.4164
195.000000	107.294	178.9099
197.500000	107.239	179.4245
200.000000	107.177	179.9464
203.000000	107.105	-179.4860
206.000000	107.040	-179.0184
209.000000	106.988	-178.5280
212.000000	106.943	-177.9064
214.000000	106.905	-177.4417
218.000000	106.819	-176.5736
220.000000	106.786	-176.2192
224.000000	106.729	-175.4700
227.000000	106.679	-174.8640
230.000000	106.626	-174.3112
233.000000	106.586	-173.7330
236.000000	106.548	-173.1033
240.000000	106.486	-172.2786
243.000000	106.442	-171.7180
247.000000	106.386	-171.0083
250.000000	106.344	-170.4654
254.000000	106.295	-169.6979
258.000000	106.245	-168.8805
262.000000	106.194	-168.0369
265.000000	106.159	-167.4310
269.000000	106.112	-166.6711
272.000000	106.077	-166.1100
276.000000	106.033	-165.3117
280.000000	105.991	-164.4499
285.000000	105.942	-163.4155
290.000000	105.894	-162.4712
295.000000	105.851	-161.5161
300.000000	105.809	-160.4958
304.000000	105.772	-159.6525
307.000000	105.742	-159.0096
311.000000	105.704	-158.1656
315.000000	105.672	-157.3553
320.000000	105.642	-156.3744
325.000000	105.612	-155.4164
330.000000	105.575	-154.4144
335.000000	105.542	-153.3514
340.000000	105.511	-152.2787
345.000000	105.477	-151.2773
350.000000	105.446	-150.3281
355.000000	105.420	-149.3955
360.000000	105.394	-148.4120
365.000000	105.365	-147.4105
370.000000	105.336	-146.4196
375.000000	105.308	-145.3996
382.000000	105.272	-143.9698
387.000000	105.245	-142.9504
395.000000	105.213	-141.3377
400.000000	105.197	-140.3353
406.000000	105.173	-139.1530
412.000000	105.149	-137.9697
418.000000	105.129	-136.7611
425.000000	105.108	-135.3690
431.000000	105.090	-134.1819
437.000000	105.071	-132.9840
444.000000	105.051	-131.5668
450.000000	105.035	-130.3743
455.000000	105.023	-129.3966
462.000000	105.010	-128.0145
468.000000	105.001	-126.8303
475.000000	104.987	-125.4818
482.000000	104.969	-124.1216
487.000000	104.957	-123.1179
494.000000	104.942	-121.6867
500.000000	104.933	-120.4934
508.000000	104.927	-118.9616
515.000000	104.925	-117.6088
522.000000	104.919	-116.2196
530.000000	104.907	-114.6066
538.000000	104.894	-112.9864
545.000000	104.887	-111.5857
552.000000	104.886	-110.2151
560.000000	104.886	-108.6646
570.000000	104.881	-106.6776
580.000000	104.875	-104.6301
590.000000	104.876	-102.6414
600.000000	104.883	-100.7024
608.000000	104.886	-99.1049
615.000000	104.885	-97.6682
622.000000	104.883	-96.2268
630.000000	104.886	-94.6059
640.000000	104.900	-92.6173
650.000000	104.919	-90.6331
660.000000	104.938	-88.6337
670.000000	104.951	-86.6003
680.000000	104.962	-84.5463
690.000000	104.974	-82.5062
700.000000	104.992	-80.4734
710.000000	105.014	-78.4399
720.000000	105.040	-76.4059
730.000000	105.069	-74.3672
740.000000	105.099	-72.3211
750.000000	105.130	-70.2743
762.000000	105.169	-67.8280
775.000000	105.215	-65.1673
788.000000	105.263	-62.5121
800.000000	105.310	-60.0579
812.000000	105.359	-57.5984
825.000000	105.417	-54.9396
838.000000	105.482	-52.2970
850.000000	105.547	-49.8653
862.000000	105.613	-47.4247
875.000000	105.684	-44.7656
885.000000	105.742	-42.7336
900.000000	105.836	-39.7230
912.000000	105.922	-37.3413
925.000000	106.020	-34.7823
938.000000	106.113	-32.2397
950.000000	106.182	-29.9050
962.000000	106.234	-27.5833
975.000000	106.301	-25.0929
988.000000	106.406	-22.6487
1000.000000	106.527	-20.4468
1015.000000	106.684	-17.7467
1030.000000	106.829	-15.0805
1044.000000	106.952	-12.6323
1060.000000	107.089	-9.9360
1075.000000	107.216	-7.5210
1090.000000	107.334	-5.1734
1106.000000	107.437	-2.6985
1120.000000	107.512	-0.5344
1138.000000	107.596	2.2813
1150.000000	107.649	4.2068
1172.000000	107.747	7.8556
1180.000000	107.785	9.2095
1206.000000	107.919	13.6205
1220.000000	108.002	15.9604
1241.000000	108.137	19.3977
1250.000000	108.197	20.8451
1265.000000	108.298	23.2345
1280.000000	108.400	25.6063
1315.000000	108.648	31.0255
1320.000000	108.684	31.7901
1340.000000	108.821	34.8420
1360.000000	108.945	37.8991
1380.000000	109.061	40.9554
1400.000000	109.181	43.9865
1430.000000	109.368	48.4868
1450.000000	109.489	51.4995
1475.000000	109.636	55.2639
1500.000000	109.780	59.0174
1525.000000	109.921	62.7787
1550.000000	110.061	66.5357
1575.000000	110.204	70.2749
1600.000000	110.348	74.0018
1625.000000	110.491	77.7294
1650.000000	110.634	81.4507
1675.000000	110.779	85.1555
1700.000000	110.923	88.8382
1725.000000	111.063	92.5051
1750.000000	111.203	96.1511
1775.000000	111.346	99.7635
1800.000000	111.490	103.3575
1825.000000	111.636	106.9295
1850.000000	111.786	110.4647
1875.000000	111.932	113.9586
1900.000000	112.070	117.4207
1925.000000	112.201	120.8549
1950.000000	112.333	124.2493
1975.000000	112.472	127.5877
2000.000000	112.608	130.8809
2030.000000	112.757	134.7899
2060.000000	112.889	138.6435
2090.000000	113.017	142.4256
2120.000000	113.146	146.1402
2140.000000	113.231	148.5893
2180.000000	113.383	153.4284
2200.000000	113.447	155.8278
2240.000000	113.553	160.5897
2270.000000	113.623	164.1359
2300.000000	113.687	167.6891
2330.000000	113.745	171.2694
2360.000000	113.798	174.8861
2400.000000	113.868	179.7381
2430.000000	113.929	-176.6627
2470.000000	114.016	-172.0334
2500.000000	114.071	-168.7220
2540.000000	114.112	-164.4815
2580.000000	114.114	-160.3249
2620.000000	114.085	-156.1489
2650.000000	114.043	-152.9660
2690.000000	113.960	-148.6283
2720.000000	113.880	-145.3002
2760.000000	113.760	-140.7739
2800.000000	113.631	-136.1454
2850.000000	113.459	-130.2198
2900.000000	113.280	-124.1554
2950.000000	113.096	-117.9576
3000.000000	112.912	-111.6321
3040.000000	112.768	-106.4805
3070.000000	112.663	-102.5750
3110.000000	112.524	-97.3210
3150.000000	112.384	-92.0183
3200.000000	112.211	-85.3368
3250.000000	112.046	-78.5835
3300.000000	111.920	-71.7632
3350.000000	111.834	-64.8799
3400.000000	111.753	-57.9575
3450.000000	111.645	-51.0311
3500.000000	111.497	-44.1075
3550.000000	111.340	-37.1855
3600.000000	111.211	-30.2463
3650.000000	111.130	-23.3124
3700.000000	111.077	-16.3991
3750.000000	111.024	-9.5048
3820.000000	110.959	0.0763
3870.000000	110.934	6.8467
3950.000000	110.908	17.5566
4000.000000	110.864	24.2054
4060.000000	110.771	32.2041
4120.000000	110.670	40.2290
4180.000000	110.576	48.2378
4250.000000	110.464	57.4856
4310.000000	110.358	65.3197
4370.000000	110.246	73.1451
4440.000000	110.128	82.4321
4500.000000	110.061	90.5935
4550.000000	110.037	97.5085
4620.000000	110.058	107.2087
4680.000000	110.129	115.3812
4750.000000	110.270	124.6127
4820.000000	110.446	133.4478
4870.000000	110.576	139.5106
4940.000000	110.763	147.6512
5000.000000	110.928	154.3252
5080.000000	111.146	162.8259
5150.000000	111.315	169.9092
5220.000000	111.443	176.6619
5300.000000	111.521	-176.0123
5380.000000	111.499	-169.0234
5450.000000	111.381	-163.0449
5520.000000	111.166	-156.9954
5600.000000	110.808	-149.6495
5700.000000	110.237	-139.1656
5800.000000	109.625	-126.4607
5900.000000	109.169	-111.0768
6000.000000	109.111	-93.5686
6080.000000	109.447	-79.1711
6150.000000	110.012	-67.2457
6220.000000	110.775	-56.5204
6300.000000	111.805	-46.0828
6400.000000	113.204	-35.8906
6500.000000	114.599	-28.7749
6600.000000	115.864	-24.5371
6700.000000	116.861	-22.7519
6800.000000	117.483	-22.6338
6900.000000	117.673	-23.0958
7000.000000	117.447	-23.0383
7100.000000	116.944	-21.6813
7200.000000	116.345	-18.8038
7300.000000	115.664	-14.5713
7400.000000	114.949	-9.3406
7500.000000	114.242	-3.3107
7620.000000	113.413	4.7291
7750.000000	112.514	14.2965
7880.000000	111.628	24.9347
8000.000000	110.894	36.0752
8120.000000	110.348	48.6544
8250.000000	110.115	63.2606
8380.000000	110.312	77.2659
8500.000000	110.749	88.4725
8620.000000	111.265	97.9211
8750.000000	111.812	106.6619
8850.000000	112.209	112.6035
9000.000000	112.784	120.4656
9120.000000	113.234	125.9038
9250.000000	113.692	130.9182
9380.000000	114.078	135.0081
9500.000000	114.344	138.0806
9620.000000	114.519	140.6107
9750.000000	114.584	142.8058
9880.000000	114.494	144.6653
10000.000000	114.275	146.4088
10150.000000	113.848	149.0214
10300.000000	113.295	152.4280
10440.000000	112.706	156.4509
10600.000000	111.995	161.9983
10750.000000	111.337	168.0234
10900.000000	110.717	174.7325
11060.000000	110.115	-177.5220
11200.000000	109.652	-170.3896
11380.000000	109.164	-160.8964
11500.000000	108.914	-154.4176
11720.000000	108.603	-142.3691
11800.000000	108.537	-137.9956
12060.000000	108.499	-124.0356
12200.000000	108.601	-116.7434
12410.000000	108.934	-106.2747
12500.000000	109.148	-102.0394
12650.000000	109.613	-95.4534
12800.000000	110.220	-89.6447
13150.000000	112.169	-80.9589
13200.000000	112.489	-80.5308
13400.000000	113.743	-81.5327
13600.000000	114.675	-87.0593
13800.000000	114.906	-95.6903
14000.000000	114.335	-104.3804
14300.000000	112.626	-111.8463
14500.000000	111.348	-112.2380
14750.000000	109.849	-109.0131
15000.000000	108.634	-103.4797
15250.000000	107.736	-97.0669
15500.000000	107.129	-90.7827
15750.000000	106.794	-85.4932
16000.000000	106.807	-82.2410
16250.000000	107.238	-82.7209
16500.000000	108.266	-89.5964
16750.000000	109.259	-105.2191
17000.000000	108.898	-125.9895
17250.000000	106.983	-144.6420
17500.000000	104.190	-157.2605
17750.000000	101.291	-164.3646
18000.000000	98.718	-168.2500
18250.000000	96.563	-170.9338
18500.000000	94.770	-173.7754
18750.000000	93.275	-177.6938
19000.000000	92.004	176.6255
19250.000000	90.852	168.7227
19500.000000	89.694	158.4167
19750.000000	88.496	146.2543
20000.000000	87.625	137.2535
