* Measurement data measured by REW V5.31
* Source: Input device not selected, no input selected, L, volume: 0.250. Timing signal peak level -41.4 dBFS, measurement signal peak level -41.3 dBFS
* Format: 1M Log Swept Sine, 1 sweep at -12.0 dBFS using an acoustic timing reference
* Dated: 09-Apr-2024 22:44:29
* REW Settings:
*  C-weighting compensation: Off
*  Target level: 75.0 dB
* Note: ; Delay -0.0783 ms (-27 mm, -1.06 in) using estimated IR delay relative to Acoustic reference played from  R with no timing offset Clock adjustment: -20.2 ppm
* Measurement: R1 W1
* Smoothing: 1/24 octave
* Frequency Step: 1/48 octave
* Start Frequency: 20.000 Hz
*
* Freq(Hz)	SPL(dB)	Phase(degrees)
20.000000	99.300	-151.8387
20.299999	99.280	-152.5219
20.600000	99.282	-153.1367
20.900000	99.305	-153.7870
21.200001	99.337	-154.5456
21.400000	99.356	-155.1178
21.799999	99.372	-156.3573
22.000000	99.366	-156.9775
22.400000	99.338	-158.1091
22.700001	99.313	-158.8219
23.000000	99.299	-159.4360
23.299999	99.301	-160.0084
23.600000	99.320	-160.6054
24.000000	99.358	-161.5169
24.299999	99.386	-162.2960
24.700001	99.409	-163.4148
25.000000	99.415	-164.2675
25.400000	99.410	-165.3704
25.799999	99.396	-166.4111
26.200001	99.376	-167.3861
26.500000	99.357	-168.0703
26.900000	99.329	-168.9064
27.200001	99.309	-169.4693
27.600000	99.289	-170.1465
28.000000	99.283	-170.7888
28.500000	99.289	-171.6468
29.000000	99.293	-172.6261
29.500000	99.274	-173.6604
30.000000	99.232	-174.6201
30.400000	99.194	-175.2944
30.700001	99.168	-175.7634
31.100000	99.138	-176.3826
31.500000	99.106	-177.0247
32.000000	99.057	-177.8384
32.500000	98.999	-178.6014
33.000000	98.944	-179.3092
33.500000	98.899	179.9633
34.000000	98.852	179.1738
34.500000	98.798	178.3643
35.000000	98.742	177.5765
35.500000	98.687	176.8021
36.000000	98.625	176.0939
36.500000	98.565	175.6199
37.000000	98.554	175.4164
37.500000	98.635	175.1124
38.200001	98.811	173.6219
38.700001	98.833	171.9733
39.500000	98.650	170.1434
40.000000	98.552	169.8312
40.599998	98.513	169.4133
41.200001	98.410	168.6570
41.799999	98.187	168.5272
42.500000	98.019	169.5334
43.099998	98.008	169.9756
43.700001	97.910	169.7938
44.400002	97.682	170.6271
45.000000	97.707	172.1539
45.500000	97.920	172.4061
46.200001	98.129	170.3611
46.799999	98.025	168.0419
47.500000	97.768	166.6189
48.200001	97.642	166.0387
48.700001	97.609	165.4271
49.400002	97.539	164.3846
50.000000	97.461	163.7278
50.799999	97.391	163.1837
51.500000	97.349	162.7889
52.200001	97.308	162.4386
53.000000	97.259	162.0411
53.799999	97.192	161.6296
54.500000	97.120	161.2930
55.200001	97.040	160.9796
56.000000	96.947	160.6530
57.000000	96.844	160.2648
58.000000	96.761	159.9328
59.000000	96.716	159.5811
60.000000	96.673	159.0555
60.799999	96.618	158.6354
61.500000	96.557	158.3216
62.200001	96.489	158.0629
63.000000	96.412	157.8213
64.000000	96.328	157.4338
65.000000	96.235	156.8854
66.000000	96.135	156.3691
67.000000	96.049	155.9270
68.000000	95.974	155.5023
69.000000	95.893	155.1660
70.000000	95.809	154.9714
71.000000	95.725	154.8348
72.000000	95.633	154.6731
73.000000	95.535	154.4653
74.000000	95.437	154.2040
75.000000	95.348	153.8885
76.199997	95.255	153.5244
77.500000	95.172	153.2183
78.800003	95.085	153.0820
80.000000	94.989	153.0788
81.199997	94.871	153.0725
82.500000	94.727	152.9413
83.800003	94.594	152.6380
85.000000	94.507	152.2445
86.199997	94.471	152.0793
87.500000	94.536	152.4376
88.500000	94.712	152.8543
90.000000	94.873	151.4155
91.199997	94.591	151.3068
92.500000	94.398	153.0940
93.800003	94.322	153.7792
95.000000	94.236	153.6247
96.199997	94.138	153.0771
97.500000	94.045	152.3747
98.800003	93.970	151.7972
100.000000	93.910	151.4919
101.500000	93.827	151.3483
103.000000	93.723	151.3195
104.400002	93.614	151.2520
106.000000	93.494	151.0676
107.500000	93.395	150.8921
109.000000	93.313	150.7866
110.599998	93.226	150.7440
112.000000	93.139	150.7418
113.800003	93.018	150.7616
115.000000	92.940	150.7789
117.199997	92.814	150.8429
118.000000	92.770	150.8779
120.599998	92.631	151.1900
122.000000	92.565	151.4024
124.099998	92.486	151.7230
125.000000	92.462	151.8270
126.500000	92.429	151.9389
128.000000	92.399	151.9845
131.500000	92.299	151.7933
132.000000	92.280	151.7537
134.000000	92.196	151.6167
136.000000	92.100	151.5621
138.000000	91.998	151.6375
140.000000	91.899	151.7705
143.000000	91.760	151.8981
145.000000	91.669	151.9587
147.500000	91.565	152.1194
150.000000	91.467	152.3458
152.500000	91.375	152.6272
155.000000	91.301	152.8966
157.500000	91.246	153.0912
160.000000	91.187	153.2158
162.500000	91.116	153.3513
165.000000	91.033	153.5036
167.500000	90.932	153.7384
170.000000	90.824	154.0665
172.500000	90.721	154.3752
175.000000	90.628	154.6222
177.500000	90.548	154.8340
180.000000	90.477	155.0299
182.500000	90.412	155.1849
185.000000	90.345	155.3400
187.500000	90.275	155.5773
190.000000	90.201	155.9017
192.500000	90.123	156.2901
195.000000	90.042	156.7074
197.500000	89.961	157.2173
200.000000	89.891	157.9024
203.000000	89.849	158.9450
206.000000	89.880	159.9679
209.000000	89.968	160.5042
212.000000	90.047	160.4164
214.000000	90.067	160.1740
218.000000	90.025	159.7297
220.000000	89.980	159.6103
224.000000	89.878	159.5441
227.000000	89.800	159.6139
230.000000	89.726	159.7667
233.000000	89.658	159.9577
236.000000	89.591	160.1609
240.000000	89.503	160.4440
243.000000	89.441	160.6805
247.000000	89.362	160.9986
250.000000	89.306	161.2437
254.000000	89.235	161.6171
258.000000	89.164	161.9967
262.000000	89.101	162.3565
265.000000	89.059	162.6198
269.000000	88.999	163.0336
272.000000	88.954	163.3550
276.000000	88.895	163.7527
280.000000	88.839	164.1224
285.000000	88.777	164.5462
290.000000	88.716	165.0332
295.000000	88.653	165.5446
300.000000	88.597	166.0169
304.000000	88.556	166.4081
307.000000	88.522	166.6785
311.000000	88.473	167.0326
315.000000	88.428	167.4108
320.000000	88.378	167.8856
325.000000	88.336	168.3732
330.000000	88.292	168.8693
335.000000	88.250	169.3451
340.000000	88.212	169.7696
345.000000	88.173	170.2512
350.000000	88.132	170.7640
355.000000	88.094	171.1999
360.000000	88.056	171.6135
365.000000	88.019	172.0652
370.000000	87.986	172.5327
375.000000	87.957	172.9890
382.000000	87.909	173.6068
387.000000	87.880	174.0749
395.000000	87.841	174.8151
400.000000	87.812	175.2392
406.000000	87.774	175.7729
412.000000	87.741	176.3261
418.000000	87.717	176.8173
425.000000	87.683	177.4140
431.000000	87.652	177.9529
437.000000	87.628	178.4762
444.000000	87.603	179.0736
450.000000	87.582	179.5781
455.000000	87.568	-179.9728
462.000000	87.545	-179.3449
468.000000	87.525	-178.8448
475.000000	87.501	-178.2457
482.000000	87.481	-177.6559
487.000000	87.469	-177.2496
494.000000	87.457	-176.6799
500.000000	87.443	-176.1775
508.000000	87.421	-175.4776
515.000000	87.403	-174.9146
522.000000	87.390	-174.3498
530.000000	87.378	-173.6619
538.000000	87.370	-172.9951
545.000000	87.362	-172.4775
552.000000	87.350	-171.9142
560.000000	87.339	-171.2011
570.000000	87.338	-170.3471
580.000000	87.330	-169.5576
590.000000	87.328	-168.7665
600.000000	87.326	-167.9767
608.000000	87.321	-167.3074
615.000000	87.319	-166.7448
622.000000	87.319	-166.1804
630.000000	87.323	-165.5504
640.000000	87.332	-164.7731
650.000000	87.339	-163.9420
660.000000	87.348	-163.1143
670.000000	87.360	-162.3353
680.000000	87.371	-161.5516
690.000000	87.380	-160.7492
700.000000	87.395	-159.9351
710.000000	87.417	-159.1480
720.000000	87.442	-158.3659
730.000000	87.464	-157.5770
740.000000	87.484	-156.7809
750.000000	87.506	-155.9839
762.000000	87.545	-155.0387
775.000000	87.588	-154.0308
788.000000	87.629	-153.0022
800.000000	87.672	-152.0418
812.000000	87.721	-151.1531
825.000000	87.774	-150.1782
838.000000	87.831	-149.2097
850.000000	87.891	-148.3314
862.000000	87.955	-147.4418
875.000000	88.026	-146.4737
885.000000	88.080	-145.7590
900.000000	88.162	-144.7392
912.000000	88.233	-143.9566
925.000000	88.315	-143.1166
938.000000	88.396	-142.3122
950.000000	88.460	-141.6127
962.000000	88.508	-140.9516
975.000000	88.563	-140.2809
988.000000	88.641	-139.6601
1000.000000	88.726	-139.1038
1015.000000	88.826	-138.4095
1030.000000	88.912	-137.6709
1044.000000	88.981	-136.9367
1060.000000	89.057	-136.0433
1075.000000	89.135	-135.1609
1090.000000	89.223	-134.2627
1106.000000	89.331	-133.3196
1120.000000	89.442	-132.5316
1138.000000	89.604	-131.6499
1150.000000	89.716	-131.1880
1172.000000	89.903	-130.5798
1180.000000	89.963	-130.4138
1206.000000	90.140	-129.9445
1220.000000	90.225	-129.7024
1241.000000	90.345	-129.3206
1250.000000	90.394	-129.1535
1265.000000	90.472	-128.8894
1280.000000	90.552	-128.6325
1315.000000	90.731	-128.0139
1320.000000	90.755	-127.9218
1340.000000	90.851	-127.5473
1360.000000	90.943	-127.1518
1380.000000	91.035	-126.7027
1400.000000	91.128	-126.1927
1430.000000	91.284	-125.3177
1450.000000	91.411	-124.7381
1475.000000	91.591	-124.1855
1500.000000	91.766	-123.8972
1525.000000	91.915	-123.7713
1550.000000	92.038	-123.6512
1575.000000	92.140	-123.4845
1600.000000	92.236	-123.2432
1625.000000	92.328	-122.9578
1650.000000	92.414	-122.6164
1675.000000	92.496	-122.2222
1700.000000	92.574	-121.7762
1725.000000	92.651	-121.2315
1750.000000	92.737	-120.5629
1775.000000	92.844	-119.8191
1800.000000	92.980	-119.0788
1825.000000	93.142	-118.4495
1850.000000	93.318	-118.0300
1875.000000	93.485	-117.8791
1900.000000	93.620	-117.9022
1925.000000	93.715	-117.9400
1950.000000	93.774	-117.8395
1975.000000	93.809	-117.4911
2000.000000	93.836	-116.8398
2030.000000	93.883	-115.5987
2060.000000	93.993	-113.8291
2090.000000	94.233	-111.6838
2120.000000	94.641	-109.7720
2140.000000	94.989	-109.0270
2180.000000	95.705	-109.2799
2200.000000	96.009	-110.0882
2240.000000	96.462	-112.1907
2270.000000	96.707	-113.7582
2300.000000	96.913	-115.2764
2330.000000	97.091	-116.8470
2360.000000	97.230	-118.4939
2400.000000	97.344	-120.6901
2430.000000	97.383	-122.2330
2470.000000	97.389	-124.0944
2500.000000	97.366	-125.3412
2540.000000	97.309	-126.8036
2580.000000	97.232	-128.0463
2620.000000	97.147	-129.0969
2650.000000	97.078	-129.7921
2690.000000	96.981	-130.6330
2720.000000	96.900	-131.2115
2760.000000	96.778	-131.8891
2800.000000	96.643	-132.4323
2850.000000	96.462	-132.9133
2900.000000	96.277	-133.2213
2950.000000	96.089	-133.3752
3000.000000	95.898	-133.3884
3040.000000	95.743	-133.2866
3070.000000	95.626	-133.1404
3110.000000	95.473	-132.8647
3150.000000	95.327	-132.5035
3200.000000	95.160	-131.9296
3250.000000	95.012	-131.2431
3300.000000	94.878	-130.4728
3350.000000	94.746	-129.6282
3400.000000	94.602	-128.7036
3450.000000	94.447	-127.7032
3500.000000	94.281	-126.6035
3550.000000	94.111	-125.3759
3600.000000	93.948	-124.0186
3650.000000	93.805	-122.5319
3700.000000	93.691	-120.9364
3750.000000	93.612	-119.2481
3820.000000	93.560	-116.8482
3870.000000	93.555	-115.1695
3950.000000	93.563	-112.5759
4000.000000	93.559	-110.9902
4060.000000	93.529	-109.1049
4120.000000	93.479	-107.2122
4180.000000	93.426	-105.2840
4250.000000	93.378	-103.0169
4310.000000	93.359	-101.1134
4370.000000	93.362	-99.2697
4440.000000	93.389	-97.2377
4500.000000	93.426	-95.5800
4550.000000	93.463	-94.2441
4620.000000	93.525	-92.4174
4680.000000	93.589	-90.9161
4750.000000	93.675	-89.2762
4820.000000	93.766	-87.7580
4870.000000	93.829	-86.7406
4940.000000	93.907	-85.4304
5000.000000	93.956	-84.3975
5080.000000	93.983	-83.0267
5150.000000	93.958	-81.7240
5220.000000	93.881	-80.1787
5300.000000	93.746	-77.9032
5380.000000	93.594	-74.9085
5450.000000	93.492	-71.5978
5520.000000	93.467	-67.6709
5600.000000	93.584	-62.6584
5700.000000	94.002	-56.2026
5800.000000	94.711	-50.3304
5900.000000	95.650	-45.6898
6000.000000	96.736	-42.6802
6080.000000	97.655	-41.5894
6150.000000	98.462	-41.6578
6220.000000	99.243	-42.7080
6300.000000	100.065	-45.0821
6400.000000	100.913	-49.6137
6500.000000	101.483	-55.4173
6600.000000	101.727	-61.7523
6700.000000	101.656	-67.8206
6800.000000	101.330	-72.9927
6900.000000	100.835	-76.9436
7000.000000	100.257	-79.6066
7100.000000	99.665	-81.1024
7200.000000	99.102	-81.7121
7300.000000	98.588	-81.7495
7400.000000	98.119	-81.4398
7500.000000	97.683	-80.9081
7620.000000	97.187	-80.1618
7750.000000	96.659	-79.4092
7880.000000	96.093	-78.7462
8000.000000	95.493	-78.0393
8120.000000	94.793	-76.7673
8250.000000	93.938	-73.7963
8380.000000	93.141	-68.2446
8500.000000	92.706	-60.8888
8620.000000	92.735	-52.8472
8750.000000	93.250	-45.5145
8850.000000	93.851	-41.6456
9000.000000	94.839	-38.8723
9120.000000	95.567	-38.8962
9250.000000	96.189	-40.6528
9380.000000	96.574	-43.6314
9500.000000	96.707	-46.9365
9620.000000	96.630	-50.3544
9750.000000	96.331	-53.7084
9880.000000	95.856	-56.2993
10000.000000	95.315	-57.8341
10150.000000	94.576	-58.5540
10300.000000	93.831	-58.0553
10440.000000	93.169	-56.6657
10600.000000	92.477	-54.2223
10750.000000	91.904	-51.2820
10900.000000	91.415	-47.8739
11060.000000	90.994	-43.8825
11200.000000	90.711	-40.1988
11380.000000	90.469	-35.2983
11500.000000	90.385	-31.9902
11720.000000	90.398	-25.9675
11800.000000	90.458	-23.8336
12060.000000	90.882	-17.3685
12200.000000	91.266	-14.3107
12410.000000	92.064	-10.6849
12500.000000	92.493	-9.6290
12650.000000	93.321	-8.8067
12800.000000	94.271	-9.5366
13150.000000	96.518	-19.8608
13200.000000	96.764	-22.4178
13400.000000	97.320	-34.6572
13600.000000	97.032	-47.8561
13800.000000	96.017	-58.9426
14000.000000	94.710	-66.2927
14300.000000	93.149	-70.9418
14500.000000	92.512	-71.3886
14750.000000	92.115	-70.8816
15000.000000	92.275	-71.0792
15250.000000	93.092	-74.7557
15500.000000	94.368	-85.9008
15750.000000	95.163	-107.4877
16000.000000	94.011	-135.5099
16250.000000	90.548	-158.6028
16500.000000	86.031	-171.8972
16750.000000	81.884	-177.7162
17000.000000	78.668	-179.7968
17250.000000	76.134	179.4211
17500.000000	73.991	178.8776
17750.000000	72.089	178.0637
18000.000000	70.377	176.5369
18250.000000	68.834	174.2156
18500.000000	67.390	170.7682
18750.000000	65.991	165.6824
19000.000000	64.532	159.0220
19250.000000	62.945	151.5456
19500.000000	61.121	143.5757
19750.000000	59.089	138.2182
20000.000000	57.669	139.4327
