* Measurement data measured by REW V5.31.1
* Source: Headset (USB-C to 3.5mm Headphone Jack Adapter), MICROPHONE (Master Volume), R, volume: 0.250. Timing signal peak level -21.9 dBFS, measurement signal peak level -21.2 dBFS
* Format: 256k Log Swept Sine, 1 sweep at -12.0 dBFS using an acoustic timing reference
* Dated: Nov 14, 2024 4:38:50 AM
* REW Settings:
*  C-weighting compensation: Off
*  Target level: 75.0 dB
* Note: ; Delay -0.0905 ms (-31 mm, -1.22 in) using estimated IR delay relative to Acoustic reference played from  R with no timing offset
* Measurement: IE600 Sil S3 R1
* Smoothing: 1/24 octave
* Frequency Step: 1/96 octave
* Start Frequency: 20.000 Hz
*
* Freq(Hz)	SPL(dB)	Phase(degrees)
20.000000	116.425	-134.9935
20.144928	116.450	-134.6503
20.290907	116.517	-134.3868
20.437943	116.618	-134.2780
20.586044	116.742	-134.3897
20.735220	116.876	-134.7462
20.885475	117.007	-135.3451
21.036821	117.123	-136.1669
21.189262	117.215	-137.1619
21.342808	117.276	-138.2688
21.497467	117.303	-139.4305
21.653246	117.297	-140.5720
21.810154	117.261	-141.6357
21.968201	117.202	-142.5659
22.127390	117.127	-143.3174
22.287735	117.048	-143.8734
22.449242	116.977	-144.2336
22.611917	116.922	-144.4226
22.775772	116.894	-144.4948
22.940815	116.896	-144.5095
23.107054	116.929	-144.5454
23.274498	116.990	-144.6683
23.443153	117.069	-144.9320
23.613033	117.159	-145.3715
23.784142	117.247	-145.9929
23.956491	117.325	-146.7856
24.130091	117.385	-147.7182
24.304947	117.419	-148.7450
24.481071	117.424	-149.8153
24.658470	117.398	-150.8666
24.837156	117.343	-151.8423
25.017136	117.263	-152.6799
25.198421	117.163	-153.3304
25.381020	117.054	-153.7512
25.564941	116.947	-153.9214
25.750195	116.856	-153.8456
25.936790	116.792	-153.5565
26.124741	116.768	-153.1236
26.314051	116.791	-152.6355
26.504732	116.861	-152.2020
26.696796	116.973	-151.9196
26.890253	117.116	-151.8733
27.085112	117.276	-152.1099
27.281382	117.439	-152.6478
27.479073	117.591	-153.4709
27.678198	117.719	-154.5432
27.878765	117.817	-155.8093
28.080786	117.877	-157.2101
28.284271	117.898	-158.6784
28.489231	117.878	-160.1537
28.695675	117.820	-161.5719
28.903616	117.727	-162.8804
29.113064	117.605	-164.0267
29.324028	117.459	-164.9688
29.536524	117.298	-165.6716
29.750557	117.132	-166.1147
29.966141	116.972	-166.2949
30.183289	116.832	-166.2357
30.402010	116.720	-165.9861
30.622314	116.645	-165.6219
30.844217	116.609	-165.2343
31.067726	116.608	-164.9090
31.292856	116.632	-164.7168
31.519617	116.671	-164.6892
31.748020	116.710	-164.8228
31.978081	116.740	-165.0775
32.209808	116.757	-165.3973
32.443211	116.760	-165.7197
32.678310	116.754	-165.9993
32.915108	116.749	-166.2184
33.153625	116.751	-166.3925
33.393871	116.767	-166.5638
33.635857	116.794	-166.7842
33.879597	116.828	-167.0986
34.125103	116.859	-167.5206
34.372387	116.878	-168.0323
34.621464	116.880	-168.5833
34.872345	116.862	-169.1134
35.125042	116.832	-169.5694
35.379574	116.799	-169.9237
35.635948	116.773	-170.1893
35.894180	116.763	-170.4130
36.154285	116.770	-170.6639
36.416275	116.789	-171.0038
36.680161	116.809	-171.4642
36.945961	116.820	-172.0381
37.213688	116.814	-172.6803
37.483353	116.789	-173.3269
37.754974	116.747	-173.9158
38.028561	116.697	-174.4017
38.304131	116.647	-174.7706
38.581699	116.608	-175.0399
38.861279	116.583	-175.2487
39.142883	116.574	-175.4445
39.426529	116.580	-175.6702
39.712231	116.596	-175.9551
40.000000	116.616	-176.3137
40.289856	116.635	-176.7476
40.581814	116.648	-177.2449
40.875885	116.650	-177.7799
41.172089	116.638	-178.3138
41.470440	116.612	-178.7995
41.770950	116.576	-179.1926
42.073643	116.537	-179.4655
42.378525	116.504	-179.6243
42.685616	116.486	-179.7126
42.994934	116.484	-179.7977
43.306492	116.495	-179.9473
43.620308	116.511	179.7935
43.936401	116.519	179.4177
44.254780	116.512	178.9559
44.575470	116.486	178.4581
44.898483	116.440	177.9739
45.223835	116.378	177.5399
45.551544	116.306	177.1747
45.881630	116.229	176.8839
46.214108	116.151	176.6646
46.548996	116.076	176.5074
46.886307	116.009	176.3953
47.226067	115.954	176.2999
47.568283	115.912	176.1856
47.912983	115.882	176.0209
48.260181	115.861	175.7880
48.609894	115.843	175.4875
48.962143	115.828	175.1301
49.316940	115.815	174.7274
49.674313	115.802	174.2835
50.034271	115.789	173.8003
50.396843	115.771	173.2870
50.762039	115.746	172.7666
51.129883	115.713	172.2729
51.500389	115.672	171.8379
51.873581	115.628	171.4810
52.249481	115.584	171.2072
52.628101	115.543	171.0116
53.009464	115.508	170.8835
53.393593	115.483	170.8000
53.780506	115.468	170.7188
54.170223	115.462	170.5878
54.562763	115.454	170.3685
54.958145	115.435	170.0724
55.356396	115.396	169.7636
55.757530	115.342	169.5231
56.161572	115.283	169.3915
56.568542	115.235	169.3344
56.978462	115.202	169.2653
57.391350	115.177	169.1127
57.807232	115.149	168.8722
58.226128	115.111	168.5967
58.648056	115.067	168.3389
59.073048	115.025	168.1064
59.501114	114.988	167.8676
59.932281	114.950	167.6013
60.366577	114.907	167.3292
60.804020	114.858	167.0963
61.244629	114.811	166.9214
61.688435	114.772	166.7753
62.135452	114.739	166.6141
62.585712	114.704	166.4301
63.039234	114.663	166.2606
63.496040	114.621	166.1444
63.956161	114.585	166.0721
64.419617	114.559	165.9845
64.886421	114.537	165.8245
65.356621	114.508	165.5915
65.830215	114.464	165.3480
66.307251	114.408	165.1795
66.787743	114.350	165.1415
67.271713	114.305	165.2225
67.759193	114.284	165.3376
68.250206	114.286	165.3615
68.744774	114.298	165.1989
69.242928	114.296	164.8550
69.744690	114.266	164.4512
70.250084	114.209	164.1499
70.759148	114.149	164.0289
71.271896	114.108	164.0079
71.788361	114.086	163.9186
72.308571	114.064	163.6716
72.832550	114.021	163.3428
73.360321	113.956	163.0914
73.891922	113.890	162.9966
74.427376	113.841	162.9857
74.966705	113.812	162.9202
75.509949	113.785	162.7402
76.057121	113.748	162.5043
76.608261	113.701	162.3085
77.163399	113.656	162.1846
77.722557	113.619	162.0882
78.285767	113.586	161.9668
78.853058	113.550	161.8208
79.424461	113.508	161.6938
80.000000	113.464	161.6159
80.579712	113.425	161.5672
81.163628	113.391	161.4966
81.751770	113.354	161.3770
82.344177	113.308	161.2358
82.940880	113.253	161.1338
83.541901	113.197	161.1052
84.147285	113.149	161.1197
84.757050	113.110	161.1119
85.371231	113.072	161.0496
85.989868	113.029	160.9646
86.612984	112.980	160.9200
87.240616	112.933	160.9507
87.872803	112.899	161.0299
88.509560	112.879	161.0790
89.150940	112.866	161.0251
89.796967	112.846	160.8677
90.447670	112.811	160.6890
91.103088	112.765	160.5868
91.763260	112.722	160.5764
92.428215	112.692	160.5934
93.097992	112.673	160.5422
93.772614	112.652	160.3841
94.452133	112.620	160.1593
95.136566	112.573	159.9457
95.825966	112.518	159.7955
96.520363	112.463	159.7052
97.219788	112.413	159.6366
97.924286	112.365	159.5530
98.633881	112.315	159.4390
99.348625	112.259	159.3069
100.068542	112.193	159.1995
100.793686	112.119	159.1709
101.524078	112.046	159.2466
102.259766	111.982	159.3942
103.000778	111.929	159.5449
103.747162	111.882	159.6486
104.498962	111.833	159.7040
105.256203	111.780	159.7393
106.018929	111.723	159.7809
106.787186	111.662	159.8441
107.561012	111.599	159.9426
108.340446	111.538	160.0906
109.125526	111.481	160.2883
109.916290	111.430	160.5157
110.712791	111.385	160.7460
111.515060	111.340	160.9684
112.323143	111.292	161.1990
113.137085	111.241	161.4719
113.956924	111.189	161.8157
114.782700	111.145	162.2357
115.614464	111.113	162.7124
116.452255	111.100	163.2095
117.296112	111.105	163.6831
118.146095	111.127	164.0919
119.002228	111.162	164.4126
119.864563	111.205	164.6454
120.733154	111.252	164.7975
121.608040	111.302	164.8619
122.489258	111.352	164.8248
123.376869	111.397	164.6854
124.270905	111.432	164.4633
125.171425	111.454	164.1914
126.078468	111.463	163.9114
126.992081	111.461	163.6627
127.912323	111.453	163.4637
128.839233	111.440	163.3020
129.772842	111.425	163.1471
130.713242	111.403	162.9848
131.660431	111.371	162.8273
132.614502	111.330	162.6924
133.575485	111.283	162.5903
134.543427	111.234	162.5239
135.518387	111.186	162.4855
136.500412	111.142	162.4623
137.489548	111.103	162.4467
138.485855	111.071	162.4375
139.489380	111.044	162.4313
140.500168	111.024	162.4187
141.518295	111.007	162.3909
142.543793	110.990	162.3448
143.576721	110.972	162.2799
144.617142	110.949	162.1962
145.665100	110.921	162.0972
146.720642	110.886	161.9919
147.783844	110.846	161.8887
148.854752	110.803	161.7909
149.933411	110.758	161.6993
151.019897	110.713	161.6138
152.114243	110.669	161.5374
153.216522	110.625	161.4742
154.326797	110.582	161.4265
155.445114	110.541	161.3966
156.571533	110.502	161.3854
157.706116	110.465	161.3926
158.848923	110.430	161.4177
160.000000	110.395	161.4594
161.159424	110.361	161.5153
162.327255	110.325	161.5813
163.503540	110.288	161.6516
164.688354	110.246	161.7217
165.881760	110.201	161.7899
167.083801	110.152	161.8583
168.294571	110.102	161.9306
169.514099	110.050	162.0092
170.742462	109.997	162.0966
171.979736	109.942	162.1919
173.225967	109.886	162.2924
174.481232	109.831	162.3937
175.745605	109.778	162.4921
177.019119	109.728	162.5869
178.301880	109.681	162.6815
179.593933	109.639	162.7814
180.895340	109.602	162.8925
182.206177	109.569	163.0174
183.526520	109.539	163.1538
184.856430	109.511	163.2972
186.195984	109.484	163.4430
187.545227	109.457	163.5888
188.904266	109.432	163.7350
190.273132	109.406	163.8836
191.651932	109.381	164.0367
193.040726	109.354	164.1943
194.439575	109.326	164.3535
195.848572	109.296	164.5109
197.267761	109.263	164.6646
198.697250	109.230	164.8138
200.137085	109.196	164.9585
201.587372	109.162	165.0992
203.048157	109.129	165.2370
204.519531	109.095	165.3727
206.001556	109.062	165.5090
207.494324	109.028	165.6506
208.997925	108.993	165.8005
210.512405	108.957	165.9604
212.037857	108.921	166.1323
213.574371	108.884	166.3181
215.122025	108.849	166.5206
216.680893	108.814	166.7422
218.251053	108.780	166.9818
219.832581	108.747	167.2369
221.425583	108.717	167.5029
223.030121	108.689	167.7735
224.646286	108.663	168.0417
226.274170	108.641	168.3025
227.913849	108.622	168.5520
229.565399	108.607	168.7884
231.228928	108.594	169.0091
232.904510	108.583	169.2115
234.592224	108.572	169.3936
236.292191	108.561	169.5529
238.004456	108.549	169.6887
239.729126	108.535	169.8024
241.466309	108.519	169.8983
243.216080	108.500	169.9853
244.978516	108.479	170.0750
246.753738	108.456	170.1770
248.541809	108.431	170.2949
250.342850	108.405	170.4269
252.156937	108.377	170.5702
253.984161	108.349	170.7225
255.824646	108.319	170.8833
257.678467	108.288	171.0526
259.545685	108.258	171.2291
261.426483	108.228	171.4123
263.320862	108.199	171.6024
265.229004	108.172	171.8015
267.150970	108.146	172.0119
269.086853	108.122	172.2353
271.036774	108.099	172.4686
273.000824	108.078	172.7042
274.979095	108.058	172.9342
276.971710	108.038	173.1527
278.978760	108.019	173.3582
281.000336	108.000	173.5520
283.036591	107.981	173.7381
285.087585	107.960	173.9205
287.153442	107.939	174.1027
289.234283	107.918	174.2865
291.330200	107.896	174.4732
293.441284	107.874	174.6641
295.567688	107.851	174.8602
297.709503	107.828	175.0626
299.866821	107.805	175.2697
302.039795	107.783	175.4807
304.228485	107.760	175.6962
306.433044	107.738	175.9178
308.653595	107.716	176.1453
310.890228	107.694	176.3771
313.143066	107.672	176.6132
315.412231	107.650	176.8531
317.697845	107.628	177.0955
320.000000	107.607	177.3392
322.318848	107.585	177.5835
324.654510	107.564	177.8297
327.007080	107.544	178.0777
329.376709	107.524	178.3257
331.763519	107.505	178.5735
334.167603	107.486	178.8215
336.589142	107.468	179.0690
339.028198	107.449	179.3165
341.484924	107.431	179.5657
343.959473	107.412	179.8184
346.451935	107.393	-179.9236
348.962463	107.375	-179.6590
351.491211	107.357	-179.3878
354.038239	107.339	-179.1116
356.603760	107.323	-178.8318
359.187866	107.306	-178.5503
361.790680	107.291	-178.2676
364.412354	107.276	-177.9847
367.053040	107.261	-177.7039
369.712860	107.247	-177.4265
372.391968	107.233	-177.1533
375.090454	107.219	-176.8857
377.808533	107.206	-176.6240
380.546265	107.194	-176.3655
383.303864	107.181	-176.1072
386.081451	107.169	-175.8474
388.879150	107.157	-175.5848
391.697144	107.144	-175.3174
394.535522	107.131	-175.0435
397.394501	107.118	-174.7630
400.274170	107.104	-174.4769
403.174744	107.090	-174.1865
406.096313	107.076	-173.8940
409.039062	107.062	-173.6012
412.003113	107.048	-173.3071
414.988647	107.034	-173.0123
417.995850	107.020	-172.7172
421.024811	107.007	-172.4233
424.075714	106.994	-172.1321
427.148743	106.982	-171.8422
430.244049	106.971	-171.5505
433.361786	106.960	-171.2548
436.502106	106.951	-170.9545
439.665161	106.941	-170.6497
442.851166	106.931	-170.3414
446.060242	106.921	-170.0304
449.292572	106.910	-169.7181
452.548340	106.899	-169.4042
455.827698	106.889	-169.0872
459.130798	106.879	-168.7665
462.457855	106.869	-168.4418
465.809021	106.859	-168.1134
469.184448	106.850	-167.7814
472.584381	106.840	-167.4471
476.008911	106.832	-167.1127
479.458252	106.824	-166.7789
482.932617	106.817	-166.4453
486.432159	106.810	-166.1109
489.957031	106.803	-165.7759
493.507477	106.797	-165.4413
497.083618	106.791	-165.1077
500.685699	106.786	-164.7743
504.313873	106.780	-164.4407
507.968323	106.775	-164.1069
511.649292	106.769	-163.7714
515.356934	106.764	-163.4322
519.091370	106.759	-163.0881
522.852966	106.753	-162.7387
526.641724	106.748	-162.3849
530.458008	106.743	-162.0274
534.301941	106.739	-161.6674
538.173706	106.735	-161.3065
542.073547	106.730	-160.9449
546.001648	106.726	-160.5819
549.958191	106.722	-160.2173
553.943420	106.718	-159.8500
557.957520	106.715	-159.4802
562.000671	106.712	-159.1090
566.073181	106.710	-158.7352
570.175171	106.707	-158.3567
574.306885	106.705	-157.9731
578.468567	106.704	-157.5849
582.660400	106.703	-157.1935
586.882568	106.702	-156.8027
591.135376	106.701	-156.4153
595.419006	106.700	-156.0287
599.733643	106.700	-155.6367
604.079590	106.699	-155.2368
608.456970	106.699	-154.8311
612.866089	106.699	-154.4217
617.307190	106.700	-154.0099
621.780457	106.701	-153.5950
626.286133	106.703	-153.1776
630.824463	106.706	-152.7575
635.395691	106.709	-152.3354
640.000000	106.712	-151.9128
644.637695	106.717	-151.4913
649.309021	106.721	-151.0697
654.014160	106.726	-150.6445
658.753418	106.732	-150.2130
663.527039	106.737	-149.7726
668.335205	106.743	-149.3234
673.178284	106.750	-148.8687
678.056396	106.756	-148.4109
682.969849	106.763	-147.9503
687.918945	106.770	-147.4878
692.903870	106.778	-147.0245
697.924927	106.787	-146.5605
702.982422	106.796	-146.0955
708.076477	106.806	-145.6296
713.207520	106.817	-145.1627
718.375732	106.829	-144.6917
723.581360	106.841	-144.2141
728.824707	106.854	-143.7297
734.106079	106.867	-143.2397
739.425720	106.881	-142.7461
744.783936	106.895	-142.2502
750.180908	106.910	-141.7523
755.617065	106.926	-141.2511
761.092529	106.942	-140.7470
766.607727	106.959	-140.2407
772.162903	106.977	-139.7313
777.758301	106.996	-139.2170
783.394287	107.016	-138.6960
789.071045	107.036	-138.1686
794.789001	107.056	-137.6343
800.548340	107.078	-137.0951
806.349487	107.102	-136.5552
812.192627	107.127	-136.0178
818.078125	107.154	-135.4825
824.006226	107.182	-134.9465
829.977295	107.210	-134.4080
835.991699	107.240	-133.8660
842.049622	107.271	-133.3198
848.151428	107.303	-132.7686
854.297485	107.336	-132.2124
860.488098	107.371	-131.6512
866.723572	107.406	-131.0875
873.004211	107.442	-130.5260
879.330322	107.478	-129.9690
885.702332	107.515	-129.4178
892.120483	107.555	-128.8721
898.585144	107.596	-128.3312
905.096680	107.641	-127.7952
911.655396	107.687	-127.2642
918.261597	107.735	-126.7369
924.915710	107.784	-126.2131
931.618042	107.833	-125.6926
938.368896	107.881	-125.1766
945.168762	107.924	-124.6663
952.017822	107.961	-124.1616
958.916504	107.993	-123.6611
965.865234	108.023	-123.1639
972.864319	108.058	-122.6683
979.914062	108.102	-122.1721
987.014954	108.155	-121.6746
994.167236	108.216	-121.1771
1001.371399	108.279	-120.6823
1008.627747	108.345	-120.1935
1015.936646	108.412	-119.7131
1023.298584	108.479	-119.2415
1030.713867	108.545	-118.7783
1038.182739	108.610	-118.3235
1045.705933	108.673	-117.8757
1053.283447	108.736	-117.4342
1060.916016	108.798	-116.9984
1068.603882	108.860	-116.5694
1076.347412	108.923	-116.1490
1084.147095	108.985	-115.7394
1092.003296	109.047	-115.3406
1099.916382	109.108	-114.9524
1107.886841	109.171	-114.5757
1115.915039	109.233	-114.2108
1124.001343	109.295	-113.8564
1132.146362	109.357	-113.5103
1140.350342	109.417	-113.1699
1148.613770	109.477	-112.8337
1156.937134	109.535	-112.5017
1165.320801	109.592	-112.1755
1173.765137	109.649	-111.8579
1182.270752	109.706	-111.5510
1190.838013	109.763	-111.2535
1199.467285	109.819	-110.9637
1208.159180	109.876	-110.6807
1216.913940	109.934	-110.4048
1225.732178	109.992	-110.1349
1234.614380	110.050	-109.8684
1243.560913	110.107	-109.6036
1252.572266	110.164	-109.3420
1261.648926	110.221	-109.0846
1270.791382	110.278	-108.8285
1280.000000	110.335	-108.5704
1289.275391	110.392	-108.3103
1298.618042	110.449	-108.0507
1308.028320	110.506	-107.7950
1317.506836	110.565	-107.5446
1327.054077	110.624	-107.2992
1336.670410	110.683	-107.0593
1346.356567	110.742	-106.8236
1356.112793	110.801	-106.5870
1365.939697	110.859	-106.3444
1375.837891	110.916	-106.0949
1385.807739	110.971	-105.8422
1395.849854	111.024	-105.5887
1405.964844	111.077	-105.3345
1416.152954	111.131	-105.0804
1426.415039	111.184	-104.8281
1436.751465	111.238	-104.5768
1447.162720	111.293	-104.3245
1457.649414	111.348	-104.0713
1468.212158	111.404	-103.8186
1478.851440	111.460	-103.5660
1489.567871	111.516	-103.3108
1500.361816	111.573	-103.0524
1511.234131	111.631	-102.7932
1522.185059	111.688	-102.5352
1533.215454	111.746	-102.2778
1544.325806	111.804	-102.0206
1555.516602	111.862	-101.7626
1566.788574	111.919	-101.5018
1578.142090	111.976	-101.2359
1589.578003	112.031	-100.9644
1601.096680	112.086	-100.6880
1612.698975	112.140	-100.4083
1624.385254	112.195	-100.1263
1636.156250	112.250	-99.8424
1648.012451	112.306	-99.5565
1659.954590	112.363	-99.2682
1671.983398	112.421	-98.9753
1684.099243	112.480	-98.6743
1696.302856	112.541	-98.3619
1708.594971	112.603	-98.0361
1720.976196	112.668	-97.6984
1733.447144	112.736	-97.3524
1746.008423	112.808	-97.0033
1758.660645	112.885	-96.6570
1771.404663	112.967	-96.3218
1784.240967	113.055	-96.0087
1797.170288	113.148	-95.7297
1810.193359	113.244	-95.4962
1823.310791	113.342	-95.3146
1836.523193	113.439	-95.1837
1849.831421	113.533	-95.0953
1863.236084	113.624	-95.0398
1876.737793	113.710	-95.0090
1890.337524	113.792	-94.9961
1904.035645	113.869	-94.9945
1917.833008	113.942	-94.9983
1931.730469	114.013	-95.0028
1945.728638	114.080	-95.0063
1959.828125	114.146	-95.0087
1974.029907	114.209	-95.0088
1988.334473	114.270	-95.0059
2002.742798	114.331	-95.0012
2017.255493	114.392	-94.9984
2031.873291	114.453	-95.0014
2046.597168	114.514	-95.0168
2061.427734	114.574	-95.0480
2076.365479	114.629	-95.0865
2091.411865	114.678	-95.1133
2106.566895	114.721	-95.1120
2121.832031	114.759	-95.0846
2137.207764	114.797	-95.0524
2152.694824	114.837	-95.0422
2168.294189	114.884	-95.0669
2184.006592	114.939	-95.1172
2199.832764	115.000	-95.1732
2215.773682	115.063	-95.2214
2231.830078	115.124	-95.2618
2248.002686	115.180	-95.3022
2264.292725	115.230	-95.3530
2280.700684	115.275	-95.4260
2297.227539	115.315	-95.5328
2313.874268	115.352	-95.6789
2330.641602	115.387	-95.8599
2347.530273	115.420	-96.0649
2364.541504	115.450	-96.2812
2381.676025	115.477	-96.4970
2398.934570	115.499	-96.7031
2416.318359	115.516	-96.8954
2433.827881	115.526	-97.0740
2451.464355	115.531	-97.2417
2469.228760	115.531	-97.4009
2487.121826	115.526	-97.5530
2505.144531	115.519	-97.7019
2523.297852	115.509	-97.8531
2541.582764	115.498	-98.0087
2560.000000	115.484	-98.1652
2578.550781	115.468	-98.3170
2597.236084	115.448	-98.4579
2616.056641	115.424	-98.5817
2635.013672	115.395	-98.6824
2654.108154	115.361	-98.7560
2673.340820	115.321	-98.7984
2692.713135	115.277	-98.8063
2712.225586	115.230	-98.7783
2731.879395	115.180	-98.7164
2751.675781	115.130	-98.6257
2771.615479	115.080	-98.5131
2791.699707	115.031	-98.3861
2811.929688	114.985	-98.2513
2832.305908	114.939	-98.1138
2852.830078	114.894	-97.9758
2873.502930	114.847	-97.8372
2894.325439	114.797	-97.6965
2915.298828	114.743	-97.5493
2936.424316	114.685	-97.3893
2957.702881	114.622	-97.2106
2979.135742	114.555	-97.0085
3000.723633	114.484	-96.7801
3022.468262	114.412	-96.5231
3044.370117	114.337	-96.2348
3066.430908	114.261	-95.9130
3088.651611	114.186	-95.5568
3111.033203	114.112	-95.1682
3133.577148	114.039	-94.7503
3156.284180	113.969	-94.3035
3179.156006	113.903	-93.8262
3202.193359	113.839	-93.3163
3225.397949	113.779	-92.7731
3248.770508	113.722	-92.1968
3272.312500	113.669	-91.5875
3296.024902	113.619	-90.9462
3319.909180	113.571	-90.2766
3343.966797	113.522	-89.5851
3368.198486	113.473	-88.8798
3392.605713	113.422	-88.1674
3417.189941	113.370	-87.4532
3441.952393	113.317	-86.7400
3466.894287	113.262	-86.0275
3492.016846	113.205	-85.3131
3517.321289	113.146	-84.5909
3542.809326	113.087	-83.8533
3568.481934	113.026	-83.0940
3594.340576	112.965	-82.3102
3620.386719	112.905	-81.5013
3646.621582	112.848	-80.6678
3673.046387	112.796	-79.8087
3699.662842	112.748	-78.9233
3726.472168	112.706	-78.0126
3753.475586	112.670	-77.0797
3780.675049	112.642	-76.1282
3808.071289	112.619	-75.1598
3835.666016	112.601	-74.1750
3863.460938	112.586	-73.1736
3891.457275	112.572	-72.1556
3919.656250	112.559	-71.1210
3948.059814	112.545	-70.0695
3976.668945	112.530	-69.0012
4005.485596	112.509	-67.9169
4034.510986	112.484	-66.8180
4063.746582	112.455	-65.7064
4093.194336	112.424	-64.5853
4122.855469	112.393	-63.4592
4152.730957	112.363	-62.3317
4182.823730	112.333	-61.2042
4213.133789	112.307	-60.0767
4243.664062	112.286	-58.9514
4274.415527	112.269	-57.8318
4305.389648	112.258	-56.7199
4336.588379	112.251	-55.6160
4368.013184	112.247	-54.5186
4399.665527	112.247	-53.4269
4431.547363	112.250	-52.3419
4463.660156	112.257	-51.2670
4496.005371	112.268	-50.2051
4528.585449	112.283	-49.1570
4561.401367	112.304	-48.1224
4594.455078	112.328	-47.1012
4627.748535	112.355	-46.0934
4661.283203	112.386	-45.1011
4695.060547	112.420	-44.1277
4729.083008	112.456	-43.1765
4763.352051	112.496	-42.2489
4797.869141	112.537	-41.3461
4832.636719	112.580	-40.4697
4867.655762	112.623	-39.6224
4902.928711	112.667	-38.8068
4938.457520	112.710	-38.0253
4974.243652	112.751	-37.2797
5010.289062	112.790	-36.5710
5046.595703	112.826	-35.8991
5083.165527	112.857	-35.2633
5120.000000	112.881	-34.6615
5157.101562	112.896	-34.0911
5194.472168	112.900	-33.5493
5232.113281	112.893	-33.0331
5270.027344	112.872	-32.5372
5308.216309	112.834	-32.0539
5346.681641	112.778	-31.5721
5385.426270	112.702	-31.0765
5424.451172	112.603	-30.5496
5463.758789	112.483	-29.9712
5503.351562	112.341	-29.3203
5543.230957	112.178	-28.5721
5583.399414	111.998	-27.6965
5623.859375	111.802	-26.6571
5664.611816	111.591	-25.4125
5705.660156	111.367	-23.9164
5747.005859	111.134	-22.1205
5788.650879	110.898	-19.9794
5830.597656	110.671	-17.4526
5872.848633	110.463	-14.5100
5915.405762	110.290	-11.1396
5958.271484	110.169	-7.3600
6001.447266	110.115	-3.2284
6044.936523	110.143	1.1583
6088.740234	110.265	5.6682
6132.861816	110.487	10.1466
6177.303223	110.805	14.4351
6222.066406	111.210	18.3914
6267.154297	111.688	21.9036
6312.568359	112.222	24.8945
6358.312012	112.796	27.3196
6404.386719	113.394	29.1582
6450.795898	114.003	30.4063
6497.541016	114.608	31.0729
6544.625000	115.197	31.1780
6592.049805	115.756	30.7506
6639.818359	116.274	29.8286
6687.933594	116.739	28.4615
6736.396973	117.140	26.7119
6785.211426	117.470	24.6556
6834.379883	117.725	22.3808
6883.904785	117.901	19.9832
6933.788574	117.999	17.5604
6984.033691	118.022	15.2051
7034.642578	117.978	12.9979
7085.618652	117.875	11.0027
7136.963867	117.723	9.2617
7188.681152	117.533	7.7939
7240.773438	117.313	6.5996
7293.243164	117.070	5.6694
7346.092773	116.810	4.9908
7399.325684	116.537	4.5527
7452.944336	116.254	4.3463
7506.951172	115.963	4.3633
7561.350098	115.666	4.5968
7616.142578	115.366	5.0436
7671.332031	115.064	5.7054
7726.921875	114.764	6.5894
7782.914551	114.467	7.7073
7839.312500	114.179	9.0748
7896.119629	113.908	10.7062
7953.337891	113.668	12.6039
8010.971191	113.471	14.7446
8069.021973	113.332	17.0663
8127.493164	113.261	19.4662
8186.388672	113.258	21.8159
8245.710938	113.318	23.9885
8305.461914	113.431	25.8879
8365.647461	113.579	27.4640
8426.267578	113.746	28.7107
8487.328125	113.919	29.6522
8548.831055	114.091	30.3259
8610.779297	114.256	30.7688
8673.176758	114.410	31.0110
8736.026367	114.555	31.0740
8799.331055	114.688	30.9724
8863.094727	114.808	30.7147
8927.320312	114.912	30.3071
8992.010742	114.998	29.7541
9057.170898	115.061	29.0619
9122.802734	115.098	28.2399
9188.910156	115.105	27.3024
9255.497070	115.079	26.2698
9322.566406	115.016	25.1697
9390.121094	114.915	24.0378
9458.166016	114.778	22.9168
9526.704102	114.605	21.8514
9595.738281	114.403	20.8736
9665.273438	114.175	19.9917
9735.311523	113.924	19.2042
9805.857422	113.648	18.5229
9876.915039	113.350	17.9737
9948.487305	113.031	17.5847
10020.578125	112.697	17.3755
10093.191406	112.350	17.3555
10166.331055	111.998	17.5269
10240.000000	111.644	17.8871
10314.203125	111.292	18.4308
10388.944336	110.946	19.1514
10464.226562	110.608	20.0397
10540.054688	110.281	21.0847
10616.432617	109.965	22.2738
10693.363281	109.663	23.5940
10770.852539	109.376	25.0322
10848.902344	109.106	26.5744
10927.517578	108.852	28.2050
11006.703125	108.618	29.9067
11086.461914	108.401	31.6628
11166.798828	108.204	33.4581
11247.718750	108.026	35.2795
11329.223633	107.866	37.1172
11411.320312	107.725	38.9645
11494.011719	107.602	40.8157
11577.301758	107.498	42.6671
11661.195312	107.412	44.5163
11745.697266	107.343	46.3602
11830.811523	107.293	48.1956
11916.542969	107.262	50.0187
12002.894531	107.251	51.8244
12089.873047	107.261	53.6073
12177.480469	107.292	55.3613
12265.723633	107.346	57.0806
12354.606445	107.424	58.7580
12444.132812	107.528	60.3838
12534.308594	107.660	61.9481
12625.136719	107.822	63.4383
12716.624023	108.015	64.8376
12808.773438	108.241	66.1245
12901.591797	108.503	67.2744
12995.082031	108.805	68.2589
13089.250000	109.151	69.0413
13184.099609	109.544	69.5754
13279.636719	109.989	69.8040
13375.867188	110.490	69.6544
13472.793945	111.050	69.0333
13570.422852	111.671	67.8243
13668.759766	112.349	65.8886
13767.809570	113.078	63.0722
13867.577148	113.848	59.2255
13968.067383	114.632	54.2321
14069.285156	115.386	48.0488
14171.237305	116.041	40.7441
14273.927734	116.526	32.5216
14377.362305	116.788	23.7107
14481.546875	116.800	14.7217
14586.486328	116.565	5.9764
14692.185547	116.121	-2.1727
14798.651367	115.525	-9.5005
14905.888672	114.840	-15.9261
15013.902344	114.118	-21.4930
15122.700195	113.402	-26.3269
15232.285156	112.723	-30.5971
15342.664062	112.102	-34.4865
15453.843750	111.547	-38.1724
15565.829102	111.058	-41.8220
15678.625000	110.637	-45.5946
15792.239258	110.290	-49.6497
15906.675781	110.020	-54.1559
16021.942383	109.823	-59.2953
16138.043945	109.696	-65.2652
16254.986328	109.646	-72.2739
16372.777344	109.683	-80.5193
16491.421875	109.797	-90.1451
16610.923828	109.935	-101.1849
16731.294922	109.994	-113.5091
16852.535156	109.868	-126.8006
16974.656250	109.489	-140.5872
17097.662109	108.836	-154.3290
17221.558594	107.931	-167.5361
17346.353516	106.830	-179.8437
17472.052734	105.612	168.9459
17598.662109	104.384	158.7794
17726.189453	103.254	149.1963
17854.640625	102.230	139.6064
17984.021484	101.237	129.9731
18114.341797	100.251	120.4690
18245.605469	99.300	111.0770
18377.820312	98.417	101.6379
18510.994141	97.615	91.9628
18645.132812	96.895	81.8770
18780.242188	96.245	71.2242
18916.332031	95.654	59.8698
19053.408203	95.105	47.6991
19191.476562	94.583	34.6119
19330.546875	94.063	20.5277
19470.623047	93.525	5.3968
19611.714844	92.963	-10.7508
19753.830078	92.397	-27.5070
19896.974609	91.911	-43.0150
