* Measurement data measured by REW V5.20.13
* Source: Headset (USB-C to 3.5mm Headphone Jack Adapter), MICROPHONE (Master Volume), L, volume: 0.250
* Format: 1M Log Swept Sine, 1 sweep at -12.0 dBFS with no timing reference
* Dated: 09-Nov-2023 02:55:05
* REW Settings:
*  C-weighting compensation: Off
*  Target level: 75.0 dB
* Note: ; 
* Measurement: IE600 medium fit L
* Smoothing: 1/12 octave
* Frequency Step: 1/48 octave
* Start Frequency: 20.000 Hz
*
* Freq(Hz)	SPL(dB)	Phase(degrees)
20.000000	81.904	-142.4129
20.299999	81.944	-143.4474
20.600000	81.981	-144.4685
20.900000	82.015	-145.4741
21.200001	82.047	-146.4615
21.400000	82.066	-147.1086
21.799999	82.103	-148.3771
22.000000	82.119	-148.9993
22.400000	82.151	-150.2225
22.700001	82.173	-151.1235
23.000000	82.193	-152.0111
23.299999	82.211	-152.8846
23.600000	82.227	-153.7428
24.000000	82.246	-154.8624
24.299999	82.259	-155.6848
24.700001	82.274	-156.7617
25.000000	82.284	-157.5577
25.400000	82.295	-158.6053
25.799999	82.302	-159.6356
26.200001	82.307	-160.6438
26.500000	82.308	-161.3835
26.900000	82.309	-162.3483
27.200001	82.309	-163.0586
27.600000	82.309	-163.9929
28.000000	82.307	-164.9165
28.500000	82.302	-166.0563
29.000000	82.293	-167.1734
29.500000	82.282	-168.2630
30.000000	82.269	-169.3247
30.400000	82.258	-170.1553
30.700001	82.248	-170.7672
31.100000	82.235	-171.5679
31.500000	82.221	-172.3509
32.000000	82.202	-173.3055
32.500000	82.183	-174.2365
33.000000	82.163	-175.1464
33.500000	82.140	-176.0346
34.000000	82.116	-176.8979
34.500000	82.089	-177.7332
35.000000	82.062	-178.5416
35.500000	82.033	-179.3297
36.000000	82.004	179.8946
36.500000	81.972	179.1287
37.000000	81.939	178.3746
37.500000	81.903	177.6331
38.200001	81.851	176.6115
38.700001	81.811	175.8964
39.500000	81.743	174.8135
40.000000	81.702	174.1852
40.599998	81.661	173.4521
41.200001	81.626	172.6940
41.799999	81.593	171.8970
42.500000	81.547	170.9573
43.099998	81.504	170.1812
43.700001	81.459	169.4395
44.400002	81.407	168.6109
45.000000	81.362	167.9314
45.500000	81.323	167.3864
46.200001	81.269	166.6500
46.799999	81.222	166.0383
47.500000	81.167	165.3448
48.200001	81.112	164.6689
48.700001	81.073	164.1942
49.400002	81.017	163.5420
50.000000	80.969	162.9976
50.799999	80.905	162.2874
51.500000	80.849	161.6690
52.200001	80.792	161.0535
53.000000	80.724	160.3728
53.799999	80.655	159.7329
54.500000	80.597	159.2020
55.200001	80.541	158.6852
56.000000	80.478	158.1005
57.000000	80.400	157.3755
58.000000	80.320	156.6673
59.000000	80.239	155.9859
60.000000	80.159	155.3321
60.799999	80.095	154.8243
61.500000	80.039	154.3893
62.200001	79.983	153.9642
63.000000	79.919	153.4935
64.000000	79.840	152.9271
65.000000	79.762	152.3790
66.000000	79.685	151.8443
67.000000	79.609	151.3218
68.000000	79.533	150.8115
69.000000	79.457	150.3139
70.000000	79.382	149.8305
71.000000	79.307	149.3646
72.000000	79.232	148.9193
73.000000	79.158	148.4898
74.000000	79.085	148.0696
75.000000	79.013	147.6584
76.199997	78.929	147.1768
77.500000	78.839	146.6693
78.800003	78.751	146.1827
80.000000	78.669	145.7564
81.199997	78.588	145.3473
82.500000	78.500	144.9135
83.800003	78.412	144.4842
85.000000	78.332	144.0936
86.199997	78.256	143.7097
87.500000	78.177	143.2991
88.500000	78.117	142.9865
90.000000	78.024	142.5446
91.199997	77.946	142.2427
92.500000	77.862	141.9579
93.800003	77.780	141.6828
95.000000	77.705	141.4225
96.199997	77.631	141.1546
97.500000	77.552	140.8605
98.800003	77.474	140.5715
100.000000	77.405	140.3158
101.500000	77.320	140.0128
103.000000	77.236	139.7245
104.400002	77.159	139.4653
106.000000	77.071	139.1803
107.500000	76.989	138.9235
109.000000	76.909	138.6754
110.599998	76.826	138.4214
112.000000	76.755	138.2090
113.800003	76.666	137.9479
115.000000	76.607	137.7805
117.199997	76.502	137.4866
118.000000	76.465	137.3839
120.599998	76.346	137.0617
122.000000	76.283	136.8911
124.099998	76.191	136.6362
125.000000	76.151	136.5289
126.500000	76.086	136.3549
128.000000	76.021	136.1889
131.500000	75.872	135.8350
132.000000	75.851	135.7884
134.000000	75.769	135.6107
136.000000	75.688	135.4438
138.000000	75.609	135.2833
140.000000	75.531	135.1267
143.000000	75.413	134.9028
145.000000	75.334	134.7663
147.500000	75.237	134.6086
150.000000	75.145	134.4572
152.500000	75.060	134.3085
155.000000	74.982	134.1694
157.500000	74.911	134.0457
160.000000	74.845	133.9329
162.500000	74.777	133.8217
165.000000	74.704	133.7099
167.500000	74.621	133.6017
170.000000	74.528	133.5003
172.500000	74.431	133.4062
175.000000	74.337	133.3206
177.500000	74.251	133.2452
180.000000	74.177	133.1774
182.500000	74.115	133.1131
185.000000	74.062	133.0501
187.500000	74.013	132.9897
190.000000	73.966	132.9332
192.500000	73.916	132.8809
195.000000	73.863	132.8334
197.500000	73.806	132.7913
200.000000	73.749	132.7526
203.000000	73.680	132.7088
206.000000	73.614	132.6707
209.000000	73.549	132.6386
212.000000	73.486	132.6066
214.000000	73.445	132.5842
218.000000	73.364	132.5450
220.000000	73.324	132.5306
224.000000	73.246	132.5101
227.000000	73.189	132.4969
230.000000	73.133	132.4828
233.000000	73.080	132.4686
236.000000	73.028	132.4565
240.000000	72.963	132.4456
243.000000	72.916	132.4414
247.000000	72.857	132.4374
250.000000	72.813	132.4330
254.000000	72.758	132.4230
258.000000	72.704	132.4094
262.000000	72.653	132.3960
265.000000	72.616	132.3845
269.000000	72.567	132.3626
272.000000	72.531	132.3421
276.000000	72.483	132.3127
280.000000	72.437	132.2821
285.000000	72.381	132.2430
290.000000	72.328	132.2051
295.000000	72.275	132.1684
300.000000	72.223	132.1293
304.000000	72.181	132.0980
307.000000	72.151	132.0770
311.000000	72.110	132.0535
315.000000	72.071	132.0343
320.000000	72.024	132.0124
325.000000	71.978	131.9908
330.000000	71.933	131.9706
335.000000	71.890	131.9534
340.000000	71.848	131.9398
345.000000	71.807	131.9303
350.000000	71.767	131.9254
355.000000	71.728	131.9248
360.000000	71.692	131.9263
365.000000	71.656	131.9289
370.000000	71.622	131.9321
375.000000	71.589	131.9333
382.000000	71.544	131.9305
387.000000	71.513	131.9287
395.000000	71.467	131.9283
400.000000	71.440	131.9301
406.000000	71.408	131.9344
412.000000	71.378	131.9398
418.000000	71.349	131.9439
425.000000	71.317	131.9441
431.000000	71.290	131.9417
437.000000	71.264	131.9429
444.000000	71.235	131.9517
450.000000	71.213	131.9615
455.000000	71.195	131.9679
462.000000	71.172	131.9750
468.000000	71.153	131.9810
475.000000	71.133	131.9877
482.000000	71.113	131.9921
487.000000	71.099	131.9952
494.000000	71.081	132.0042
500.000000	71.067	132.0158
508.000000	71.050	132.0312
515.000000	71.036	132.0436
522.000000	71.024	132.0569
530.000000	71.011	132.0720
538.000000	70.999	132.0858
545.000000	70.990	132.0962
552.000000	70.982	132.1051
560.000000	70.974	132.1152
570.000000	70.965	132.1317
580.000000	70.959	132.1554
590.000000	70.954	132.1877
600.000000	70.950	132.2273
608.000000	70.949	132.2594
615.000000	70.948	132.2839
622.000000	70.948	132.3066
630.000000	70.949	132.3350
640.000000	70.952	132.3769
650.000000	70.958	132.4245
660.000000	70.966	132.4765
670.000000	70.976	132.5316
680.000000	70.988	132.5899
690.000000	71.002	132.6525
700.000000	71.017	132.7216
710.000000	71.034	132.7979
720.000000	71.053	132.8792
730.000000	71.073	132.9626
740.000000	71.097	133.0488
750.000000	71.123	133.1414
762.000000	71.157	133.2608
775.000000	71.199	133.3913
788.000000	71.243	133.5219
800.000000	71.288	133.6463
812.000000	71.337	133.7708
825.000000	71.393	133.8984
838.000000	71.453	134.0190
850.000000	71.513	134.1290
862.000000	71.576	134.2372
875.000000	71.648	134.3477
885.000000	71.706	134.4254
900.000000	71.798	134.5228
912.000000	71.877	134.5776
925.000000	71.964	134.6101
938.000000	72.050	134.6097
950.000000	72.124	134.5734
962.000000	72.196	134.4965
975.000000	72.279	134.3633
988.000000	72.373	134.1782
1000.000000	72.468	133.9676
1015.000000	72.586	133.6685
1030.000000	72.692	133.3576
1044.000000	72.779	133.0873
1060.000000	72.867	132.8332
1075.000000	72.948	132.6562
1090.000000	73.036	132.5193
1106.000000	73.139	132.3777
1120.000000	73.238	132.2255
1138.000000	73.374	131.9608
1150.000000	73.466	131.7349
1172.000000	73.637	131.2238
1180.000000	73.698	131.0106
1206.000000	73.894	130.2380
1220.000000	73.998	129.7796
1241.000000	74.151	129.0462
1250.000000	74.216	128.7180
1265.000000	74.322	128.1567
1280.000000	74.428	127.5800
1315.000000	74.669	126.1919
1320.000000	74.703	125.9902
1340.000000	74.837	125.1782
1360.000000	74.968	124.3605
1380.000000	75.097	123.5411
1400.000000	75.224	122.7232
1430.000000	75.410	121.4952
1450.000000	75.532	120.6722
1475.000000	75.683	119.6397
1500.000000	75.832	118.6051
1525.000000	75.980	117.5695
1550.000000	76.127	116.5301
1575.000000	76.274	115.4843
1600.000000	76.420	114.4329
1625.000000	76.566	113.3745
1650.000000	76.711	112.3062
1675.000000	76.856	111.2245
1700.000000	77.001	110.1268
1725.000000	77.145	109.0110
1750.000000	77.288	107.8762
1775.000000	77.431	106.7208
1800.000000	77.574	105.5430
1825.000000	77.716	104.3420
1850.000000	77.857	103.1182
1875.000000	77.996	101.8716
1900.000000	78.133	100.6031
1925.000000	78.267	99.3140
1950.000000	78.399	98.0037
1975.000000	78.526	96.6689
2000.000000	78.650	95.3058
2030.000000	78.794	93.6306
2060.000000	78.931	91.9121
2090.000000	79.061	90.1550
2120.000000	79.184	88.3654
2140.000000	79.262	87.1570
2180.000000	79.406	84.7058
2200.000000	79.472	83.4636
2240.000000	79.593	80.9493
2270.000000	79.672	79.0416
2300.000000	79.740	77.1193
2330.000000	79.798	75.1885
2360.000000	79.845	73.2562
2400.000000	79.889	70.6882
2430.000000	79.909	68.7762
2470.000000	79.918	66.2592
2500.000000	79.912	64.4056
2540.000000	79.888	61.9898
2580.000000	79.846	59.6433
2620.000000	79.788	57.3726
2650.000000	79.735	55.7252
2690.000000	79.651	53.6113
2720.000000	79.581	52.0912
2760.000000	79.477	50.1534
2800.000000	79.363	48.3169
2850.000000	79.210	46.1632
2900.000000	79.048	44.1682
2950.000000	78.878	42.3353
3000.000000	78.705	40.6655
3040.000000	78.567	39.4434
3070.000000	78.464	38.5903
3110.000000	78.329	37.5333
3150.000000	78.201	36.5644
3200.000000	78.052	35.4721
3250.000000	77.916	34.5039
3300.000000	77.790	33.6483
3350.000000	77.667	32.8959
3400.000000	77.541	32.2391
3450.000000	77.412	31.6681
3500.000000	77.280	31.1707
3550.000000	77.151	30.7375
3600.000000	77.029	30.3628
3650.000000	76.921	30.0446
3700.000000	76.830	29.7803
3750.000000	76.759	29.5651
3820.000000	76.688	29.3361
3870.000000	76.651	29.2175
3950.000000	76.601	29.0919
4000.000000	76.564	29.0466
4060.000000	76.510	29.0176
4120.000000	76.444	29.0080
4180.000000	76.374	29.0092
4250.000000	76.297	29.0115
4310.000000	76.242	29.0059
4370.000000	76.200	28.9872
4440.000000	76.168	28.9386
4500.000000	76.154	28.8631
4550.000000	76.149	28.7701
4620.000000	76.148	28.5893
4680.000000	76.151	28.3849
4750.000000	76.153	28.0854
4820.000000	76.148	27.7283
4870.000000	76.137	27.4518
4940.000000	76.106	27.0677
5000.000000	76.059	26.7823
5080.000000	75.959	26.5558
5150.000000	75.834	26.6069
5220.000000	75.676	27.0016
5300.000000	75.474	27.9990
5380.000000	75.279	29.6657
5450.000000	75.154	31.6683
5520.000000	75.105	34.0976
5600.000000	75.179	37.2129
5700.000000	75.494	41.2064
5800.000000	76.038	44.7948
5900.000000	76.752	47.5513
6000.000000	77.567	49.2346
6080.000000	78.250	49.7407
6150.000000	78.850	49.5588
6220.000000	79.437	48.7976
6300.000000	80.076	47.2357
6400.000000	80.802	44.3040
6500.000000	81.416	40.4042
6600.000000	81.891	35.7294
6700.000000	82.207	30.5484
6800.000000	82.359	25.1865
6900.000000	82.355	19.9690
7000.000000	82.215	15.1593
7100.000000	81.969	10.9208
7200.000000	81.648	7.3124
7300.000000	81.278	4.3132
7400.000000	80.876	1.8625
7500.000000	80.454	-0.1111
7620.000000	79.929	-1.9477
7750.000000	79.343	-3.3759
7880.000000	78.738	-4.2266
8000.000000	78.163	-4.3810
8120.000000	77.589	-3.7096
8250.000000	77.019	-1.8011
8380.000000	76.607	1.3228
8500.000000	76.474	4.8253
8620.000000	76.614	8.1592
8750.000000	77.005	10.7434
8850.000000	77.389	11.6793
9000.000000	77.964	11.3081
9120.000000	78.348	9.7019
9250.000000	78.644	7.0026
9380.000000	78.796	3.6605
9500.000000	78.808	0.2787
9620.000000	78.700	-3.1720
9750.000000	78.456	-6.7627
9880.000000	78.093	-9.9821
10000.000000	77.671	-12.4789
10150.000000	77.056	-14.8440
10300.000000	76.380	-16.3293
10440.000000	75.725	-16.9458
10600.000000	74.978	-16.8202
10750.000000	74.300	-16.0044
10900.000000	73.660	-14.6188
11060.000000	73.030	-12.6163
11200.000000	72.530	-10.5015
11380.000000	71.965	-7.3967
11500.000000	71.638	-5.1414
11720.000000	71.148	-0.7339
11800.000000	71.005	0.9303
12060.000000	70.681	6.4506
12200.000000	70.598	9.4364
12410.000000	70.604	13.8367
12500.000000	70.657	15.6630
12650.000000	70.817	18.5748
12800.000000	71.072	21.2559
13150.000000	72.076	26.0657
13200.000000	72.269	26.5156
13400.000000	73.157	27.4435
13600.000000	74.206	26.5205
13800.000000	75.336	23.0664
14000.000000	76.407	16.5318
14300.000000	77.488	1.2570
14500.000000	77.633	-10.8319
14750.000000	77.117	-24.8997
15000.000000	76.012	-35.5684
15250.000000	74.612	-42.6017
15500.000000	73.168	-47.1722
15750.000000	71.827	-50.7179
16000.000000	70.649	-54.4872
16250.000000	69.689	-59.6484
16500.000000	68.987	-67.4104
16750.000000	68.420	-78.2026
17000.000000	67.730	-91.0663
17250.000000	66.738	-104.4468
17500.000000	65.389	-116.9331
17750.000000	63.735	-127.7434
18000.000000	61.880	-136.8705
18250.000000	59.943	-144.8519
18500.000000	58.026	-152.4514
18750.000000	56.197	-160.4322
19000.000000	54.482	-169.3521
19250.000000	52.870	-179.3270
19500.000000	51.346	170.2484
19750.000000	49.988	160.9688

