* Measurement data measured by REW V5.31
* Source: Input device not selected, no input selected, L, volume: no control. Timing signal peak level -35.6 dBFS, measurement signal peak level -33.0 dBFS
* Format: 1M Log Swept Sine, 1 sweep at 0.0 dBFS using an acoustic timing reference
* Dated: 07-May-2024 05:14:31
* REW Settings:
*  C-weighting compensation: Off
*  Target level: 75.0 dB
* Note: ; Delay -0.0900 ms (-31 mm, -1.21 in) using estimated IR delay relative to Acoustic reference played from  R with no timing offset
* Measurement: IE600Kinera R4
* Smoothing: 1/24 octave
* Frequency Step: 1/96 octave
* Start Frequency: 20.000 Hz
*
* Freq(Hz)	SPL(dB)	Phase(degrees)
20.000000	112.762	-146.7888
20.144928	112.763	-147.3645
20.290907	112.760	-147.9033
20.437943	112.754	-148.4017
20.586044	112.746	-148.8568
20.735220	112.738	-149.2692
20.885475	112.732	-149.6425
21.036821	112.728	-149.9817
21.189262	112.727	-150.2948
21.342808	112.731	-150.5917
21.497467	112.738	-150.8810
21.653246	112.749	-151.1733
21.810154	112.763	-151.4765
21.968201	112.779	-151.7968
22.127390	112.796	-152.1384
22.287735	112.813	-152.5019
22.449242	112.827	-152.8856
22.611917	112.839	-153.2858
22.775772	112.849	-153.6960
22.940815	112.855	-154.1107
23.107054	112.858	-154.5237
23.274498	112.859	-154.9310
23.443153	112.860	-155.3312
23.613033	112.861	-155.7257
23.784142	112.863	-156.1194
23.956491	112.868	-156.5197
24.130091	112.874	-156.9349
24.304947	112.882	-157.3734
24.481071	112.890	-157.8405
24.658470	112.896	-158.3383
24.837156	112.899	-158.8640
25.017136	112.896	-159.4091
25.198421	112.888	-159.9624
25.381020	112.874	-160.5082
25.564941	112.855	-161.0334
25.750195	112.832	-161.5250
25.936790	112.808	-161.9774
26.124741	112.786	-162.3906
26.314051	112.769	-162.7725
26.504732	112.758	-163.1379
26.696796	112.754	-163.5029
26.890253	112.756	-163.8860
27.085112	112.762	-164.2990
27.281382	112.768	-164.7480
27.479073	112.772	-165.2295
27.678198	112.772	-165.7333
27.878765	112.766	-166.2429
28.080786	112.754	-166.7410
28.284271	112.738	-167.2122
28.489231	112.719	-167.6472
28.695675	112.701	-168.0449
28.903616	112.685	-168.4110
29.113064	112.674	-168.7583
29.324028	112.666	-169.1005
29.536524	112.661	-169.4494
29.750557	112.657	-169.8123
29.966141	112.652	-170.1898
30.183289	112.646	-170.5762
30.402010	112.636	-170.9633
30.622314	112.623	-171.3425
30.844217	112.608	-171.7074
31.067726	112.593	-172.0569
31.292856	112.579	-172.3940
31.519617	112.566	-172.7250
31.748020	112.554	-173.0568
31.978081	112.544	-173.3964
32.209808	112.535	-173.7481
32.443211	112.526	-174.1155
32.678310	112.517	-174.5013
32.915108	112.506	-174.9073
33.153625	112.493	-175.3347
33.393871	112.477	-175.7813
33.635857	112.456	-176.2404
33.879597	112.428	-176.6973
34.125103	112.393	-177.1329
34.372387	112.352	-177.5259
34.621464	112.310	-177.8589
34.872345	112.270	-178.1281
35.125042	112.237	-178.3452
35.379574	112.216	-178.5398
35.635948	112.207	-178.7496
35.894180	112.206	-179.0074
36.154285	112.207	-179.3312
36.416275	112.205	-179.7134
36.680161	112.193	179.8748
36.945961	112.172	179.4741
37.213688	112.143	179.1226
37.483353	112.115	178.8351
37.754974	112.094	178.5988
38.028561	112.085	178.3733
38.304131	112.085	178.1066
38.581699	112.090	177.7610
38.861279	112.089	177.3286
39.142883	112.074	176.8362
39.426529	112.041	176.3405
39.712231	111.991	175.9012
40.000000	111.930	175.5613
40.289856	111.870	175.3312
40.581814	111.817	175.1852
40.875885	111.776	175.0750
41.172089	111.745	174.9572
41.470440	111.719	174.8100
41.770950	111.693	174.6383
42.073643	111.667	174.4633
42.378525	111.643	174.3002
42.685616	111.625	174.1402
42.994934	111.618	173.9511
43.306492	111.618	173.6929
43.620308	111.619	173.3408
43.936401	111.613	172.9025
44.254780	111.594	172.4200
44.575470	111.561	171.9488
44.898483	111.521	171.5303
45.223835	111.480	171.1755
45.551544	111.445	170.8629
45.881630	111.417	170.5563
46.214108	111.392	170.2288
46.548996	111.365	169.8789
46.886307	111.334	169.5284
47.226067	111.299	169.2049
47.568283	111.265	168.9191
47.912983	111.235	168.6599
48.260181	111.208	168.4031
48.609894	111.183	168.1317
48.962143	111.156	167.8484
49.316940	111.124	167.5707
49.674313	111.088	167.3165
50.034271	111.053	167.0890
50.396843	111.019	166.8739
50.762039	110.986	166.6526
51.129883	110.951	166.4182
51.500389	110.912	166.1821
51.873581	110.870	165.9636
52.249481	110.827	165.7715
52.628101	110.789	165.5930
53.009464	110.757	165.3993
53.393593	110.727	165.1677
53.780506	110.695	164.9001
54.170223	110.657	164.6231
54.562763	110.615	164.3710
54.958145	110.571	164.1622
55.356396	110.532	163.9879
55.757530	110.499	163.8209
56.161572	110.469	163.6388
56.568542	110.440	163.4399
56.978462	110.407	163.2418
57.391350	110.373	163.0612
57.807232	110.339	162.8973
58.226128	110.308	162.7313
58.648056	110.275	162.5479
59.073048	110.237	162.3546
59.501114	110.192	162.1830
59.932281	110.145	162.0632
60.366577	110.101	161.9954
60.804020	110.067	161.9423
61.244629	110.042	161.8563
61.688435	110.021	161.7132
62.135452	109.998	161.5251
62.585712	109.972	161.3206
63.039234	109.944	161.1176
63.496040	109.917	160.9164
63.956161	109.889	160.7131
64.419617	109.858	160.5138
64.886421	109.823	160.3323
65.356621	109.785	160.1774
65.830215	109.746	160.0490
66.307251	109.705	159.9435
66.787743	109.665	159.8532
67.271713	109.626	159.7564
67.759193	109.590	159.6156
68.250206	109.551	159.4036
68.744774	109.504	159.1324
69.242928	109.449	158.8494
69.744690	109.391	158.5942
70.250084	109.339	158.3639
70.759148	109.296	158.1294
71.271896	109.261	157.8792
71.788361	109.230	157.6340
72.308571	109.205	157.4166
72.832550	109.185	157.2267
73.360321	109.166	157.0597
73.891922	109.140	156.9337
74.427376	109.106	156.8818
74.966705	109.065	156.9177
75.509949	109.020	157.0196
76.057121	108.972	157.1423
76.608261	108.922	157.2318
77.163399	108.868	157.2371
77.722557	108.808	157.1232
78.285767	108.743	156.8850
78.853058	108.675	156.5511
79.424461	108.609	156.1688
80.000000	108.559	155.7719
80.579712	108.530	155.3646
81.163628	108.520	154.9625
81.751770	108.520	154.6362
82.344177	108.526	154.4658
82.940880	108.530	154.4896
83.541901	108.520	154.7499
84.147285	108.492	155.2931
84.757050	108.450	156.0164
85.371231	108.379	156.6831
85.989868	108.238	157.2195
86.612984	108.012	157.7223
87.240616	107.712	158.1149
87.872803	107.306	158.5410
88.509560	106.789	160.3365
89.150940	106.411	165.0901
89.796967	106.551	170.6371
90.447670	107.087	172.0415
91.103088	107.514	168.8400
91.763260	107.615	164.0119
92.428215	107.527	159.9045
93.097992	107.457	157.0796
93.772614	107.467	155.1487
94.452133	107.522	153.9133
95.136566	107.601	153.3039
95.825966	107.678	153.1136
96.520363	107.720	153.2186
97.219788	107.722	153.5660
97.924286	107.692	153.9971
98.633881	107.627	154.3591
99.348625	107.535	154.6078
100.068542	107.434	154.7059
100.793686	107.338	154.6085
101.524078	107.254	154.3458
102.259766	107.189	154.0085
103.000778	107.147	153.6789
103.747162	107.124	153.4125
104.498962	107.109	153.2676
105.256203	107.095	153.2858
106.018929	107.079	153.4324
106.787186	107.056	153.6061
107.561012	107.015	153.7308
108.340446	106.954	153.8041
109.125526	106.882	153.8478
109.916290	106.812	153.8505
110.712791	106.755	153.7759
111.515060	106.709	153.6193
112.323143	106.671	153.4387
113.137085	106.635	153.3235
113.956924	106.603	153.3279
114.782700	106.576	153.4385
115.614464	106.552	153.5862
116.452255	106.524	153.6895
117.296112	106.484	153.7166
118.146095	106.430	153.6996
119.002228	106.368	153.6842
119.864563	106.309	153.6837
120.733154	106.259	153.6894
121.608040	106.221	153.6933
122.489258	106.191	153.6891
123.376869	106.163	153.6772
124.270905	106.131	153.6755
125.171425	106.094	153.7000
126.078468	106.053	153.7393
126.992081	106.007	153.7735
127.912323	105.958	153.8052
128.839233	105.908	153.8459
129.772842	105.861	153.8968
130.713242	105.818	153.9503
131.660431	105.779	153.9980
132.614502	105.739	154.0411
133.575485	105.699	154.0886
134.543427	105.658	154.1424
135.518387	105.617	154.2065
136.500412	105.577	154.2817
137.489548	105.539	154.3492
138.485855	105.501	154.4031
139.489380	105.462	154.4565
140.500168	105.422	154.5130
141.518295	105.380	154.5735
142.543793	105.337	154.6445
143.576721	105.293	154.7335
144.617142	105.251	154.8401
145.665100	105.211	154.9545
146.720642	105.172	155.0662
147.783844	105.133	155.1624
148.854752	105.092	155.2410
149.933411	105.049	155.3156
151.019897	105.007	155.3909
152.114243	104.967	155.4626
153.216522	104.931	155.5264
154.326797	104.898	155.5828
155.445114	104.868	155.6438
156.571533	104.839	155.7193
157.706116	104.812	155.8082
158.848923	104.784	155.9011
160.000000	104.756	155.9937
161.159424	104.725	156.0878
162.327255	104.694	156.1794
163.503540	104.661	156.2615
164.688354	104.624	156.3423
165.881760	104.584	156.4352
167.083801	104.542	156.5356
168.294571	104.496	156.6379
169.514099	104.445	156.7558
170.742462	104.390	156.9054
171.979736	104.336	157.0719
173.225967	104.284	157.2215
174.481232	104.235	157.3358
175.745605	104.190	157.4283
177.019119	104.148	157.5193
178.301880	104.111	157.6201
179.593933	104.078	157.7327
180.895340	104.048	157.8516
182.206177	104.016	157.9730
183.526520	103.984	158.0981
184.856430	103.950	158.2236
186.195984	103.918	158.3425
187.545227	103.888	158.4574
188.904266	103.860	158.5828
190.273132	103.835	158.7231
191.651932	103.813	158.8710
193.040726	103.793	159.0185
194.439575	103.770	159.1656
195.848572	103.743	159.3226
197.267761	103.711	159.4929
198.697250	103.677	159.6669
200.137085	103.641	159.8348
201.587372	103.603	159.9905
203.048157	103.565	160.1383
204.519531	103.528	160.2869
206.001556	103.490	160.4372
207.494324	103.454	160.5887
208.997925	103.419	160.7454
210.512405	103.385	160.9077
212.037857	103.354	161.0710
213.574371	103.324	161.2324
215.122025	103.293	161.3975
216.680893	103.260	161.5709
218.251053	103.226	161.7483
219.832581	103.190	161.9232
221.425583	103.155	162.0941
223.030121	103.121	162.2676
224.646286	103.089	162.4501
226.274170	103.057	162.6457
227.913849	103.025	162.8538
229.565399	102.993	163.0646
231.228928	102.961	163.2639
232.904510	102.930	163.4500
234.592224	102.899	163.6350
236.292191	102.870	163.8218
238.004456	102.840	164.0095
239.729126	102.810	164.2014
241.466309	102.780	164.3992
243.216080	102.750	164.5952
244.978516	102.720	164.7844
246.753738	102.691	164.9709
248.541809	102.663	165.1537
250.342850	102.635	165.3394
252.156937	102.607	165.5369
253.984161	102.579	165.7431
255.824646	102.551	165.9562
257.678467	102.524	166.1741
259.545685	102.497	166.3895
261.426483	102.470	166.6054
263.320862	102.443	166.8331
265.229004	102.417	167.0693
267.150970	102.393	167.2972
269.086853	102.369	167.5120
271.036774	102.343	167.7258
273.000824	102.315	167.9510
274.979095	102.289	168.1841
276.971710	102.264	168.4084
278.978760	102.240	168.6165
281.000336	102.215	168.8132
283.036591	102.188	169.0079
285.087585	102.157	169.2153
287.153442	102.125	169.4442
289.234283	102.093	169.6927
291.330200	102.062	169.9598
293.441284	102.033	170.2325
295.567688	102.006	170.4909
297.709503	101.980	170.7349
299.866821	101.955	170.9808
302.039795	101.933	171.2399
304.228485	101.912	171.5151
306.433044	101.892	171.8011
308.653595	101.874	172.0937
310.890228	101.854	172.4057
313.143066	101.832	172.7414
315.412231	101.807	173.0734
317.697845	101.781	173.3792
320.000000	101.757	173.6614
322.318848	101.739	173.9467
324.654510	101.723	174.2499
327.007080	101.707	174.5666
329.376709	101.693	174.8925
331.763519	101.682	175.2116
334.167603	101.673	175.5219
336.589142	101.665	175.8270
339.028198	101.659	176.1121
341.484924	101.654	176.3820
343.959473	101.649	176.6641
346.451935	101.645	176.9397
348.962463	101.639	177.1666
351.491211	101.629	177.3581
354.038239	101.616	177.5764
356.603760	101.606	177.8353
359.187866	101.601	178.0850
361.790680	101.597	178.2919
364.412354	101.588	178.4629
367.053040	101.572	178.6308
369.712860	101.552	178.8329
372.391968	101.532	179.0745
375.090454	101.514	179.3331
377.808533	101.497	179.5925
380.546265	101.480	179.8542
383.303864	101.465	-179.8746
386.081451	101.451	-179.5955
388.879150	101.437	-179.3152
391.697144	101.424	-179.0435
394.535522	101.409	-178.7801
397.394501	101.395	-178.5253
400.274170	101.379	-178.2786
403.174744	101.363	-178.0309
406.096313	101.349	-177.7743
409.039062	101.335	-177.5042
412.003113	101.318	-177.2239
414.988647	101.299	-176.9496
417.995850	101.281	-176.6873
421.024811	101.266	-176.4259
424.075714	101.251	-176.1557
427.148743	101.236	-175.8733
430.244049	101.220	-175.5804
433.361786	101.204	-175.2809
436.502106	101.189	-174.9745
439.665161	101.173	-174.6585
442.851166	101.158	-174.3423
446.060242	101.144	-174.0328
449.292572	101.131	-173.7256
452.548340	101.118	-173.4141
455.827698	101.106	-173.0971
459.130798	101.095	-172.7739
462.457855	101.086	-172.4445
465.809021	101.076	-172.1160
469.184448	101.067	-171.8008
472.584381	101.057	-171.4935
476.008911	101.045	-171.1769
479.458252	101.033	-170.8508
482.932617	101.020	-170.5231
486.432159	101.007	-170.1943
489.957031	100.995	-169.8632
493.507477	100.984	-169.5296
497.083618	100.974	-169.1951
500.685699	100.965	-168.8623
504.313873	100.956	-168.5259
507.968323	100.947	-168.1792
511.649292	100.939	-167.8200
515.356934	100.932	-167.4562
519.091370	100.924	-167.0986
522.852966	100.916	-166.7459
526.641724	100.908	-166.3912
530.458008	100.900	-166.0291
534.301941	100.892	-165.6600
538.173706	100.884	-165.2901
542.073547	100.877	-164.9243
546.001648	100.869	-164.5602
549.958191	100.862	-164.1992
553.943420	100.855	-163.8412
557.957520	100.849	-163.4782
562.000671	100.844	-163.1020
566.073181	100.841	-162.7146
570.175171	100.838	-162.3236
574.306885	100.835	-161.9327
578.468567	100.831	-161.5413
582.660400	100.827	-161.1484
586.882568	100.823	-160.7543
591.135376	100.821	-160.3591
595.419006	100.819	-159.9621
599.733643	100.818	-159.5627
604.079590	100.817	-159.1578
608.456970	100.816	-158.7480
612.866089	100.815	-158.3343
617.307190	100.815	-157.9191
621.780457	100.815	-157.5054
626.286133	100.815	-157.0906
630.824463	100.814	-156.6692
635.395691	100.814	-156.2379
640.000000	100.815	-155.7991
644.637695	100.816	-155.3602
649.309021	100.818	-154.9249
654.014160	100.821	-154.4924
658.753418	100.824	-154.0600
663.527039	100.827	-153.6230
668.335205	100.831	-153.1790
673.178284	100.835	-152.7322
678.056396	100.840	-152.2829
682.969849	100.845	-151.8258
687.918945	100.851	-151.3608
692.903870	100.858	-150.8908
697.924927	100.865	-150.4191
702.982422	100.873	-149.9467
708.076477	100.881	-149.4764
713.207520	100.890	-149.0083
718.375732	100.900	-148.5344
723.581360	100.910	-148.0496
728.824707	100.920	-147.5607
734.106079	100.931	-147.0718
739.425720	100.943	-146.5825
744.783936	100.957	-146.0902
750.180908	100.971	-145.5930
755.617065	100.987	-145.0886
761.092529	101.003	-144.5771
766.607727	101.019	-144.0608
772.162903	101.037	-143.5461
777.758301	101.054	-143.0356
783.394287	101.073	-142.5233
789.071045	101.092	-142.0045
794.789001	101.113	-141.4769
800.548340	101.135	-140.9440
806.349487	101.158	-140.4127
812.192627	101.180	-139.8812
818.078125	101.204	-139.3458
824.006226	101.228	-138.8033
829.977295	101.253	-138.2565
835.991699	101.280	-137.7113
842.049622	101.308	-137.1689
848.151428	101.338	-136.6270
854.297485	101.370	-136.0830
860.488098	101.403	-135.5363
866.723572	101.437	-134.9867
873.004211	101.472	-134.4353
879.330322	101.506	-133.8868
885.702332	101.541	-133.3458
892.120483	101.577	-132.8083
898.585144	101.615	-132.2656
905.096680	101.655	-131.7201
911.655396	101.696	-131.1792
918.261597	101.739	-130.6425
924.915710	101.784	-130.1094
931.618042	101.830	-129.5818
938.368896	101.876	-129.0604
945.168762	101.918	-128.5437
952.017822	101.955	-128.0348
958.916504	101.986	-127.5420
965.865234	102.017	-127.0640
972.864319	102.054	-126.5897
979.914062	102.101	-126.1197
987.014954	102.158	-125.6650
994.167236	102.221	-125.2278
1001.371399	102.286	-124.8053
1008.627747	102.351	-124.3936
1015.936646	102.415	-123.9882
1023.298584	102.475	-123.5879
1030.713867	102.531	-123.1928
1038.182739	102.582	-122.8022
1045.705933	102.629	-122.4056
1053.283447	102.674	-121.9929
1060.916016	102.717	-121.5655
1068.603882	102.760	-121.1288
1076.347412	102.803	-120.6807
1084.147095	102.849	-120.2197
1092.003296	102.898	-119.7504
1099.916382	102.949	-119.2786
1107.886841	103.003	-118.8126
1115.915039	103.059	-118.3594
1124.001343	103.118	-117.9193
1132.146362	103.179	-117.4907
1140.350342	103.241	-117.0752
1148.613770	103.303	-116.6769
1156.937134	103.365	-116.2946
1165.320801	103.426	-115.9235
1173.765137	103.488	-115.5665
1182.270752	103.551	-115.2273
1190.838013	103.614	-114.9044
1199.467285	103.675	-114.5951
1208.159180	103.736	-114.2955
1216.913940	103.795	-114.0013
1225.732178	103.854	-113.7113
1234.614380	103.913	-113.4302
1243.560913	103.973	-113.1598
1252.572266	104.033	-112.8959
1261.648926	104.093	-112.6367
1270.791382	104.153	-112.3790
1280.000000	104.212	-112.1227
1289.275391	104.271	-111.8694
1298.618042	104.330	-111.6181
1308.028320	104.390	-111.3720
1317.506836	104.449	-111.1307
1327.054077	104.508	-110.8887
1336.670410	104.566	-110.6398
1346.356567	104.623	-110.3851
1356.112793	104.679	-110.1310
1365.939697	104.735	-109.8829
1375.837891	104.790	-109.6396
1385.807739	104.847	-109.3961
1395.849854	104.904	-109.1504
1405.964844	104.961	-108.9030
1416.152954	105.018	-108.6556
1426.415039	105.075	-108.4070
1436.751465	105.131	-108.1575
1447.162720	105.188	-107.9086
1457.649414	105.245	-107.6595
1468.212158	105.304	-107.4116
1478.851440	105.363	-107.1688
1489.567871	105.421	-106.9297
1500.361816	105.480	-106.6848
1511.234131	105.537	-106.4294
1522.185059	105.592	-106.1686
1533.215454	105.648	-105.9099
1544.325806	105.705	-105.6555
1555.516602	105.763	-105.3995
1566.788574	105.824	-105.1432
1578.142090	105.885	-104.8952
1589.578003	105.947	-104.6534
1601.096680	106.007	-104.4078
1612.698975	106.068	-104.1514
1624.385254	106.128	-103.8887
1636.156250	106.189	-103.6324
1648.012451	106.251	-103.3893
1659.954590	106.315	-103.1514
1671.983398	106.379	-102.9131
1684.099243	106.444	-102.6750
1696.302856	106.508	-102.4382
1708.594971	106.572	-102.2043
1720.976196	106.637	-101.9749
1733.447144	106.702	-101.7535
1746.008423	106.768	-101.5430
1758.660645	106.836	-101.3392
1771.404663	106.904	-101.1369
1784.240967	106.974	-100.9346
1797.170288	107.045	-100.7357
1810.193359	107.117	-100.5458
1823.310791	107.188	-100.3715
1836.523193	107.260	-100.2103
1849.831421	107.332	-100.0535
1863.236084	107.403	-99.8981
1876.737793	107.474	-99.7505
1890.337524	107.546	-99.6168
1904.035645	107.618	-99.4946
1917.833008	107.691	-99.3810
1931.730469	107.764	-99.2792
1945.728638	107.836	-99.1901
1959.828125	107.908	-99.1101
1974.029907	107.980	-99.0378
1988.334473	108.050	-98.9756
2002.742798	108.120	-98.9247
2017.255493	108.190	-98.8864
2031.873291	108.260	-98.8633
2046.597168	108.330	-98.8557
2061.427734	108.398	-98.8601
2076.365479	108.464	-98.8750
2091.411865	108.529	-98.9016
2106.566895	108.593	-98.9433
2121.832031	108.656	-98.9998
2137.207764	108.719	-99.0679
2152.694824	108.781	-99.1498
2168.294189	108.841	-99.2495
2184.006592	108.899	-99.3636
2199.832764	108.953	-99.4863
2215.773682	109.004	-99.6180
2231.830078	109.052	-99.7634
2248.002686	109.099	-99.9232
2264.292725	109.144	-100.0964
2280.700684	109.186	-100.2812
2297.227539	109.225	-100.4738
2313.874268	109.261	-100.6719
2330.641602	109.294	-100.8770
2347.530273	109.324	-101.0897
2364.541504	109.351	-101.3131
2381.676025	109.376	-101.5508
2398.934570	109.395	-101.7914
2416.318359	109.410	-102.0238
2433.827881	109.419	-102.2527
2451.464355	109.423	-102.4882
2469.228760	109.425	-102.7288
2487.121826	109.423	-102.9667
2505.144531	109.418	-103.2000
2523.297852	109.407	-103.4260
2541.582764	109.393	-103.6428
2560.000000	109.373	-103.8506
2578.550781	109.350	-104.0510
2597.236084	109.323	-104.2424
2616.056641	109.291	-104.4210
2635.013672	109.257	-104.5865
2654.108154	109.220	-104.7396
2673.340820	109.179	-104.8773
2692.713135	109.132	-104.9942
2712.225586	109.081	-105.0911
2731.879395	109.025	-105.1704
2751.675781	108.966	-105.2316
2771.615479	108.903	-105.2725
2791.699707	108.838	-105.2900
2811.929688	108.770	-105.2825
2832.305908	108.699	-105.2487
2852.830078	108.626	-105.1873
2873.502930	108.549	-105.0984
2894.325439	108.470	-104.9811
2915.298828	108.389	-104.8363
2936.424316	108.306	-104.6658
2957.702881	108.223	-104.4703
2979.135742	108.139	-104.2538
3000.723633	108.053	-104.0088
3022.468262	107.964	-103.7239
3044.370117	107.874	-103.4052
3066.430908	107.783	-103.0648
3088.651611	107.692	-102.7010
3111.033203	107.601	-102.3103
3133.577148	107.511	-101.8911
3156.284180	107.424	-101.4423
3179.156006	107.340	-100.9634
3202.193359	107.258	-100.4545
3225.397949	107.179	-99.9151
3248.770508	107.102	-99.3459
3272.312500	107.027	-98.7468
3296.024902	106.953	-98.1123
3319.909180	106.881	-97.4398
3343.966797	106.808	-96.7302
3368.198486	106.736	-95.9855
3392.605713	106.663	-95.2111
3417.189941	106.590	-94.4099
3441.952393	106.515	-93.5712
3466.894287	106.437	-92.6968
3492.016846	106.359	-91.8060
3517.321289	106.285	-90.9078
3542.809326	106.216	-90.0023
3568.481934	106.150	-89.0972
3594.340576	106.089	-88.1981
3620.386719	106.031	-87.3030
3646.621582	105.976	-86.4086
3673.046387	105.925	-85.5131
3699.662842	105.876	-84.6089
3726.472168	105.830	-83.6909
3753.475586	105.787	-82.7605
3780.675049	105.749	-81.8164
3808.071289	105.715	-80.8556
3835.666016	105.683	-79.8759
3863.460938	105.651	-78.8732
3891.457275	105.621	-77.8458
3919.656250	105.591	-76.7959
3948.059814	105.562	-75.7244
3976.668945	105.530	-74.6327
4005.485596	105.494	-73.5203
4034.510986	105.449	-72.3876
4063.746582	105.400	-71.2410
4093.194336	105.348	-70.0854
4122.855469	105.294	-68.9191
4152.730957	105.238	-67.7417
4182.823730	105.182	-66.5537
4213.133789	105.127	-65.3540
4243.664062	105.073	-64.1418
4274.415527	105.023	-62.9192
4305.389648	104.977	-61.6899
4336.588379	104.936	-60.4556
4368.013184	104.899	-59.2144
4399.665527	104.865	-57.9648
4431.547363	104.836	-56.7107
4463.660156	104.812	-55.4537
4496.005371	104.792	-54.1934
4528.585449	104.776	-52.9294
4561.401367	104.764	-51.6647
4594.455078	104.755	-50.3996
4627.748535	104.748	-49.1349
4661.283203	104.744	-47.8723
4695.060547	104.742	-46.6118
4729.083008	104.742	-45.3540
4763.352051	104.746	-44.1007
4797.869141	104.750	-42.8499
4832.636719	104.755	-41.5966
4867.655762	104.760	-40.3458
4902.928711	104.766	-39.1017
4938.457520	104.772	-37.8579
4974.243652	104.777	-36.6071
5010.289062	104.778	-35.3438
5046.595703	104.775	-34.0624
5083.165527	104.765	-32.7560
5120.000000	104.748	-31.4141
5157.101562	104.723	-30.0243
5194.472168	104.690	-28.5705
5232.113281	104.648	-27.0311
5270.027344	104.600	-25.3856
5308.216309	104.549	-23.6204
5346.681641	104.497	-21.7232
5385.426270	104.450	-19.6879
5424.451172	104.411	-17.5112
5463.758789	104.386	-15.1801
5503.351562	104.381	-12.6890
5543.230957	104.402	-10.0564
5583.399414	104.457	-7.3156
5623.859375	104.550	-4.5084
5664.611816	104.683	-1.6793
5705.660156	104.855	1.1318
5747.005859	105.066	3.8899
5788.650879	105.313	6.5595
5830.597656	105.593	9.1103
5872.848633	105.903	11.5176
5915.405762	106.239	13.7612
5958.271484	106.596	15.8271
6001.447266	106.970	17.7130
6044.936523	107.353	19.4235
6088.740234	107.747	20.9490
6132.861816	108.151	22.2785
6177.303223	108.566	23.4105
6222.066406	108.990	24.3415
6267.154297	109.422	25.0658
6312.568359	109.861	25.5739
6358.312012	110.305	25.8513
6404.386719	110.752	25.8823
6450.795898	111.201	25.6459
6497.541016	111.649	25.1166
6544.625000	112.091	24.2703
6592.049805	112.519	23.0856
6639.818359	112.925	21.5414
6687.933594	113.302	19.6299
6736.396973	113.636	17.3608
6785.211426	113.917	14.7627
6834.379883	114.134	11.8873
6883.904785	114.277	8.8094
6933.788574	114.339	5.6213
6984.033691	114.319	2.4249
7034.642578	114.219	-0.6786
7085.618652	114.045	-3.5991
7136.963867	113.807	-6.2676
7188.681152	113.517	-8.6423
7240.773438	113.184	-10.7031
7293.243164	112.819	-12.4443
7346.092773	112.430	-13.8676
7399.325684	112.023	-14.9813
7452.944336	111.604	-15.8015
7506.951172	111.178	-16.3497
7561.350098	110.749	-16.6501
7616.142578	110.320	-16.7306
7671.332031	109.892	-16.6180
7726.921875	109.466	-16.3351
7782.914551	109.040	-15.8964
7839.312500	108.615	-15.3102
7896.119629	108.188	-14.5778
7953.337891	107.759	-13.6922
8010.971191	107.327	-12.6315
8069.021973	106.892	-11.3573
8127.493164	106.456	-9.8230
8186.388672	106.024	-7.9716
8245.710938	105.606	-5.7432
8305.461914	105.216	-3.0985
8365.647461	104.873	-0.0402
8426.267578	104.596	3.3689
8487.328125	104.403	7.0004
8548.831055	104.302	10.6757
8610.779297	104.290	14.2083
8673.176758	104.353	17.4477
8736.026367	104.472	20.3074
8799.331055	104.626	22.7601
8863.094727	104.798	24.8238
8927.320312	104.976	26.5419
8992.010742	105.151	27.9638
9057.170898	105.317	29.1347
9122.802734	105.473	30.0912
9188.910156	105.616	30.8648
9255.497070	105.744	31.4813
9322.566406	105.855	31.9606
9390.121094	105.951	32.3187
9458.166016	106.035	32.5659
9526.704102	106.109	32.6996
9595.738281	106.174	32.7070
9665.273438	106.225	32.5816
9735.311523	106.260	32.3281
9805.857422	106.277	31.9619
9876.915039	106.274	31.5025
9948.487305	106.249	30.9656
10020.578125	106.201	30.3660
10093.191406	106.128	29.7232
10166.331055	106.030	29.0597
10240.000000	105.906	28.3978
10314.203125	105.758	27.7596
10388.944336	105.586	27.1672
10464.226562	105.390	26.6413
10540.054688	105.174	26.1987
10616.432617	104.939	25.8560
10693.363281	104.689	25.6287
10770.852539	104.425	25.5283
10848.902344	104.152	25.5620
10927.517578	103.871	25.7330
11006.703125	103.587	26.0411
11086.461914	103.300	26.4847
11166.798828	103.015	27.0597
11247.718750	102.732	27.7587
11329.223633	102.455	28.5746
11411.320312	102.185	29.5039
11494.011719	101.926	30.5439
11577.301758	101.677	31.6893
11661.195312	101.441	32.9331
11745.697266	101.219	34.2629
11830.811523	101.013	35.6623
11916.542969	100.823	37.1208
12002.894531	100.650	38.6333
12089.873047	100.495	40.1966
12177.480469	100.358	41.8058
12265.723633	100.242	43.4518
12354.606445	100.148	45.1226
12444.132812	100.077	46.8050
12534.308594	100.031	48.4915
12625.136719	100.010	50.1817
12716.624023	100.017	51.8712
12808.773438	100.053	53.5449
12901.591797	100.119	55.1844
12995.082031	100.218	56.7772
13089.250000	100.353	58.3145
13184.099609	100.527	59.7814
13279.636719	100.743	61.1574
13375.867188	101.006	62.4145
13472.793945	101.324	63.5153
13570.422852	101.704	64.4177
13668.759766	102.157	65.0722
13767.809570	102.701	65.4132
13867.577148	103.365	65.3468
13968.067383	104.183	64.7397
14069.285156	105.174	63.4072
14171.237305	106.329	61.0920
14273.927734	107.608	57.4498
14377.362305	108.947	52.0709
14481.546875	110.244	44.5644
14586.486328	111.368	34.7090
14692.185547	112.173	22.6337
14798.651367	112.530	8.9434
14905.888672	112.362	-5.3222
15013.902344	111.676	-18.9814
15122.700195	110.562	-31.1002
15232.285156	109.158	-41.2007
15342.664062	107.607	-49.2262
15453.843750	106.028	-55.3874
15565.829102	104.512	-60.0341
15678.625000	103.126	-63.6562
15792.239258	101.912	-66.9277
15906.675781	100.828	-70.3560
16021.942383	99.795	-73.9237
16138.043945	98.777	-77.4858
16254.986328	97.793	-81.0535
16372.777344	96.891	-84.7281
16491.421875	96.123	-88.6194
16610.923828	95.528	-92.8245
16731.294922	95.101	-97.4225
16852.535156	94.803	-102.4781
16974.656250	94.597	-108.0533
17097.662109	94.457	-114.2096
17221.558594	94.367	-120.9977
17346.353516	94.313	-128.4633
17472.052734	94.284	-136.6536
17598.662109	94.270	-145.6052
17726.189453	94.260	-155.3516
17854.640625	94.240	-165.9161
17984.021484	94.194	-177.2921
18114.341797	94.109	170.5477
18245.605469	93.972	157.6322
18377.820312	93.781	144.0211
18510.994141	93.535	129.7920
18645.132812	93.239	115.0098
18780.242188	92.906	99.7073
18916.332031	92.563	83.8608
19053.408203	92.236	67.4177
19191.476562	91.948	50.3286
19330.546875	91.691	32.5440
19470.623047	91.433	14.0095
19611.714844	91.124	-5.2421
19753.830078	90.744	-24.7828
19896.974609	90.352	-42.6064
