* Measurement data measured by REW V5.31
* Source: Headset (USB-C to 3.5mm Headphone Jack Adapter), MICROPHONE, L, volume: 0.250. Timing signal peak level -28.0 dBFS, measurement signal peak level -27.5 dBFS
* Format: 1M Log Swept Sine, 1 sweep at 0.0 dBFS using an acoustic timing reference
* Dated: 11-Apr-2024 15:31:51
* REW Settings:
*  C-weighting compensation: Off
*  Target level: 75.0 dB
* Note: ; Delay -0.0925 ms (-32 mm, -1.25 in) using estimated IR delay relative to Acoustic reference played from SPEAKER R with no timing offset Clock adjustment: -27.9 ppm
* Measurement: IE600Velvet R4
* Smoothing: 1/24 octave
* Frequency Step: 1/48 octave
* Start Frequency: 20.000 Hz
*
* Freq(Hz)	SPL(dB)	Phase(degrees)
20.000000	117.186	-148.0971
20.299999	117.238	-149.1433
20.600000	117.262	-150.2629
20.900000	117.259	-151.3414
21.200001	117.240	-152.2969
21.400000	117.227	-152.8548
21.799999	117.216	-153.8333
22.000000	117.220	-154.2949
22.400000	117.243	-155.2524
22.700001	117.264	-156.0253
23.000000	117.279	-156.8254
23.299999	117.288	-157.6150
23.600000	117.292	-158.3644
24.000000	117.300	-159.2938
24.299999	117.312	-159.9633
24.700001	117.332	-160.8672
25.000000	117.346	-161.5684
25.400000	117.357	-162.5185
25.799999	117.356	-163.4437
26.200001	117.348	-164.3099
26.500000	117.341	-164.9204
26.900000	117.332	-165.7015
27.200001	117.326	-166.2767
27.600000	117.317	-167.0385
28.000000	117.304	-167.7886
28.500000	117.284	-168.6953
29.000000	117.265	-169.5714
29.500000	117.247	-170.4440
30.000000	117.228	-171.3334
30.400000	117.209	-172.0527
30.700001	117.193	-172.5886
31.100000	117.167	-173.2895
31.500000	117.139	-173.9703
32.000000	117.102	-174.7945
32.500000	117.064	-175.5902
33.000000	117.024	-176.3493
33.500000	116.984	-177.0631
34.000000	116.947	-177.7404
34.500000	116.915	-178.4062
35.000000	116.882	-179.0784
35.500000	116.848	-179.7493
36.000000	116.810	179.6029
36.500000	116.773	178.9836
37.000000	116.739	178.3717
37.500000	116.704	177.7452
38.200001	116.648	176.8713
38.700001	116.603	176.3027
39.500000	116.542	175.4906
40.000000	116.513	174.9641
40.599998	116.473	174.2663
41.200001	116.418	173.5749
41.799999	116.357	172.9890
42.500000	116.301	172.4000
43.099998	116.264	171.8468
43.700001	116.222	171.2171
44.400002	116.153	170.4977
45.000000	116.085	169.9799
45.500000	116.032	169.6146
46.200001	115.968	169.1391
46.799999	115.920	168.7141
47.500000	115.865	168.1809
48.200001	115.807	167.6323
48.700001	115.765	167.2433
49.400002	115.705	166.7019
50.000000	115.653	166.2433
50.799999	115.581	165.6609
51.500000	115.518	165.1828
52.200001	115.455	164.7214
53.000000	115.384	164.2207
53.799999	115.314	163.7604
54.500000	115.254	163.3803
55.200001	115.191	163.0225
56.000000	115.116	162.6690
57.000000	115.029	162.2742
58.000000	114.942	161.8342
59.000000	114.846	161.4261
60.000000	114.759	161.0411
60.799999	114.691	160.6984
61.500000	114.632	160.4001
62.200001	114.576	160.1072
63.000000	114.514	159.7759
64.000000	114.441	159.3947
65.000000	114.373	159.0267
66.000000	114.304	158.6724
67.000000	114.237	158.3231
68.000000	114.161	157.9566
69.000000	114.080	157.6327
70.000000	114.003	157.3220
71.000000	113.926	156.9812
72.000000	113.846	156.6552
73.000000	113.767	156.3646
74.000000	113.691	156.0985
75.000000	113.617	155.8535
76.199997	113.528	155.5688
77.500000	113.429	155.2891
78.800003	113.331	155.0478
80.000000	113.245	154.8346
81.199997	113.162	154.6137
82.500000	113.073	154.3658
83.800003	112.982	154.1448
85.000000	112.898	153.9755
86.199997	112.815	153.8350
87.500000	112.730	153.6991
88.500000	112.666	153.5919
90.000000	112.572	153.4142
91.199997	112.492	153.2652
92.500000	112.402	153.1284
93.800003	112.313	153.0181
95.000000	112.232	152.9150
96.199997	112.154	152.8071
97.500000	112.072	152.6942
98.800003	111.994	152.6064
100.000000	111.927	152.5601
101.500000	111.847	152.5350
103.000000	111.765	152.5445
104.400002	111.688	152.5613
106.000000	111.598	152.5553
107.500000	111.514	152.5042
109.000000	111.431	152.4261
110.599998	111.345	152.3615
112.000000	111.276	152.3394
113.800003	111.189	152.3317
115.000000	111.131	152.3465
117.199997	111.025	152.4053
118.000000	110.987	152.4133
120.599998	110.868	152.4922
122.000000	110.812	152.5047
124.099998	110.725	152.5167
125.000000	110.688	152.5226
126.500000	110.624	152.5278
128.000000	110.556	152.5498
131.500000	110.401	152.6361
132.000000	110.379	152.6434
134.000000	110.289	152.6784
136.000000	110.197	152.7488
138.000000	110.106	152.8623
140.000000	110.016	153.0139
143.000000	109.887	153.2645
145.000000	109.802	153.4327
147.500000	109.693	153.6744
150.000000	109.588	153.9343
152.500000	109.494	154.3054
155.000000	109.429	154.7246
157.500000	109.383	155.1674
160.000000	109.364	155.5129
162.500000	109.339	155.6035
165.000000	109.290	155.6559
167.500000	109.222	155.7454
170.000000	109.137	155.8371
172.500000	109.033	155.9551
175.000000	108.928	156.1461
177.500000	108.843	156.4135
180.000000	108.786	156.7062
182.500000	108.752	156.9483
185.000000	108.722	157.0916
187.500000	108.685	157.1560
190.000000	108.642	157.2152
192.500000	108.597	157.3109
195.000000	108.547	157.4458
197.500000	108.487	157.6046
200.000000	108.419	157.7724
203.000000	108.336	157.9844
206.000000	108.258	158.2175
209.000000	108.188	158.4776
212.000000	108.122	158.7656
214.000000	108.076	158.9604
218.000000	107.983	159.3103
220.000000	107.938	159.4719
224.000000	107.854	159.8207
227.000000	107.790	160.1202
230.000000	107.724	160.4347
233.000000	107.661	160.7509
236.000000	107.602	161.0569
240.000000	107.529	161.4401
243.000000	107.476	161.7224
247.000000	107.406	162.1114
250.000000	107.356	162.4159
254.000000	107.289	162.8430
258.000000	107.222	163.2734
262.000000	107.156	163.6990
265.000000	107.109	164.0192
269.000000	107.048	164.4510
272.000000	107.002	164.7809
276.000000	106.940	165.2202
280.000000	106.878	165.6647
285.000000	106.801	166.2761
290.000000	106.725	166.9873
295.000000	106.657	167.7994
300.000000	106.612	168.7263
304.000000	106.606	169.4954
307.000000	106.621	170.0081
311.000000	106.657	170.5031
315.000000	106.692	170.7578
320.000000	106.706	170.8680
325.000000	106.683	170.9506
330.000000	106.639	171.1100
335.000000	106.585	171.3684
340.000000	106.531	171.7118
345.000000	106.480	172.1044
350.000000	106.433	172.5067
355.000000	106.388	172.9018
360.000000	106.344	173.3241
365.000000	106.303	173.7871
370.000000	106.263	174.2492
375.000000	106.224	174.6962
382.000000	106.174	175.3021
387.000000	106.143	175.7465
395.000000	106.094	176.4775
400.000000	106.063	176.9374
406.000000	106.028	177.4855
412.000000	105.995	178.0265
418.000000	105.963	178.5721
425.000000	105.929	179.2064
431.000000	105.903	179.7408
437.000000	105.878	-179.7288
444.000000	105.850	-179.1106
450.000000	105.826	-178.5757
455.000000	105.806	-178.1267
462.000000	105.780	-177.5066
468.000000	105.758	-176.9810
475.000000	105.736	-176.3648
482.000000	105.717	-175.7573
487.000000	105.704	-175.3321
494.000000	105.686	-174.7333
500.000000	105.671	-174.2083
508.000000	105.650	-173.5037
515.000000	105.634	-172.8948
522.000000	105.619	-172.2961
530.000000	105.605	-171.6114
538.000000	105.592	-170.9182
545.000000	105.582	-170.3182
552.000000	105.573	-169.7281
560.000000	105.564	-169.0484
570.000000	105.555	-168.1889
580.000000	105.548	-167.3533
590.000000	105.541	-166.5048
600.000000	105.536	-165.6293
608.000000	105.536	-164.9507
615.000000	105.538	-164.3864
622.000000	105.540	-163.8228
630.000000	105.542	-163.1492
640.000000	105.542	-162.2715
650.000000	105.545	-161.4091
660.000000	105.555	-160.5938
670.000000	105.568	-159.7751
680.000000	105.581	-158.9319
690.000000	105.595	-158.0894
700.000000	105.611	-157.2482
710.000000	105.629	-156.4096
720.000000	105.649	-155.5758
730.000000	105.672	-154.7358
740.000000	105.696	-153.8906
750.000000	105.724	-153.0499
762.000000	105.761	-152.0579
775.000000	105.803	-150.9767
788.000000	105.847	-149.8824
800.000000	105.891	-148.8796
812.000000	105.941	-147.8855
825.000000	106.001	-146.8126
838.000000	106.063	-145.7515
850.000000	106.125	-144.7899
862.000000	106.191	-143.8367
875.000000	106.265	-142.8105
885.000000	106.322	-142.0321
900.000000	106.415	-140.8917
912.000000	106.497	-140.0045
925.000000	106.590	-139.0692
938.000000	106.683	-138.1626
950.000000	106.757	-137.3602
962.000000	106.818	-136.5956
975.000000	106.889	-135.8083
988.000000	106.991	-135.0671
1000.000000	107.102	-134.4311
1015.000000	107.241	-133.7054
1030.000000	107.365	-133.0324
1044.000000	107.459	-132.3971
1060.000000	107.552	-131.6363
1075.000000	107.641	-130.8970
1090.000000	107.737	-130.1322
1106.000000	107.843	-129.2953
1120.000000	107.938	-128.5789
1138.000000	108.071	-127.7441
1150.000000	108.167	-127.2577
1172.000000	108.343	-126.4647
1180.000000	108.404	-126.1989
1206.000000	108.593	-125.4180
1220.000000	108.691	-125.0450
1241.000000	108.839	-124.5394
1250.000000	108.902	-124.3399
1265.000000	109.005	-124.0214
1280.000000	109.108	-123.7135
1315.000000	109.343	-123.0423
1320.000000	109.376	-122.9511
1340.000000	109.507	-122.5930
1360.000000	109.632	-122.2408
1380.000000	109.752	-121.8921
1400.000000	109.869	-121.5549
1430.000000	110.045	-121.0667
1450.000000	110.161	-120.7415
1475.000000	110.303	-120.3360
1500.000000	110.443	-119.9476
1525.000000	110.582	-119.5694
1550.000000	110.719	-119.1925
1575.000000	110.855	-118.8246
1600.000000	110.992	-118.4759
1625.000000	111.130	-118.1432
1650.000000	111.267	-117.8304
1675.000000	111.404	-117.5332
1700.000000	111.540	-117.2593
1725.000000	111.675	-117.0088
1750.000000	111.810	-116.7835
1775.000000	111.946	-116.5872
1800.000000	112.083	-116.4122
1825.000000	112.220	-116.2650
1850.000000	112.357	-116.1523
1875.000000	112.492	-116.0735
1900.000000	112.622	-116.0251
1925.000000	112.747	-116.0061
1950.000000	112.874	-116.0265
1975.000000	113.002	-116.0905
2000.000000	113.125	-116.1845
2030.000000	113.259	-116.3253
2060.000000	113.385	-116.5164
2090.000000	113.510	-116.7673
2120.000000	113.631	-117.0560
2140.000000	113.705	-117.2636
2180.000000	113.835	-117.7176
2200.000000	113.892	-117.9561
2240.000000	113.995	-118.4370
2270.000000	114.063	-118.7867
2300.000000	114.120	-119.0976
2330.000000	114.172	-119.3628
2360.000000	114.227	-119.5967
2400.000000	114.315	-119.9156
2430.000000	114.389	-120.2267
2470.000000	114.484	-120.8480
2500.000000	114.537	-121.4659
2540.000000	114.570	-122.3916
2580.000000	114.558	-123.3133
2620.000000	114.515	-124.1602
2650.000000	114.466	-124.7204
2690.000000	114.380	-125.3504
2720.000000	114.302	-125.7382
2760.000000	114.186	-126.1545
2800.000000	114.061	-126.4550
2850.000000	113.893	-126.6702
2900.000000	113.716	-126.7101
2950.000000	113.533	-126.5887
3000.000000	113.347	-126.3218
3040.000000	113.198	-125.9982
3070.000000	113.087	-125.7018
3110.000000	112.942	-125.2336
3150.000000	112.804	-124.6864
3200.000000	112.645	-123.9121
3250.000000	112.501	-123.0367
3300.000000	112.375	-122.0659
3350.000000	112.256	-121.0039
3400.000000	112.131	-119.8712
3450.000000	111.995	-118.6776
3500.000000	111.851	-117.4316
3550.000000	111.714	-116.1479
3600.000000	111.592	-114.8248
3650.000000	111.486	-113.4758
3700.000000	111.391	-112.1209
3750.000000	111.310	-110.7628
3820.000000	111.242	-108.8954
3870.000000	111.211	-107.5918
3950.000000	111.149	-105.6015
4000.000000	111.079	-104.4396
4060.000000	110.940	-103.0678
4120.000000	110.750	-101.6158
4180.000000	110.519	-99.9113
4250.000000	110.240	-97.4414
4310.000000	110.040	-94.9435
4370.000000	109.904	-92.2719
4440.000000	109.823	-89.1787
4500.000000	109.802	-86.6898
4550.000000	109.805	-84.7545
4620.000000	109.828	-82.2402
4680.000000	109.857	-80.2425
4750.000000	109.896	-78.0644
4820.000000	109.933	-76.0203
4870.000000	109.954	-74.6235
4940.000000	109.975	-72.7517
5000.000000	109.977	-71.2014
5080.000000	109.943	-69.1500
5150.000000	109.867	-67.2668
5220.000000	109.739	-65.1593
5300.000000	109.542	-62.2921
5380.000000	109.320	-58.7220
5450.000000	109.147	-54.9192
5520.000000	109.039	-50.5152
5600.000000	109.044	-44.9335
5700.000000	109.286	-37.6511
5800.000000	109.779	-30.6909
5900.000000	110.477	-24.5375
6000.000000	111.316	-19.4612
6080.000000	112.038	-16.2272
6150.000000	112.693	-14.0126
6220.000000	113.366	-12.3754
6300.000000	114.150	-11.2240
6400.000000	115.130	-10.9124
6500.000000	116.064	-11.9366
6600.000000	116.899	-14.3612
6700.000000	117.578	-18.0730
6800.000000	118.041	-22.7292
6900.000000	118.238	-27.7941
7000.000000	118.161	-32.6555
7100.000000	117.856	-36.7848
7200.000000	117.396	-39.8953
7300.000000	116.851	-41.9413
7400.000000	116.263	-42.9913
7500.000000	115.660	-43.1565
7620.000000	114.944	-42.3775
7750.000000	114.204	-40.5491
7880.000000	113.513	-37.8664
8000.000000	112.927	-34.6737
8120.000000	112.414	-30.6976
8250.000000	111.995	-25.3431
8380.000000	111.824	-19.0209
8500.000000	111.958	-13.0816
8620.000000	112.339	-8.0791
8750.000000	112.889	-4.3195
8850.000000	113.320	-2.4865
9000.000000	113.911	-0.9315
9120.000000	114.326	-0.4059
9250.000000	114.722	-0.4085
9380.000000	115.059	-0.9695
9500.000000	115.318	-1.9679
9620.000000	115.516	-3.4729
9750.000000	115.632	-5.6627
9880.000000	115.619	-8.2652
10000.000000	115.481	-10.7966
10150.000000	115.138	-13.7615
10300.000000	114.633	-16.1319
10440.000000	114.059	-17.5750
10600.000000	113.334	-18.2171
10750.000000	112.628	-17.8548
10900.000000	111.932	-16.6376
11060.000000	111.240	-14.5289
11200.000000	110.695	-12.1210
11380.000000	110.086	-8.4350
11500.000000	109.737	-5.7034
11720.000000	109.230	-0.3156
11800.000000	109.094	1.7249
12060.000000	108.843	8.4843
12200.000000	108.830	12.0897
12410.000000	108.980	17.2457
12500.000000	109.112	19.3092
12650.000000	109.432	22.4523
12800.000000	109.890	25.0702
13150.000000	111.538	27.4808
13200.000000	111.836	27.1617
13400.000000	113.109	23.4286
13600.000000	114.273	14.9403
13800.000000	114.879	1.9839
14000.000000	114.603	-12.8200
14300.000000	112.810	-30.7239
14500.000000	111.174	-37.2940
14750.000000	109.091	-40.3594
15000.000000	107.233	-39.9176
15250.000000	105.647	-37.7119
15500.000000	104.296	-34.3908
15750.000000	103.255	-30.3717
16000.000000	102.503	-28.4067
16250.000000	101.712	-27.5754
16500.000000	101.315	-27.4076
16750.000000	101.701	-29.0069
17000.000000	102.664	-33.6119
17250.000000	103.891	-42.7775
17500.000000	104.967	-57.8149
17750.000000	105.306	-78.1908
18000.000000	104.515	-100.6568
18250.000000	102.704	-121.2655
18500.000000	100.367	-138.2565
18750.000000	97.994	-152.3650
19000.000000	95.815	-165.3247
19250.000000	93.833	-178.6228
19500.000000	91.937	166.8669
19750.000000	90.098	151.2633
20000.000000	88.795	138.8404
