* Measurement data measured by REW V5.31
* Source: Input device not selected, no input selected, L, volume: no control. Timing signal peak level -36.4 dBFS, measurement signal peak level -36.0 dBFS
* Format: 1M Log Swept Sine, 1 sweep at 0.0 dBFS using an acoustic timing reference
* Dated: 07-May-2024 15:37:18
* REW Settings:
*  C-weighting compensation: Off
*  Target level: 75.0 dB
* Note: ; Delay -0.0796 ms (-27 mm, -1.08 in) using estimated IR delay relative to Acoustic reference played from  L with no timing offset
* Measurement: IE600TypeE L4
* Smoothing: 1/24 octave
* Frequency Step: 1/96 octave
* Start Frequency: 20.000 Hz
*
* Freq(Hz)	SPL(dB)	Phase(degrees)
20.000000	103.487	-135.3772
20.144928	103.526	-135.7286
20.290907	103.570	-136.1113
20.437943	103.618	-136.5320
20.586044	103.666	-136.9967
20.735220	103.715	-137.5067
20.885475	103.761	-138.0597
21.036821	103.803	-138.6515
21.189262	103.839	-139.2728
21.342808	103.868	-139.9122
21.497467	103.890	-140.5585
21.653246	103.905	-141.1979
21.810154	103.913	-141.8195
21.968201	103.917	-142.4141
22.127390	103.918	-142.9749
22.287735	103.917	-143.5015
22.449242	103.918	-143.9966
22.611917	103.922	-144.4668
22.775772	103.928	-144.9232
22.940815	103.939	-145.3759
23.107054	103.952	-145.8361
23.274498	103.966	-146.3115
23.443153	103.981	-146.8049
23.613033	103.993	-147.3151
23.784142	104.002	-147.8345
23.956491	104.006	-148.3521
24.130091	104.006	-148.8557
24.304947	104.002	-149.3322
24.481071	103.997	-149.7742
24.658470	103.993	-150.1784
24.837156	103.993	-150.5501
25.017136	103.999	-150.9026
25.198421	104.013	-151.2534
25.381020	104.033	-151.6252
25.564941	104.059	-152.0361
25.750195	104.085	-152.5006
25.936790	104.110	-153.0213
26.124741	104.127	-153.5899
26.314051	104.134	-154.1873
26.504732	104.127	-154.7832
26.696796	104.108	-155.3456
26.890253	104.078	-155.8393
27.085112	104.042	-156.2397
27.281382	104.006	-156.5317
27.479073	103.977	-156.7201
27.678198	103.962	-156.8265
27.878765	103.964	-156.8918
28.080786	103.987	-156.9647
28.284271	104.027	-157.0991
28.489231	104.081	-157.3371
28.695675	104.139	-157.7079
28.903616	104.194	-158.2179
29.113064	104.237	-158.8538
29.324028	104.262	-159.5837
29.536524	104.264	-160.3631
29.750557	104.242	-161.1373
29.966141	104.197	-161.8536
30.183289	104.134	-162.4603
30.402010	104.060	-162.9224
30.622314	103.984	-163.2215
30.844217	103.917	-163.3671
31.067726	103.869	-163.3940
31.292856	103.846	-163.3656
31.519617	103.849	-163.3555
31.748020	103.877	-163.4388
31.978081	103.920	-163.6741
32.209808	103.967	-164.0887
32.443211	104.005	-164.6761
32.678310	104.024	-165.3948
32.915108	104.018	-166.1816
33.153625	103.984	-166.9561
33.393871	103.928	-167.6456
33.635857	103.857	-168.1954
33.879597	103.786	-168.5822
34.125103	103.727	-168.8238
34.372387	103.688	-168.9726
34.621464	103.674	-169.1073
34.872345	103.680	-169.3004
35.125042	103.699	-169.6023
35.379574	103.718	-170.0268
35.635948	103.727	-170.5484
35.894180	103.720	-171.1165
36.154285	103.696	-171.6674
36.416275	103.659	-172.1454
36.680161	103.616	-172.5180
36.945961	103.574	-172.7799
37.213688	103.543	-172.9550
37.483353	103.524	-173.0829
37.754974	103.518	-173.2048
38.028561	103.520	-173.3529
38.304131	103.527	-173.5412
38.581699	103.535	-173.7675
38.861279	103.540	-174.0209
39.142883	103.543	-174.2898
39.426529	103.544	-174.5684
39.712231	103.544	-174.8593
40.000000	103.543	-175.1702
40.289856	103.540	-175.5094
40.581814	103.534	-175.8809
40.875885	103.523	-176.2819
41.172089	103.506	-176.7038
41.470440	103.484	-177.1355
41.770950	103.456	-177.5671
42.073643	103.426	-177.9928
42.378525	103.395	-178.4131
42.685616	103.363	-178.8336
42.994934	103.332	-179.2641
43.306492	103.302	-179.7148
43.620308	103.272	179.8070
43.936401	103.238	179.3025
44.254780	103.197	178.7867
44.575470	103.149	178.2894
44.898483	103.093	177.8493
45.223835	103.035	177.5009
45.551544	102.982	177.2574
45.881630	102.943	177.0981
46.214108	102.924	176.9672
46.548996	102.924	176.7918
46.886307	102.935	176.5132
47.226067	102.943	176.1162
47.568283	102.938	175.6381
47.912983	102.913	175.1524
48.260181	102.870	174.7374
48.609894	102.819	174.4434
48.962143	102.771	174.2747
49.316940	102.734	174.1925
49.674313	102.711	174.1358
50.034271	102.700	174.0479
50.396843	102.695	173.8933
50.762039	102.689	173.6616
51.129883	102.677	173.3618
51.500389	102.655	173.0170
51.873581	102.622	172.6600
52.249481	102.578	172.3260
52.628101	102.528	172.0401
53.009464	102.479	171.8052
53.393593	102.436	171.5992
53.780506	102.399	171.3889
54.170223	102.365	171.1522
54.562763	102.329	170.8923
54.958145	102.290	170.6304
55.356396	102.250	170.3850
55.757530	102.211	170.1549
56.161572	102.176	169.9234
56.568542	102.142	169.6783
56.978462	102.107	169.4272
57.391350	102.069	169.1894
57.807232	102.034	168.9720
58.226128	102.002	168.7560
58.648056	101.974	168.5119
59.073048	101.943	168.2313
59.501114	101.904	167.9430
59.932281	101.857	167.6935
60.366577	101.809	167.5079
60.804020	101.766	167.3712
61.244629	101.729	167.2493
61.688435	101.695	167.1252
62.135452	101.662	167.0096
62.585712	101.630	166.9146
63.039234	101.604	166.8252
63.496040	101.582	166.7068
63.956161	101.558	166.5423
64.419617	101.527	166.3544
64.886421	101.488	166.1857
65.356621	101.447	166.0562
65.830215	101.410	165.9463
66.307251	101.377	165.8193
66.787743	101.344	165.6556
67.271713	101.311	165.4594
67.759193	101.276	165.2424
68.250206	101.240	165.0087
68.744774	101.204	164.7597
69.242928	101.165	164.5064
69.744690	101.124	164.2693
70.250084	101.083	164.0655
70.759148	101.044	163.8974
71.271896	101.009	163.7548
71.788361	100.974	163.6276
72.308571	100.939	163.5161
72.832550	100.901	163.4266
73.360321	100.862	163.3589
73.891922	100.822	163.2977
74.427376	100.782	163.2191
74.966705	100.739	163.1065
75.509949	100.691	162.9597
76.057121	100.639	162.7916
76.608261	100.584	162.6172
77.163399	100.531	162.4443
77.722557	100.482	162.2736
78.285767	100.438	162.1056
78.853058	100.399	161.9499
79.424461	100.365	161.8286
80.000000	100.337	161.7617
80.579712	100.315	161.7406
81.163628	100.296	161.7285
81.751770	100.271	161.7067
82.344177	100.231	161.7062
82.940880	100.177	161.7622
83.541901	100.116	161.8525
84.147285	100.050	161.9217
84.757050	99.982	161.9272
85.371231	99.917	161.8052
85.989868	99.857	161.4724
86.612984	99.796	160.9249
87.240616	99.741	160.1935
87.872803	99.697	159.1630
88.509560	99.623	157.7524
89.150940	99.452	156.4418
89.796967	99.205	156.1818
90.447670	99.036	157.3588
91.103088	99.064	159.0316
91.763260	99.221	160.0513
92.428215	99.374	160.3597
93.097992	99.474	160.4766
93.772614	99.533	160.6510
94.452133	99.558	160.8757
95.136566	99.554	161.1503
95.825966	99.535	161.4291
96.520363	99.507	161.6105
97.219788	99.469	161.6687
97.924286	99.428	161.6353
98.633881	99.393	161.5027
99.348625	99.366	161.2608
100.068542	99.340	160.9588
100.793686	99.317	160.6669
101.524078	99.295	160.4229
102.259766	99.272	160.2386
103.000778	99.243	160.1285
103.747162	99.208	160.1047
104.498962	99.169	160.1463
105.256203	99.129	160.1975
106.018929	99.087	160.2073
106.787186	99.042	160.1616
107.561012	98.994	160.0743
108.340446	98.946	159.9660
109.125526	98.901	159.8607
109.916290	98.862	159.7744
110.712791	98.827	159.7045
111.515060	98.795	159.6490
112.323143	98.760	159.6205
113.137085	98.722	159.6252
113.956924	98.681	159.6523
114.782700	98.638	159.6855
115.614464	98.595	159.7081
116.452255	98.552	159.7073
117.296112	98.510	159.6863
118.146095	98.470	159.6574
119.002228	98.432	159.6254
119.864563	98.394	159.5964
120.733154	98.356	159.5884
121.608040	98.318	159.6085
122.489258	98.281	159.6399
123.376869	98.242	159.6690
124.270905	98.203	159.6977
125.171425	98.163	159.7269
126.078468	98.124	159.7522
126.992081	98.087	159.7741
127.912323	98.050	159.7967
128.839233	98.013	159.8210
129.772842	97.976	159.8486
130.713242	97.938	159.8846
131.660431	97.898	159.9329
132.614502	97.859	159.9933
133.575485	97.820	160.0582
134.543427	97.782	160.1191
135.518387	97.744	160.1776
136.500412	97.705	160.2440
137.489548	97.667	160.3216
138.485855	97.629	160.4048
139.489380	97.591	160.4874
140.500168	97.552	160.5663
141.518295	97.513	160.6431
142.543793	97.474	160.7157
143.576721	97.433	160.7846
144.617142	97.391	160.8603
145.665100	97.349	160.9500
146.720642	97.308	161.0585
147.783844	97.269	161.1829
148.854752	97.234	161.3058
149.933411	97.200	161.4183
151.019897	97.167	161.5309
152.114243	97.134	161.6576
153.216522	97.102	161.8064
154.326797	97.075	161.9748
155.445114	97.052	162.1456
156.571533	97.033	162.3066
157.706116	97.017	162.4593
158.848923	97.004	162.6028
160.000000	96.992	162.7324
161.159424	96.982	162.8499
162.327255	96.972	162.9556
163.503540	96.962	163.0440
164.688354	96.949	163.1129
165.881760	96.930	163.1636
167.083801	96.905	163.1992
168.294571	96.873	163.2233
169.514099	96.836	163.2418
170.742462	96.794	163.2644
171.979736	96.749	163.2964
173.225967	96.703	163.3336
174.481232	96.657	163.3718
175.745605	96.613	163.4171
177.019119	96.571	163.4731
178.301880	96.532	163.5383
179.593933	96.495	163.6104
180.895340	96.463	163.6883
182.206177	96.435	163.7719
183.526520	96.411	163.8592
184.856430	96.388	163.9504
186.195984	96.365	164.0502
187.545227	96.342	164.1585
188.904266	96.319	164.2704
190.273132	96.295	164.3815
191.651932	96.269	164.4922
193.040726	96.241	164.6055
194.439575	96.211	164.7232
195.848572	96.178	164.8470
197.267761	96.144	164.9780
198.697250	96.109	165.1169
200.137085	96.075	165.2615
201.587372	96.040	165.4048
203.048157	96.005	165.5466
204.519531	95.971	165.6916
206.001556	95.936	165.8389
207.494324	95.902	165.9902
208.997925	95.868	166.1533
210.512405	95.834	166.3265
212.037857	95.801	166.5025
213.574371	95.767	166.6777
215.122025	95.731	166.8547
216.680893	95.695	167.0392
218.251053	95.658	167.2383
219.832581	95.622	167.4553
221.425583	95.585	167.6885
223.030121	95.549	167.9343
224.646286	95.512	168.1904
226.274170	95.475	168.4581
227.913849	95.439	168.7415
229.565399	95.405	169.0434
231.228928	95.375	169.3659
232.904510	95.349	169.7079
234.592224	95.328	170.0698
236.292191	95.313	170.4548
238.004456	95.306	170.8548
239.729126	95.307	171.2529
241.466309	95.318	171.6263
243.216080	95.336	171.9518
244.978516	95.359	172.2162
246.753738	95.383	172.4146
248.541809	95.405	172.5482
250.342850	95.424	172.6237
252.156937	95.438	172.6490
253.984161	95.444	172.6362
255.824646	95.443	172.6068
257.678467	95.434	172.5830
259.545685	95.421	172.5755
261.426483	95.403	172.5873
263.320862	95.382	172.6202
265.229004	95.357	172.6731
267.150970	95.331	172.7412
269.086853	95.304	172.8204
271.036774	95.277	172.9123
273.000824	95.251	173.0200
274.979095	95.227	173.1422
276.971710	95.202	173.2736
278.978760	95.177	173.4148
281.000336	95.152	173.5687
283.036591	95.126	173.7347
285.087585	95.101	173.9099
287.153442	95.076	174.0901
289.234283	95.052	174.2714
291.330200	95.028	174.4543
293.441284	95.006	174.6399
295.567688	94.984	174.8295
297.709503	94.964	175.0232
299.866821	94.942	175.2196
302.039795	94.920	175.4166
304.228485	94.898	175.6132
306.433044	94.877	175.8108
308.653595	94.857	176.0098
310.890228	94.838	176.2079
313.143066	94.818	176.4104
315.412231	94.797	176.6232
317.697845	94.776	176.8396
320.000000	94.756	177.0525
322.318848	94.736	177.2646
324.654510	94.718	177.4802
327.007080	94.700	177.7004
329.376709	94.683	177.9247
331.763519	94.665	178.1508
334.167603	94.647	178.3742
336.589142	94.628	178.5969
339.028198	94.610	178.8208
341.484924	94.591	179.0436
343.959473	94.573	179.2682
346.451935	94.555	179.5013
348.962463	94.539	179.7446
351.491211	94.523	179.9928
354.038239	94.508	-179.7593
356.603760	94.494	-179.5124
359.187866	94.479	-179.2654
361.790680	94.465	-179.0186
364.412354	94.451	-178.7735
367.053040	94.436	-178.5338
369.712860	94.422	-178.3006
372.391968	94.407	-178.0650
375.090454	94.393	-177.8190
377.808533	94.379	-177.5651
380.546265	94.365	-177.3104
383.303864	94.351	-177.0578
386.081451	94.337	-176.8024
388.879150	94.325	-176.5405
391.697144	94.312	-176.2746
394.535522	94.299	-176.0099
397.394501	94.285	-175.7470
400.274170	94.272	-175.4826
403.174744	94.259	-175.2152
406.096313	94.248	-174.9455
409.039062	94.237	-174.6739
412.003113	94.226	-174.4005
414.988647	94.215	-174.1275
417.995850	94.205	-173.8554
421.024811	94.195	-173.5814
424.075714	94.185	-173.3029
427.148743	94.175	-173.0225
430.244049	94.164	-172.7453
433.361786	94.155	-172.4692
436.502106	94.146	-172.1897
439.665161	94.135	-171.9062
442.851166	94.125	-171.6167
446.060242	94.115	-171.3193
449.292572	94.106	-171.0215
452.548340	94.098	-170.7318
455.827698	94.090	-170.4492
459.130798	94.082	-170.1682
462.457855	94.075	-169.8892
465.809021	94.067	-169.6112
469.184448	94.059	-169.3245
472.584381	94.051	-169.0242
476.008911	94.043	-168.7187
479.458252	94.036	-168.4119
482.932617	94.029	-168.1009
486.432159	94.022	-167.7870
489.957031	94.016	-167.4734
493.507477	94.011	-167.1601
497.083618	94.006	-166.8442
500.685699	94.001	-166.5245
504.313873	93.996	-166.2075
507.968323	93.991	-165.9002
511.649292	93.986	-165.5959
515.356934	93.981	-165.2795
519.091370	93.975	-164.9469
522.852966	93.970	-164.6076
526.641724	93.966	-164.2695
530.458008	93.962	-163.9320
534.301941	93.958	-163.5909
538.173706	93.954	-163.2444
542.073547	93.949	-162.8943
546.001648	93.946	-162.5428
549.958191	93.944	-162.1953
553.943420	93.943	-161.8532
557.957520	93.940	-161.5105
562.000671	93.938	-161.1626
566.073181	93.937	-160.8118
570.175171	93.936	-160.4613
574.306885	93.935	-160.1105
578.468567	93.936	-159.7580
582.660400	93.937	-159.4016
586.882568	93.938	-159.0407
591.135376	93.940	-158.6766
595.419006	93.941	-158.3102
599.733643	93.943	-157.9392
604.079590	93.945	-157.5611
608.456970	93.947	-157.1720
612.866089	93.949	-156.7734
617.307190	93.950	-156.3793
621.780457	93.952	-155.9966
626.286133	93.954	-155.6155
630.824463	93.957	-155.2236
635.395691	93.960	-154.8228
640.000000	93.963	-154.4233
644.637695	93.967	-154.0294
649.309021	93.972	-153.6368
654.014160	93.977	-153.2395
658.753418	93.983	-152.8369
663.527039	93.990	-152.4269
668.335205	93.998	-152.0047
673.178284	94.005	-151.5719
678.056396	94.013	-151.1372
682.969849	94.022	-150.7087
687.918945	94.032	-150.2839
692.903870	94.043	-149.8526
697.924927	94.053	-149.4173
702.982422	94.064	-148.9842
708.076477	94.075	-148.5467
713.207520	94.086	-148.0996
718.375732	94.098	-147.6426
723.581360	94.110	-147.1779
728.824707	94.123	-146.7137
734.106079	94.137	-146.2557
739.425720	94.152	-145.7974
744.783936	94.169	-145.3320
750.180908	94.185	-144.8607
755.617065	94.201	-144.3857
761.092529	94.217	-143.9069
766.607727	94.234	-143.4255
772.162903	94.252	-142.9416
777.758301	94.272	-142.4554
783.394287	94.292	-141.9659
789.071045	94.314	-141.4695
794.789001	94.338	-140.9645
800.548340	94.363	-140.4552
806.349487	94.390	-139.9455
812.192627	94.417	-139.4360
818.078125	94.444	-138.9297
824.006226	94.473	-138.4260
829.977295	94.503	-137.9194
835.991699	94.535	-137.4078
842.049622	94.567	-136.8917
848.151428	94.598	-136.3720
854.297485	94.630	-135.8499
860.488098	94.663	-135.3252
866.723572	94.698	-134.7961
873.004211	94.734	-134.2655
879.330322	94.770	-133.7368
885.702332	94.807	-133.2096
892.120483	94.847	-132.6841
898.585144	94.890	-132.1610
905.096680	94.935	-131.6398
911.655396	94.981	-131.1225
918.261597	95.030	-130.6112
924.915710	95.079	-130.1063
931.618042	95.129	-129.6065
938.368896	95.178	-129.1104
945.168762	95.223	-128.6205
952.017822	95.263	-128.1370
958.916504	95.299	-127.6579
965.865234	95.334	-127.1813
972.864319	95.375	-126.7109
979.914062	95.426	-126.2559
987.014954	95.487	-125.8189
994.167236	95.555	-125.3944
1001.371399	95.626	-124.9800
1008.627747	95.698	-124.5790
1015.936646	95.770	-124.1940
1023.298584	95.839	-123.8243
1030.713867	95.905	-123.4664
1038.182739	95.965	-123.1178
1045.705933	96.021	-122.7725
1053.283447	96.073	-122.4273
1060.916016	96.122	-122.0835
1068.603882	96.168	-121.7374
1076.347412	96.212	-121.3827
1084.147095	96.257	-121.0136
1092.003296	96.301	-120.6275
1099.916382	96.345	-120.2235
1107.886841	96.389	-119.8050
1115.915039	96.436	-119.3786
1124.001343	96.486	-118.9450
1132.146362	96.539	-118.5014
1140.350342	96.593	-118.0528
1148.613770	96.650	-117.6097
1156.937134	96.709	-117.1777
1165.320801	96.770	-116.7555
1173.765137	96.835	-116.3463
1182.270752	96.902	-115.9548
1190.838013	96.972	-115.5790
1199.467285	97.044	-115.2150
1208.159180	97.118	-114.8653
1216.913940	97.193	-114.5376
1225.732178	97.269	-114.2382
1234.614380	97.344	-113.9698
1243.560913	97.420	-113.7299
1252.572266	97.494	-113.5111
1261.648926	97.566	-113.3060
1270.791382	97.637	-113.1076
1280.000000	97.706	-112.9125
1289.275391	97.775	-112.7207
1298.618042	97.842	-112.5314
1308.028320	97.910	-112.3442
1317.506836	97.976	-112.1574
1327.054077	98.042	-111.9681
1336.670410	98.107	-111.7733
1346.356567	98.170	-111.5752
1356.112793	98.233	-111.3783
1365.939697	98.295	-111.1849
1375.837891	98.357	-110.9933
1385.807739	98.420	-110.7996
1395.849854	98.482	-110.6031
1405.964844	98.544	-110.4050
1416.152954	98.606	-110.2047
1426.415039	98.669	-110.0033
1436.751465	98.731	-109.8027
1447.162720	98.794	-109.6021
1457.649414	98.857	-109.3974
1468.212158	98.922	-109.1906
1478.851440	98.986	-108.9900
1489.567871	99.051	-108.7939
1500.361816	99.114	-108.5949
1511.234131	99.177	-108.3910
1522.185059	99.240	-108.1864
1533.215454	99.303	-107.9867
1544.325806	99.366	-107.7920
1555.516602	99.431	-107.5958
1566.788574	99.498	-107.3974
1578.142090	99.565	-107.2027
1589.578003	99.633	-107.0120
1601.096680	99.700	-106.8222
1612.698975	99.766	-106.6306
1624.385254	99.832	-106.4390
1636.156250	99.898	-106.2538
1648.012451	99.966	-106.0760
1659.954590	100.034	-105.9009
1671.983398	100.103	-105.7286
1684.099243	100.172	-105.5632
1696.302856	100.242	-105.4036
1708.594971	100.312	-105.2461
1720.976196	100.382	-105.0903
1733.447144	100.452	-104.9399
1746.008423	100.522	-104.7984
1758.660645	100.593	-104.6655
1771.404663	100.664	-104.5401
1784.240967	100.736	-104.4224
1797.170288	100.810	-104.3125
1810.193359	100.883	-104.2102
1823.310791	100.958	-104.1185
1836.523193	101.031	-104.0373
1849.831421	101.104	-103.9618
1863.236084	101.176	-103.8898
1876.737793	101.246	-103.8245
1890.337524	101.316	-103.7701
1904.035645	101.386	-103.7271
1917.833008	101.456	-103.6926
1931.730469	101.526	-103.6655
1945.728638	101.595	-103.6461
1959.828125	101.663	-103.6344
1974.029907	101.730	-103.6297
1988.334473	101.795	-103.6318
2002.742798	101.859	-103.6391
2017.255493	101.921	-103.6500
2031.873291	101.983	-103.6674
2046.597168	102.044	-103.6961
2061.427734	102.105	-103.7351
2076.365479	102.164	-103.7803
2091.411865	102.222	-103.8308
2106.566895	102.277	-103.8858
2121.832031	102.330	-103.9431
2137.207764	102.381	-103.9961
2152.694824	102.430	-104.0380
2168.294189	102.478	-104.0640
2184.006592	102.525	-104.0663
2199.832764	102.572	-104.0382
2215.773682	102.622	-103.9826
2231.830078	102.677	-103.9128
2248.002686	102.740	-103.8446
2264.292725	102.812	-103.7953
2280.700684	102.893	-103.7864
2297.227539	102.981	-103.8426
2313.874268	103.072	-103.9853
2330.641602	103.164	-104.2274
2347.530273	103.251	-104.5703
2364.541504	103.329	-105.0032
2381.676025	103.395	-105.5061
2398.934570	103.445	-106.0450
2416.318359	103.480	-106.5883
2433.827881	103.499	-107.1217
2451.464355	103.506	-107.6434
2469.228760	103.504	-108.1451
2487.121826	103.493	-108.6151
2505.144531	103.474	-109.0494
2523.297852	103.448	-109.4445
2541.582764	103.416	-109.7974
2560.000000	103.377	-110.1077
2578.550781	103.335	-110.3773
2597.236084	103.288	-110.6047
2616.056641	103.239	-110.7852
2635.013672	103.188	-110.9184
2654.108154	103.136	-111.0042
2673.340820	103.083	-111.0394
2692.713135	103.032	-111.0278
2712.225586	102.984	-110.9835
2731.879395	102.939	-110.9198
2751.675781	102.897	-110.8453
2771.615479	102.858	-110.7679
2791.699707	102.820	-110.6941
2811.929688	102.781	-110.6268
2832.305908	102.740	-110.5647
2852.830078	102.696	-110.5009
2873.502930	102.648	-110.4236
2894.325439	102.597	-110.3248
2915.298828	102.544	-110.2010
2936.424316	102.491	-110.0486
2957.702881	102.439	-109.8692
2979.135742	102.388	-109.6749
3000.723633	102.337	-109.4685
3022.468262	102.283	-109.2441
3044.370117	102.228	-109.0056
3066.430908	102.171	-108.7593
3088.651611	102.115	-108.4971
3111.033203	102.061	-108.2094
3133.577148	102.008	-107.8960
3156.284180	101.959	-107.5619
3179.156006	101.913	-107.2126
3202.193359	101.871	-106.8525
3225.397949	101.832	-106.4824
3248.770508	101.794	-106.0998
3272.312500	101.758	-105.7006
3296.024902	101.724	-105.2842
3319.909180	101.689	-104.8523
3343.966797	101.653	-104.4058
3368.198486	101.616	-103.9448
3392.605713	101.577	-103.4725
3417.189941	101.534	-102.9881
3441.952393	101.488	-102.4809
3466.894287	101.436	-101.9524
3492.016846	101.381	-101.4162
3517.321289	101.326	-100.8732
3542.809326	101.272	-100.3194
3568.481934	101.219	-99.7561
3594.340576	101.169	-99.1831
3620.386719	101.121	-98.6012
3646.621582	101.077	-98.0158
3673.046387	101.036	-97.4342
3699.662842	100.997	-96.8554
3726.472168	100.961	-96.2778
3753.475586	100.925	-95.7011
3780.675049	100.890	-95.1195
3808.071289	100.854	-94.5232
3835.666016	100.813	-93.8999
3863.460938	100.767	-93.2295
3891.457275	100.716	-92.4931
3919.656250	100.663	-91.6774
3948.059814	100.609	-90.7764
3976.668945	100.557	-89.7924
4005.485596	100.506	-88.7329
4034.510986	100.457	-87.6139
4063.746582	100.412	-86.4646
4093.194336	100.374	-85.3103
4122.855469	100.341	-84.1658
4152.730957	100.312	-83.0354
4182.823730	100.288	-81.9171
4213.133789	100.269	-80.8115
4243.664062	100.257	-79.7177
4274.415527	100.251	-78.6329
4305.389648	100.253	-77.5600
4336.588379	100.264	-76.5080
4368.013184	100.284	-75.4809
4399.665527	100.312	-74.4839
4431.547363	100.348	-73.5296
4463.660156	100.390	-72.6247
4496.005371	100.439	-71.7702
4528.585449	100.491	-70.9676
4561.401367	100.546	-70.2170
4594.455078	100.602	-69.5140
4627.748535	100.659	-68.8556
4661.283203	100.717	-68.2393
4695.060547	100.775	-67.6631
4729.083008	100.835	-67.1296
4763.352051	100.896	-66.6459
4797.869141	100.955	-66.2132
4832.636719	101.014	-65.8260
4867.655762	101.070	-65.4878
4902.928711	101.126	-65.2067
4938.457520	101.179	-64.9853
4974.243652	101.230	-64.8271
5010.289062	101.276	-64.7398
5046.595703	101.315	-64.7318
5083.165527	101.342	-64.8088
5120.000000	101.354	-64.9743
5157.101562	101.346	-65.2290
5194.472168	101.313	-65.5620
5232.113281	101.251	-65.9519
5270.027344	101.157	-66.3745
5308.216309	101.027	-66.8006
5346.681641	100.860	-67.1915
5385.426270	100.654	-67.5077
5424.451172	100.410	-67.7103
5463.758789	100.130	-67.7516
5503.351562	99.813	-67.5832
5543.230957	99.465	-67.1601
5583.399414	99.089	-66.4352
5623.859375	98.693	-65.3599
5664.611816	98.282	-63.8847
5705.660156	97.865	-61.9627
5747.005859	97.451	-59.5515
5788.650879	97.053	-56.6183
5830.597656	96.686	-53.1428
5872.848633	96.368	-49.1223
5915.405762	96.119	-44.5812
5958.271484	95.957	-39.5900
6001.447266	95.898	-34.2617
6044.936523	95.952	-28.7406
6088.740234	96.128	-23.2165
6132.861816	96.426	-17.8928
6177.303223	96.839	-12.9510
6222.066406	97.350	-8.5366
6267.154297	97.940	-4.7518
6312.568359	98.585	-1.6610
6358.312012	99.266	0.6993
6404.386719	99.963	2.3202
6450.795898	100.657	3.2123
6497.541016	101.330	3.3973
6544.625000	101.964	2.9131
6592.049805	102.542	1.8179
6639.818359	103.051	0.1880
6687.933594	103.477	-1.8749
6736.396973	103.812	-4.2489
6785.211426	104.050	-6.8046
6834.379883	104.191	-9.4104
6883.904785	104.241	-11.9387
6933.788574	104.208	-14.2754
6984.033691	104.104	-16.3335
7034.642578	103.943	-18.0536
7085.618652	103.740	-19.4042
7136.963867	103.509	-20.3792
7188.681152	103.260	-20.9948
7240.773438	103.003	-21.2789
7293.243164	102.746	-21.2630
7346.092773	102.492	-20.9769
7399.325684	102.246	-20.4463
7452.944336	102.010	-19.6945
7506.951172	101.786	-18.7452
7561.350098	101.574	-17.6179
7616.142578	101.376	-16.3253
7671.332031	101.194	-14.8771
7726.921875	101.029	-13.2819
7782.914551	100.882	-11.5433
7839.312500	100.757	-9.6584
7896.119629	100.659	-7.6193
7953.337891	100.596	-5.4199
8010.971191	100.578	-3.0628
8069.021973	100.616	-0.5718
8127.493164	100.723	1.9914
8186.388672	100.908	4.5248
8245.710938	101.176	6.8916
8305.461914	101.522	8.9381
8365.647461	101.930	10.5269
8426.267578	102.376	11.5723
8487.328125	102.838	12.0569
8548.831055	103.298	12.0197
8610.779297	103.745	11.5281
8673.176758	104.174	10.6437
8736.026367	104.587	9.4026
8799.331055	104.982	7.8111
8863.094727	105.359	5.8496
8927.320312	105.712	3.4856
8992.010742	106.029	0.6921
9057.170898	106.296	-2.5404
9122.802734	106.495	-6.1929
9188.910156	106.609	-10.2027
9255.497070	106.619	-14.4581
9322.566406	106.515	-18.8114
9390.121094	106.298	-23.1053
9458.166016	105.975	-27.1967
9526.704102	105.557	-30.9694
9595.738281	105.058	-34.3266
9665.273438	104.494	-37.1918
9735.311523	103.882	-39.5238
9805.857422	103.241	-41.3165
9876.915039	102.587	-42.5893
9948.487305	101.935	-43.3824
10020.578125	101.294	-43.7457
10093.191406	100.672	-43.7310
10166.331055	100.072	-43.3875
10240.000000	99.499	-42.7620
10314.203125	98.952	-41.8969
10388.944336	98.435	-40.8273
10464.226562	97.946	-39.5827
10540.054688	97.485	-38.1896
10616.432617	97.052	-36.6715
10693.363281	96.646	-35.0457
10770.852539	96.267	-33.3273
10848.902344	95.914	-31.5326
10927.517578	95.585	-29.6751
11006.703125	95.281	-27.7674
11086.461914	95.001	-25.8224
11166.798828	94.746	-23.8475
11247.718750	94.515	-21.8483
11329.223633	94.310	-19.8326
11411.320312	94.129	-17.8083
11494.011719	93.973	-15.7852
11577.301758	93.841	-13.7760
11661.195312	93.733	-11.7913
11745.697266	93.652	-9.8391
11830.811523	93.596	-7.9298
11916.542969	93.566	-6.0787
12002.894531	93.564	-4.2983
12089.873047	93.589	-2.5973
12177.480469	93.643	-0.9889
12265.723633	93.728	0.5075
12354.606445	93.845	1.8706
12444.132812	93.997	3.0724
12534.308594	94.182	4.0768
12625.136719	94.402	4.8474
12716.624023	94.657	5.3455
12808.773438	94.945	5.5239
12901.591797	95.267	5.3267
12995.082031	95.617	4.6927
13089.250000	95.989	3.5483
13184.099609	96.374	1.8137
13279.636719	96.755	-0.5762
13375.867188	97.114	-3.6638
13472.793945	97.427	-7.4633
13570.422852	97.670	-11.9429
13668.759766	97.816	-17.0103
13767.809570	97.848	-22.5182
13867.577148	97.760	-28.2749
13968.067383	97.566	-34.0617
14069.285156	97.288	-39.6648
14171.237305	96.944	-44.9110
14273.927734	96.544	-49.6811
14377.362305	96.099	-53.9108
14481.546875	95.618	-57.5929
14586.486328	95.111	-60.7728
14692.185547	94.596	-63.5246
14798.651367	94.094	-65.9366
14905.888672	93.622	-68.0971
15013.902344	93.188	-70.0858
15122.700195	92.797	-71.9793
15232.285156	92.456	-73.8526
15342.664062	92.172	-75.7773
15453.843750	91.944	-77.8278
15565.829102	91.773	-80.0900
15678.625000	91.664	-82.6588
15792.239258	91.635	-85.6355
15906.675781	91.701	-89.1461
16021.942383	91.881	-93.3735
16138.043945	92.210	-98.5973
16254.986328	92.741	-105.2381
16372.777344	93.480	-113.8503
16491.421875	94.327	-124.9376
16610.923828	95.096	-138.6039
16731.294922	95.587	-154.4615
16852.535156	95.649	-171.7366
16974.656250	95.209	170.6304
17097.662109	94.291	153.7225
17221.558594	92.997	138.3131
17346.353516	91.467	124.7269
17472.052734	89.844	112.9001
17598.662109	88.246	102.5370
17726.189453	86.751	93.2604
17854.640625	85.396	84.6970
17984.021484	84.189	76.5073
18114.341797	83.122	68.4171
18245.605469	82.182	60.2311
18377.820312	81.356	51.7892
18510.994141	80.630	42.9319
18645.132812	79.992	33.5173
18780.242188	79.440	23.4417
18916.332031	78.986	12.6072
19053.408203	78.643	0.9124
19191.476562	78.412	-11.7483
19330.546875	78.261	-25.4440
19470.623047	78.133	-40.1504
19611.714844	77.963	-55.7712
19753.830078	77.715	-71.9789
19896.974609	77.432	-87.1021
