* Measurement data measured by REW V5.31
* Source: Input device not selected, no input selected, L, volume: 0.250. Timing signal peak level -42.7 dBFS, measurement signal peak level -42.6 dBFS
* Format: 1M Log Swept Sine, 1 sweep at -12.0 dBFS using an acoustic timing reference
* Dated: 09-Apr-2024 22:50:17
* REW Settings:
*  C-weighting compensation: Off
*  Target level: 75.0 dB
* Note: ; Delay -0.3936 ms (-135 mm, -5.31 in) using estimated IR delay relative to Acoustic reference played from  L with no timing offset Clock adjustment: -21.8 ppm
* Measurement: L3 W1
* Smoothing: 1/24 octave
* Frequency Step: 1/48 octave
* Start Frequency: 20.000 Hz
*
* Freq(Hz)	SPL(dB)	Phase(degrees)
20.000000	97.537	-137.3330
20.299999	97.557	-138.0756
20.600000	97.585	-138.8169
20.900000	97.621	-139.5623
21.200001	97.666	-140.3198
21.400000	97.701	-140.8430
21.799999	97.784	-141.9815
22.000000	97.827	-142.6161
22.400000	97.905	-144.0231
22.700001	97.942	-145.1521
23.000000	97.957	-146.2628
23.299999	97.952	-147.2738
23.600000	97.937	-148.1294
24.000000	97.928	-149.0309
24.299999	97.942	-149.6029
24.700001	97.987	-150.3846
25.000000	98.029	-151.0585
25.400000	98.074	-152.0756
25.799999	98.093	-153.1289
26.200001	98.091	-154.1002
26.500000	98.085	-154.7491
26.900000	98.082	-155.5446
27.200001	98.085	-156.1318
27.600000	98.091	-156.9431
28.000000	98.094	-157.7912
28.500000	98.094	-158.8943
29.000000	98.088	-160.0753
29.500000	98.062	-161.3402
30.000000	97.999	-162.5398
30.400000	97.932	-163.2949
30.700001	97.887	-163.7027
31.100000	97.854	-164.0957
31.500000	97.862	-164.4701
32.000000	97.910	-165.1451
32.500000	97.954	-166.0987
33.000000	97.967	-167.1704
33.500000	97.955	-168.2005
34.000000	97.928	-169.1653
34.500000	97.885	-170.0904
35.000000	97.814	-170.9066
35.500000	97.726	-171.4658
36.000000	97.656	-171.7309
36.500000	97.638	-171.9178
37.000000	97.658	-172.3364
37.500000	97.664	-173.0487
38.200001	97.604	-173.9659
38.700001	97.577	-174.2546
39.500000	97.681	-174.9767
40.000000	97.749	-176.1873
40.599998	97.692	-177.9728
41.200001	97.510	-179.1361
41.799999	97.351	-179.4336
42.500000	97.270	-179.5019
43.099998	97.240	-179.7142
43.700001	97.238	179.8475
44.400002	97.232	178.6523
45.000000	97.103	177.3014
45.500000	96.903	176.6536
46.200001	96.689	176.8073
46.799999	96.662	176.8010
47.500000	96.604	175.8785
48.200001	96.412	175.3844
48.700001	96.325	175.7230
49.400002	96.373	176.0940
50.000000	96.442	175.6521
50.799999	96.415	174.8645
51.500000	96.364	174.6316
52.200001	96.334	174.5616
53.000000	96.305	174.5598
53.799999	96.308	174.5186
54.500000	96.310	174.1893
55.200001	96.273	173.7094
56.000000	96.198	173.1950
57.000000	96.076	172.7310
58.000000	95.977	172.5834
59.000000	95.915	172.3687
60.000000	95.837	172.2051
60.799999	95.779	172.2020
61.500000	95.729	172.2707
62.200001	95.695	172.4258
63.000000	95.693	172.5011
64.000000	95.699	172.1144
65.000000	95.668	171.3475
66.000000	95.585	170.4924
67.000000	95.486	169.9347
68.000000	95.430	169.4749
69.000000	95.380	168.9225
70.000000	95.324	168.3981
71.000000	95.244	167.9085
72.000000	95.141	167.6935
73.000000	95.057	167.6553
74.000000	94.979	167.5399
75.000000	94.891	167.3885
76.199997	94.781	167.2170
77.500000	94.671	167.0596
78.800003	94.577	166.8647
80.000000	94.499	166.6975
81.199997	94.431	166.5700
82.500000	94.357	166.4746
83.800003	94.271	166.4235
85.000000	94.171	166.3948
86.199997	94.044	166.3301
87.500000	93.882	166.2266
88.500000	93.730	166.0863
90.000000	93.507	166.7700
91.199997	93.504	167.4294
92.500000	93.536	167.5041
93.800003	93.578	167.7142
95.000000	93.634	167.8702
96.199997	93.678	167.8326
97.500000	93.666	167.5988
98.800003	93.606	167.4250
100.000000	93.538	167.2537
101.500000	93.443	167.0390
103.000000	93.358	166.8633
104.400002	93.276	166.7162
106.000000	93.175	166.7002
107.500000	93.087	166.7604
109.000000	93.006	166.7874
110.599998	92.920	166.7989
112.000000	92.848	166.8523
113.800003	92.756	166.9880
115.000000	92.693	167.1021
117.199997	92.562	167.3391
118.000000	92.513	167.4634
120.599998	92.383	167.8852
122.000000	92.317	168.0580
124.099998	92.212	168.4193
125.000000	92.167	168.6006
126.500000	92.095	168.9588
128.000000	92.044	169.3992
131.500000	92.020	169.9129
132.000000	92.019	169.9373
134.000000	92.009	169.9373
136.000000	91.963	169.9220
138.000000	91.885	170.1029
140.000000	91.798	170.4268
143.000000	91.685	170.8816
145.000000	91.605	171.0276
147.500000	91.506	171.2945
150.000000	91.424	171.6346
152.500000	91.350	171.9714
155.000000	91.275	172.3725
157.500000	91.212	172.8130
160.000000	91.159	173.3168
162.500000	91.108	173.7402
165.000000	91.038	174.0898
167.500000	90.955	174.4363
170.000000	90.867	174.8096
172.500000	90.772	175.2060
175.000000	90.670	175.6201
177.500000	90.582	176.0764
180.000000	90.512	176.5067
182.500000	90.454	176.9224
185.000000	90.407	177.3630
187.500000	90.374	177.8221
190.000000	90.342	178.2826
192.500000	90.300	178.7404
195.000000	90.244	179.1996
197.500000	90.180	179.6767
200.000000	90.122	-179.8304
203.000000	90.056	-179.2670
206.000000	89.990	-178.6952
209.000000	89.926	-178.1225
212.000000	89.862	-177.4763
214.000000	89.819	-177.0153
218.000000	89.736	-176.1487
220.000000	89.695	-175.7504
224.000000	89.606	-174.8596
227.000000	89.544	-174.1124
230.000000	89.497	-173.3589
233.000000	89.460	-172.5812
236.000000	89.428	-171.8002
240.000000	89.396	-170.7903
243.000000	89.387	-170.0343
247.000000	89.391	-169.1449
250.000000	89.399	-168.6218
254.000000	89.400	-168.1080
258.000000	89.365	-167.6618
262.000000	89.313	-167.1780
265.000000	89.275	-166.7520
269.000000	89.224	-166.1086
272.000000	89.182	-165.5925
276.000000	89.126	-164.8597
280.000000	89.079	-164.1139
285.000000	89.023	-163.1526
290.000000	88.965	-162.1451
295.000000	88.914	-161.1913
300.000000	88.857	-160.2516
304.000000	88.819	-159.4732
307.000000	88.790	-158.8841
311.000000	88.754	-158.1071
315.000000	88.724	-157.3375
320.000000	88.687	-156.3732
325.000000	88.649	-155.4192
330.000000	88.610	-154.4153
335.000000	88.571	-153.4269
340.000000	88.536	-152.5037
345.000000	88.505	-151.5773
350.000000	88.469	-150.5949
355.000000	88.433	-149.6133
360.000000	88.405	-148.6396
365.000000	88.379	-147.6544
370.000000	88.349	-146.6535
375.000000	88.323	-145.6842
382.000000	88.295	-144.3699
387.000000	88.272	-143.3962
395.000000	88.231	-141.8438
400.000000	88.203	-140.8803
406.000000	88.174	-139.7081
412.000000	88.158	-138.5650
418.000000	88.145	-137.4216
425.000000	88.123	-136.1013
431.000000	88.101	-134.9752
437.000000	88.078	-133.8130
444.000000	88.052	-132.4774
450.000000	88.031	-131.3461
455.000000	88.017	-130.3808
462.000000	88.001	-129.0312
468.000000	87.992	-127.8852
475.000000	87.980	-126.5347
482.000000	87.966	-125.1996
487.000000	87.958	-124.2462
494.000000	87.947	-122.9299
500.000000	87.935	-121.7937
508.000000	87.919	-120.2226
515.000000	87.905	-118.8934
522.000000	87.897	-117.5786
530.000000	87.893	-116.0428
538.000000	87.886	-114.5179
545.000000	87.879	-113.1793
552.000000	87.874	-111.8353
560.000000	87.871	-110.3246
570.000000	87.870	-108.4118
580.000000	87.869	-106.5314
590.000000	87.864	-104.6372
600.000000	87.860	-102.7385
608.000000	87.860	-101.2400
615.000000	87.864	-99.9365
622.000000	87.870	-98.6015
630.000000	87.875	-97.0525
640.000000	87.883	-95.1234
650.000000	87.896	-93.1875
660.000000	87.912	-91.2737
670.000000	87.922	-89.3853
680.000000	87.937	-87.4352
690.000000	87.957	-85.4879
700.000000	87.978	-83.5417
710.000000	88.000	-81.6340
720.000000	88.024	-79.7290
730.000000	88.049	-77.8039
740.000000	88.075	-75.8815
750.000000	88.105	-73.9732
762.000000	88.143	-71.6652
775.000000	88.189	-69.1459
788.000000	88.237	-66.6490
800.000000	88.281	-64.3015
812.000000	88.332	-62.0072
825.000000	88.393	-59.5403
838.000000	88.458	-57.0272
850.000000	88.521	-54.7409
862.000000	88.586	-52.4850
875.000000	88.663	-50.0441
885.000000	88.721	-48.1613
900.000000	88.811	-45.3491
912.000000	88.891	-43.1463
925.000000	88.985	-40.7812
938.000000	89.079	-38.3848
950.000000	89.155	-36.2432
962.000000	89.217	-34.1295
975.000000	89.289	-31.8617
988.000000	89.393	-29.6395
1000.000000	89.509	-27.6259
1015.000000	89.657	-25.1786
1030.000000	89.801	-22.7935
1044.000000	89.920	-20.6299
1060.000000	90.041	-18.2344
1075.000000	90.143	-16.0457
1090.000000	90.230	-13.8918
1106.000000	90.310	-11.5521
1120.000000	90.373	-9.4379
1138.000000	90.458	-6.6357
1150.000000	90.520	-4.7383
1172.000000	90.647	-1.2865
1180.000000	90.697	-0.0443
1206.000000	90.865	3.9401
1220.000000	90.959	6.0276
1241.000000	91.107	9.0749
1250.000000	91.170	10.3665
1265.000000	91.275	12.4985
1280.000000	91.379	14.5955
1315.000000	91.617	19.4126
1320.000000	91.651	20.0911
1340.000000	91.783	22.7869
1360.000000	91.913	25.4883
1380.000000	92.039	28.1949
1400.000000	92.162	30.8870
1430.000000	92.344	34.8910
1450.000000	92.465	37.5390
1475.000000	92.614	40.8757
1500.000000	92.759	44.2143
1525.000000	92.901	47.5099
1550.000000	93.039	50.7927
1575.000000	93.177	54.0853
1600.000000	93.316	57.3575
1625.000000	93.456	60.6151
1650.000000	93.598	63.8582
1675.000000	93.742	67.0991
1700.000000	93.880	70.3282
1725.000000	94.015	73.5196
1750.000000	94.152	76.6795
1775.000000	94.290	79.8214
1800.000000	94.427	82.9389
1825.000000	94.564	86.0150
1850.000000	94.703	89.0635
1875.000000	94.841	92.0867
1900.000000	94.976	95.0794
1925.000000	95.105	98.0263
1950.000000	95.228	100.9399
1975.000000	95.348	103.8274
2000.000000	95.465	106.6974
2030.000000	95.600	110.0979
2060.000000	95.728	113.4566
2090.000000	95.846	116.7728
2120.000000	95.954	120.0569
2140.000000	96.019	122.2515
2180.000000	96.134	126.6769
2200.000000	96.184	128.9196
2240.000000	96.274	133.5076
2270.000000	96.348	137.0668
2300.000000	96.443	140.6832
2330.000000	96.567	144.2459
2360.000000	96.713	147.5850
2400.000000	96.895	151.5882
2430.000000	96.993	154.3490
2470.000000	97.059	157.9766
2500.000000	97.069	160.7764
2540.000000	97.053	164.6932
2580.000000	97.027	168.8188
2620.000000	97.009	173.0508
2650.000000	97.000	176.2030
2690.000000	96.974	-179.6856
2720.000000	96.935	-176.6403
2760.000000	96.853	-172.5455
2800.000000	96.742	-168.3417
2850.000000	96.574	-162.8868
2900.000000	96.385	-157.1918
2950.000000	96.186	-151.2933
3000.000000	95.985	-145.1955
3040.000000	95.824	-140.1863
3070.000000	95.703	-136.3684
3110.000000	95.545	-131.1844
3150.000000	95.395	-125.9051
3200.000000	95.223	-119.2012
3250.000000	95.065	-112.3672
3300.000000	94.925	-105.4065
3350.000000	94.791	-98.3450
3400.000000	94.653	-91.2068
3450.000000	94.513	-83.9960
3500.000000	94.369	-76.7685
3550.000000	94.219	-69.5663
3600.000000	94.059	-62.3246
3650.000000	93.894	-54.9812
3700.000000	93.737	-47.4557
3750.000000	93.602	-39.7076
3820.000000	93.475	-28.5917
3870.000000	93.426	-20.5767
3950.000000	93.384	-7.7405
4000.000000	93.360	0.2905
4060.000000	93.317	9.9260
4120.000000	93.268	19.5325
4180.000000	93.220	29.0994
4250.000000	93.178	40.1902
4310.000000	93.163	49.6249
4370.000000	93.164	59.0094
4440.000000	93.191	69.9287
4500.000000	93.235	79.2607
4550.000000	93.288	86.9983
4620.000000	93.384	97.7214
4680.000000	93.483	106.7999
4750.000000	93.616	117.2639
4820.000000	93.767	127.5565
4870.000000	93.883	134.8046
4940.000000	94.055	144.7767
5000.000000	94.205	153.1376
5080.000000	94.394	163.9880
5150.000000	94.531	173.1814
5220.000000	94.621	-177.8906
5300.000000	94.647	-167.9796
5380.000000	94.571	-158.2612
5450.000000	94.407	-149.7748
5520.000000	94.148	-141.1069
5600.000000	93.736	-130.6871
5700.000000	93.079	-116.2883
5800.000000	92.351	-99.5754
5900.000000	91.735	-80.0321
6000.000000	91.476	-57.9733
6080.000000	91.651	-39.4750
6150.000000	92.101	-23.5774
6220.000000	92.787	-8.5900
6300.000000	93.778	6.9491
6400.000000	95.182	23.7118
6500.000000	96.623	37.5218
6600.000000	97.971	48.5287
6700.000000	99.104	57.0481
6800.000000	99.902	63.7365
6900.000000	100.290	69.5429
7000.000000	100.275	75.5913
7100.000000	99.940	82.7863
7200.000000	99.403	91.5493
7300.000000	98.776	101.8186
7400.000000	98.124	113.3436
7500.000000	97.485	125.8914
7620.000000	96.765	142.0116
7750.000000	96.064	160.4822
7880.000000	95.451	179.7600
8000.000000	94.986	-161.7264
8120.000000	94.674	-142.5020
8250.000000	94.591	-121.2021
8380.000000	94.812	-100.3247
8500.000000	95.205	-82.2433
8620.000000	95.659	-65.4412
8750.000000	96.149	-48.3246
8850.000000	96.515	-35.7006
9000.000000	97.059	-17.5475
9120.000000	97.488	-3.7595
9250.000000	97.924	10.3303
9380.000000	98.295	23.5189
9500.000000	98.560	34.9675
9620.000000	98.736	45.7527
9750.000000	98.784	56.7816
9880.000000	98.645	67.4866
10000.000000	98.353	77.4622
10150.000000	97.799	90.4973
10300.000000	97.096	104.4686
10440.000000	96.370	118.4781
10600.000000	95.519	135.5823
10750.000000	94.748	152.5278
10900.000000	94.032	170.1746
11060.000000	93.347	-170.4312
11200.000000	92.823	-153.1191
11380.000000	92.258	-130.5785
11500.000000	91.954	-115.4611
11720.000000	91.548	-87.7240
11800.000000	91.450	-77.6709
12060.000000	91.317	-45.3054
12200.000000	91.371	-28.1825
12410.000000	91.625	-3.0728
12500.000000	91.803	7.4082
12650.000000	92.199	24.3605
12800.000000	92.720	40.4840
13150.000000	94.380	73.2511
13200.000000	94.652	77.1733
13400.000000	95.713	90.4417
13600.000000	96.487	99.7427
13800.000000	96.649	106.2083
14000.000000	96.106	112.3315
14300.000000	94.473	125.8035
14500.000000	93.188	138.6725
14750.000000	91.603	158.1865
15000.000000	90.231	179.9026
15250.000000	89.133	-157.4626
15500.000000	88.300	-134.7769
15750.000000	87.682	-112.6724
16000.000000	87.309	-91.8335
16250.000000	87.303	-72.9861
16500.000000	88.174	-58.0205
16750.000000	89.813	-50.4854
17000.000000	91.031	-51.0601
17250.000000	90.863	-56.7119
17500.000000	89.045	-61.2620
17750.000000	86.202	-60.4731
18000.000000	83.179	-54.5205
18250.000000	80.484	-45.5917
18500.000000	78.217	-35.7333
18750.000000	76.328	-26.4218
19000.000000	74.720	-18.7544
19250.000000	73.287	-13.2019
19500.000000	71.887	-9.4757
19750.000000	70.430	-7.2877
20000.000000	69.328	0.9919
