* Measurement data measured by REW V5.31
* Source: Input device not selected, no input selected, L, volume: no control. Timing signal peak level -36.2 dBFS, measurement signal peak level -36.0 dBFS
* Format: 1M Log Swept Sine, 1 sweep at 0.0 dBFS using an acoustic timing reference
* Dated: 07-May-2024 05:05:02
* REW Settings:
*  C-weighting compensation: Off
*  Target level: 75.0 dB
* Note: ; Delay -0.0862 ms (-30 mm, -1.16 in) using estimated IR delay relative to Acoustic reference played from  L with no timing offset
* Measurement: IE600Kinera L3.5
* Smoothing: 1/24 octave
* Frequency Step: 1/96 octave
* Start Frequency: 20.000 Hz
*
* Freq(Hz)	SPL(dB)	Phase(degrees)
20.000000	110.291	-130.2571
20.144928	110.383	-130.5498
20.290907	110.480	-130.9725
20.437943	110.576	-131.5261
20.586044	110.664	-132.2039
20.735220	110.739	-132.9895
20.885475	110.798	-133.8517
21.036821	110.838	-134.7600
21.189262	110.859	-135.6791
21.342808	110.862	-136.5710
21.497467	110.849	-137.4107
21.653246	110.827	-138.1747
21.810154	110.799	-138.8515
21.968201	110.771	-139.4447
22.127390	110.748	-139.9655
22.287735	110.734	-140.4367
22.449242	110.729	-140.8880
22.611917	110.734	-141.3436
22.775772	110.744	-141.8278
22.940815	110.757	-142.3517
23.107054	110.769	-142.9147
23.274498	110.775	-143.5076
23.443153	110.774	-144.1083
23.613033	110.765	-144.6928
23.784142	110.750	-145.2382
23.956491	110.733	-145.7259
24.130091	110.717	-146.1519
24.304947	110.709	-146.5234
24.481071	110.712	-146.8615
24.658470	110.727	-147.1990
24.837156	110.754	-147.5672
25.017136	110.789	-147.9981
25.198421	110.827	-148.5072
25.381020	110.861	-149.0966
25.564941	110.885	-149.7510
25.750195	110.896	-150.4380
25.936790	110.891	-151.1202
26.124741	110.871	-151.7528
26.314051	110.840	-152.3022
26.504732	110.806	-152.7441
26.696796	110.775	-153.0763
26.890253	110.755	-153.3171
27.085112	110.751	-153.5027
27.281382	110.765	-153.6824
27.479073	110.794	-153.9032
27.678198	110.834	-154.2043
27.878765	110.878	-154.6047
28.080786	110.918	-155.1050
28.284271	110.947	-155.6841
28.489231	110.963	-156.3114
28.695675	110.963	-156.9461
28.903616	110.950	-157.5536
29.113064	110.926	-158.1037
29.324028	110.897	-158.5811
29.536524	110.867	-158.9822
29.750557	110.841	-159.3172
29.966141	110.822	-159.6038
30.183289	110.813	-159.8662
30.402010	110.812	-160.1274
30.622314	110.818	-160.4084
30.844217	110.831	-160.7251
31.067726	110.846	-161.0872
31.292856	110.862	-161.4985
31.519617	110.875	-161.9563
31.748020	110.885	-162.4522
31.978081	110.888	-162.9727
32.209808	110.885	-163.5028
32.443211	110.876	-164.0270
32.678310	110.861	-164.5342
32.915108	110.842	-165.0181
33.153625	110.820	-165.4774
33.393871	110.796	-165.9117
33.635857	110.769	-166.3168
33.879597	110.737	-166.6798
34.125103	110.701	-166.9793
34.372387	110.664	-167.1900
34.621464	110.632	-167.2931
34.872345	110.613	-167.2935
35.125042	110.616	-167.2287
35.379574	110.648	-167.1737
35.635948	110.708	-167.2213
35.894180	110.786	-167.4543
36.154285	110.868	-167.9222
36.416275	110.934	-168.6157
36.680161	110.969	-169.4728
36.945961	110.964	-170.3923
37.213688	110.921	-171.2554
37.483353	110.849	-171.9674
37.754974	110.764	-172.4779
38.028561	110.684	-172.7951
38.304131	110.622	-172.9852
38.581699	110.580	-173.1368
38.861279	110.554	-173.3256
39.142883	110.533	-173.5887
39.426529	110.507	-173.9138
39.712231	110.474	-174.2601
40.000000	110.434	-174.5873
40.289856	110.393	-174.8765
40.581814	110.358	-175.1413
40.875885	110.331	-175.4161
41.172089	110.309	-175.7309
41.470440	110.287	-176.0938
41.770950	110.260	-176.4870
42.073643	110.227	-176.8772
42.378525	110.192	-177.2383
42.685616	110.159	-177.5671
42.994934	110.132	-177.8829
43.306492	110.111	-178.2125
43.620308	110.093	-178.5725
43.936401	110.073	-178.9575
44.254780	110.048	-179.3433
44.575470	110.020	-179.7056
44.898483	109.993	179.9638
45.223835	109.970	179.6526
45.551544	109.950	179.3389
45.881630	109.932	179.0069
46.214108	109.910	178.6601
46.548996	109.883	178.3194
46.886307	109.850	178.0100
47.226067	109.818	177.7442
47.568283	109.788	177.5137
47.912983	109.763	177.2971
48.260181	109.742	177.0742
48.609894	109.722	176.8371
48.962143	109.702	176.5901
49.316940	109.680	176.3409
49.674313	109.658	176.0916
50.034271	109.637	175.8373
50.396843	109.616	175.5721
50.762039	109.592	175.2961
51.129883	109.566	175.0171
51.500389	109.538	174.7448
51.873581	109.508	174.4819
52.249481	109.479	174.2226
52.628101	109.451	173.9573
53.009464	109.421	173.6830
53.393593	109.389	173.4070
53.780506	109.355	173.1424
54.170223	109.319	172.8977
54.562763	109.285	172.6694
54.958145	109.252	172.4446
55.356396	109.220	172.2110
55.757530	109.188	171.9652
56.161572	109.154	171.7127
56.568542	109.120	171.4608
56.978462	109.086	171.2112
57.391350	109.052	170.9610
57.807232	109.020	170.7082
58.226128	108.987	170.4561
58.648056	108.955	170.2110
59.073048	108.924	169.9763
59.501114	108.895	169.7502
59.932281	108.867	169.5297
60.366577	108.838	169.3170
60.804020	108.809	169.1204
61.244629	108.779	168.9481
61.688435	108.749	168.8009
62.135452	108.721	168.6695
62.585712	108.693	168.5391
63.039234	108.664	168.3974
63.496040	108.632	168.2407
63.956161	108.596	168.0734
64.419617	108.555	167.9019
64.886421	108.511	167.7289
65.356621	108.465	167.5516
65.830215	108.421	167.3637
66.307251	108.377	167.1597
66.787743	108.337	166.9360
67.271713	108.298	166.6938
67.759193	108.262	166.4426
68.250206	108.228	166.1995
68.744774	108.198	165.9792
69.242928	108.172	165.7870
69.744690	108.150	165.6213
70.250084	108.130	165.4836
70.759148	108.110	165.3780
71.271896	108.089	165.2975
71.788361	108.065	165.2214
72.308571	108.033	165.1332
72.832550	107.989	165.0385
73.360321	107.933	164.9572
73.891922	107.871	164.8935
74.427376	107.810	164.8192
74.966705	107.752	164.6909
75.509949	107.699	164.4843
76.057121	107.649	164.2139
76.608261	107.605	163.9166
77.163399	107.572	163.6216
77.722557	107.551	163.3457
78.285767	107.540	163.1115
78.853058	107.535	162.9514
79.424461	107.532	162.8889
80.000000	107.528	162.9303
80.579712	107.515	163.0648
81.163628	107.489	163.2576
81.751770	107.444	163.4635
82.344177	107.373	163.6617
82.940880	107.282	163.8225
83.541901	107.183	163.8362
84.147285	107.080	163.5877
84.757050	106.974	163.0917
85.371231	106.898	162.3777
85.989868	106.889	161.3325
86.612984	106.956	159.9046
87.240616	107.120	158.2111
87.872803	107.413	156.0060
88.509560	107.745	152.6272
89.150940	107.869	148.2572
89.796967	107.606	144.6900
90.447670	107.058	144.4230
91.103088	106.612	148.1226
91.763260	106.531	152.9183
92.428215	106.666	156.1525
93.097992	106.793	158.0729
93.772614	106.863	159.5275
94.452133	106.880	160.6512
95.136566	106.834	161.4295
95.825966	106.741	161.9306
96.520363	106.624	162.1357
97.219788	106.496	162.0557
97.924286	106.377	161.7961
98.633881	106.287	161.4285
99.348625	106.230	161.0084
100.068542	106.200	160.6426
100.793686	106.194	160.4201
101.524078	106.200	160.3618
102.259766	106.208	160.4455
103.000778	106.207	160.6218
103.747162	106.190	160.8271
104.498962	106.155	161.0007
105.256203	106.104	161.0923
106.018929	106.043	161.0714
106.787186	105.978	160.9323
107.561012	105.915	160.7126
108.340446	105.858	160.5007
109.125526	105.818	160.3696
109.916290	105.801	160.3004
110.712791	105.797	160.2375
111.515060	105.790	160.1862
112.323143	105.772	160.1807
113.137085	105.741	160.2189
113.956924	105.700	160.2739
114.782700	105.652	160.3134
115.614464	105.601	160.3076
116.452255	105.551	160.2546
117.296112	105.504	160.1812
118.146095	105.464	160.1140
119.002228	105.430	160.0642
119.864563	105.401	160.0380
120.733154	105.373	160.0400
121.608040	105.343	160.0648
122.489258	105.308	160.1019
123.376869	105.270	160.1462
124.270905	105.229	160.1898
125.171425	105.190	160.2150
126.078468	105.151	160.2164
126.992081	105.111	160.2131
127.912323	105.073	160.2290
128.839233	105.038	160.2614
129.772842	105.006	160.2914
130.713242	104.972	160.3088
131.660431	104.935	160.3225
132.614502	104.895	160.3503
133.575485	104.856	160.3968
134.543427	104.819	160.4463
135.518387	104.785	160.4810
136.500412	104.750	160.4997
137.489548	104.712	160.5173
138.485855	104.673	160.5524
139.489380	104.633	160.6149
140.500168	104.595	160.6956
141.518295	104.559	160.7747
142.543793	104.525	160.8427
143.576721	104.492	160.8986
144.617142	104.457	160.9395
145.665100	104.419	160.9663
146.720642	104.378	160.9906
147.783844	104.335	161.0282
148.854752	104.292	161.0880
149.933411	104.251	161.1666
151.019897	104.212	161.2542
152.114243	104.176	161.3456
153.216522	104.142	161.4407
154.326797	104.109	161.5364
155.445114	104.079	161.6317
156.571533	104.050	161.7257
157.706116	104.023	161.8145
158.848923	103.997	161.8975
160.000000	103.972	161.9777
161.159424	103.946	162.0580
162.327255	103.921	162.1344
163.503540	103.895	162.2045
164.688354	103.866	162.2789
165.881760	103.834	162.3734
167.083801	103.800	162.4937
168.294571	103.762	162.6342
169.514099	103.722	162.7834
170.742462	103.676	162.9301
171.979736	103.624	163.0712
173.225967	103.571	163.2078
174.481232	103.521	163.3335
175.745605	103.476	163.4445
177.019119	103.438	163.5562
178.301880	103.407	163.6778
179.593933	103.384	163.7952
180.895340	103.365	163.8966
182.206177	103.346	163.9891
183.526520	103.324	164.0825
184.856430	103.301	164.1844
186.195984	103.278	164.2980
187.545227	103.257	164.4153
188.904266	103.237	164.5291
190.273132	103.218	164.6362
191.651932	103.197	164.7381
193.040726	103.173	164.8423
194.439575	103.145	164.9546
195.848572	103.116	165.0728
197.267761	103.086	165.1938
198.697250	103.056	165.3174
200.137085	103.026	165.4455
201.587372	102.995	165.5818
203.048157	102.965	165.7266
204.519531	102.935	165.8751
206.001556	102.904	166.0237
207.494324	102.873	166.1703
208.997925	102.843	166.3185
210.512405	102.814	166.4681
212.037857	102.785	166.6161
213.574371	102.755	166.7638
215.122025	102.724	166.9131
216.680893	102.693	167.0658
218.251053	102.663	167.2176
219.832581	102.633	167.3660
221.425583	102.604	167.5191
223.030121	102.575	167.6845
224.646286	102.545	167.8622
226.274170	102.515	168.0479
227.913849	102.486	168.2332
229.565399	102.457	168.4076
231.228928	102.429	168.5684
232.904510	102.401	168.7266
234.592224	102.374	168.8961
236.292191	102.347	169.0771
238.004456	102.320	169.2633
239.729126	102.294	169.4547
241.466309	102.267	169.6515
243.216080	102.240	169.8495
244.978516	102.215	170.0457
246.753738	102.190	170.2374
248.541809	102.165	170.4252
250.342850	102.139	170.6145
252.156937	102.112	170.8068
253.984161	102.085	171.0029
255.824646	102.058	171.2037
257.678467	102.032	171.4106
259.545685	102.007	171.6287
261.426483	101.983	171.8550
263.320862	101.960	172.0852
265.229004	101.939	172.3105
267.150970	101.919	172.5252
269.086853	101.897	172.7358
271.036774	101.875	172.9520
273.000824	101.851	173.1780
274.979095	101.828	173.4135
276.971710	101.805	173.6628
278.978760	101.784	173.9211
281.000336	101.764	174.1738
283.036591	101.745	174.4200
285.087585	101.726	174.6676
287.153442	101.711	174.9122
289.234283	101.697	175.1570
291.330200	101.685	175.4052
293.441284	101.674	175.6513
295.567688	101.664	175.8851
297.709503	101.652	176.1083
299.866821	101.640	176.3297
302.039795	101.627	176.5484
304.228485	101.614	176.7636
306.433044	101.602	176.9707
308.653595	101.590	177.1654
310.890228	101.576	177.3560
313.143066	101.560	177.5536
315.412231	101.543	177.7611
317.697845	101.525	177.9802
320.000000	101.506	178.2169
322.318848	101.488	178.4599
324.654510	101.471	178.6905
327.007080	101.454	178.9113
329.376709	101.437	179.1514
331.763519	101.419	179.4287
334.167603	101.402	179.7339
336.589142	101.388	-179.9497
339.028198	101.376	-179.6352
341.484924	101.366	-179.3320
343.959473	101.359	-179.0437
346.451935	101.356	-178.7777
348.962463	101.357	-178.5336
351.491211	101.359	-178.3001
354.038239	101.359	-178.0651
356.603760	101.354	-177.8376
359.187866	101.348	-177.6192
361.790680	101.340	-177.4179
364.412354	101.333	-177.2339
367.053040	101.328	-177.0702
369.712860	101.323	-176.9168
372.391968	101.315	-176.7489
375.090454	101.305	-176.5720
377.808533	101.291	-176.3970
380.546265	101.276	-176.2193
383.303864	101.262	-176.0335
386.081451	101.248	-175.8312
388.879150	101.232	-175.6064
391.697144	101.216	-175.3736
394.535522	101.199	-175.1465
397.394501	101.181	-174.9188
400.274170	101.165	-174.6807
403.174744	101.149	-174.4297
406.096313	101.133	-174.1667
409.039062	101.118	-173.8954
412.003113	101.102	-173.6261
414.988647	101.086	-173.3643
417.995850	101.069	-173.1035
421.024811	101.054	-172.8372
424.075714	101.040	-172.5677
427.148743	101.027	-172.2975
430.244049	101.016	-172.0285
433.361786	101.006	-171.7586
436.502106	100.995	-171.4793
439.665161	100.984	-171.1867
442.851166	100.973	-170.8861
446.060242	100.962	-170.5863
449.292572	100.951	-170.2904
452.548340	100.942	-169.9983
455.827698	100.932	-169.7078
459.130798	100.922	-169.4123
462.457855	100.913	-169.1098
465.809021	100.904	-168.8034
469.184448	100.896	-168.4919
472.584381	100.890	-168.1784
476.008911	100.883	-167.8692
479.458252	100.877	-167.5679
482.932617	100.870	-167.2696
486.432159	100.864	-166.9712
489.957031	100.857	-166.6741
493.507477	100.849	-166.3754
497.083618	100.842	-166.0720
500.685699	100.835	-165.7633
504.313873	100.828	-165.4485
507.968323	100.821	-165.1288
511.649292	100.813	-164.8083
515.356934	100.805	-164.4910
519.091370	100.797	-164.1728
522.852966	100.790	-163.8479
526.641724	100.784	-163.5198
530.458008	100.779	-163.1907
534.301941	100.775	-162.8542
538.173706	100.771	-162.5061
542.073547	100.767	-162.1545
546.001648	100.763	-161.8092
549.958191	100.759	-161.4716
553.943420	100.756	-161.1378
557.957520	100.752	-160.7995
562.000671	100.749	-160.4495
566.073181	100.747	-160.0901
570.175171	100.744	-159.7253
574.306885	100.742	-159.3567
578.468567	100.740	-158.9841
582.660400	100.738	-158.6091
586.882568	100.737	-158.2394
591.135376	100.736	-157.8760
595.419006	100.735	-157.5134
599.733643	100.733	-157.1467
604.079590	100.731	-156.7744
608.456970	100.730	-156.3977
612.866089	100.730	-156.0167
617.307190	100.731	-155.6302
621.780457	100.733	-155.2369
626.286133	100.735	-154.8376
630.824463	100.736	-154.4393
635.395691	100.738	-154.0433
640.000000	100.740	-153.6425
644.637695	100.743	-153.2318
649.309021	100.746	-152.8153
654.014160	100.751	-152.4007
658.753418	100.755	-151.9880
663.527039	100.761	-151.5746
668.335205	100.767	-151.1611
673.178284	100.773	-150.7460
678.056396	100.780	-150.3237
682.969849	100.786	-149.8889
687.918945	100.792	-149.4430
692.903870	100.799	-148.9928
697.924927	100.807	-148.5419
702.982422	100.815	-148.0932
708.076477	100.825	-147.6510
713.207520	100.835	-147.2114
718.375732	100.844	-146.7644
723.581360	100.855	-146.3040
728.824707	100.868	-145.8328
734.106079	100.881	-145.3607
739.425720	100.895	-144.8908
744.783936	100.910	-144.4213
750.180908	100.925	-143.9500
755.617065	100.941	-143.4739
761.092529	100.957	-142.9891
766.607727	100.974	-142.4947
772.162903	100.991	-141.9981
777.758301	101.008	-141.5049
783.394287	101.027	-141.0098
789.071045	101.047	-140.5081
794.789001	101.068	-140.0004
800.548340	101.091	-139.4929
806.349487	101.114	-138.9858
812.192627	101.137	-138.4757
818.078125	101.161	-137.9614
824.006226	101.187	-137.4429
829.977295	101.214	-136.9184
835.991699	101.243	-136.3928
842.049622	101.273	-135.8733
848.151428	101.303	-135.3563
854.297485	101.335	-134.8316
860.488098	101.368	-134.2962
866.723572	101.402	-133.7565
873.004211	101.438	-133.2199
879.330322	101.473	-132.6917
885.702332	101.509	-132.1692
892.120483	101.547	-131.6416
898.585144	101.587	-131.1055
905.096680	101.630	-130.5671
911.655396	101.674	-130.0343
918.261597	101.719	-129.5079
924.915710	101.766	-128.9828
931.618042	101.814	-128.4580
938.368896	101.862	-127.9368
945.168762	101.906	-127.4219
952.017822	101.946	-126.9150
958.916504	101.980	-126.4159
965.865234	102.015	-125.9202
972.864319	102.056	-125.4291
979.914062	102.107	-124.9477
987.014954	102.168	-124.4787
994.167236	102.237	-124.0216
1001.371399	102.309	-123.5725
1008.627747	102.384	-123.1314
1015.936646	102.459	-122.7032
1023.298584	102.534	-122.2924
1030.713867	102.607	-121.8983
1038.182739	102.678	-121.5155
1045.705933	102.746	-121.1418
1053.283447	102.812	-120.7801
1060.916016	102.877	-120.4348
1068.603882	102.941	-120.1090
1076.347412	103.005	-119.8034
1084.147095	103.068	-119.5167
1092.003296	103.129	-119.2480
1099.916382	103.188	-118.9978
1107.886841	103.243	-118.7638
1115.915039	103.295	-118.5408
1124.001343	103.344	-118.3275
1132.146362	103.389	-118.1177
1140.350342	103.430	-117.8996
1148.613770	103.467	-117.6631
1156.937134	103.500	-117.4017
1165.320801	103.532	-117.1147
1173.765137	103.565	-116.8088
1182.270752	103.599	-116.4856
1190.838013	103.635	-116.1411
1199.467285	103.673	-115.7771
1208.159180	103.714	-115.4005
1216.913940	103.758	-115.0197
1225.732178	103.806	-114.6451
1234.614380	103.858	-114.2860
1243.560913	103.914	-113.9437
1252.572266	103.972	-113.6141
1261.648926	104.030	-113.2936
1270.791382	104.089	-112.9805
1280.000000	104.147	-112.6752
1289.275391	104.207	-112.3816
1298.618042	104.269	-112.1008
1308.028320	104.332	-111.8304
1317.506836	104.395	-111.5690
1327.054077	104.457	-111.3169
1336.670410	104.517	-111.0686
1346.356567	104.577	-110.8196
1356.112793	104.636	-110.5711
1365.939697	104.695	-110.3239
1375.837891	104.754	-110.0775
1385.807739	104.814	-109.8301
1395.849854	104.873	-109.5841
1405.964844	104.931	-109.3423
1416.152954	104.989	-109.1012
1426.415039	105.047	-108.8563
1436.751465	105.105	-108.6103
1447.162720	105.165	-108.3667
1457.649414	105.224	-108.1227
1468.212158	105.284	-107.8777
1478.851440	105.344	-107.6370
1489.567871	105.404	-107.3992
1500.361816	105.463	-107.1574
1511.234131	105.521	-106.9092
1522.185059	105.579	-106.6565
1533.215454	105.636	-106.4048
1544.325806	105.695	-106.1578
1555.516602	105.755	-105.9133
1566.788574	105.817	-105.6712
1578.142090	105.880	-105.4330
1589.578003	105.943	-105.1960
1601.096680	106.005	-104.9564
1612.698975	106.067	-104.7128
1624.385254	106.129	-104.4679
1636.156250	106.191	-104.2284
1648.012451	106.254	-103.9964
1659.954590	106.318	-103.7676
1671.983398	106.383	-103.5395
1684.099243	106.449	-103.3123
1696.302856	106.516	-103.0900
1708.594971	106.583	-102.8739
1720.976196	106.651	-102.6618
1733.447144	106.719	-102.4527
1746.008423	106.787	-102.2482
1758.660645	106.856	-102.0500
1771.404663	106.925	-101.8573
1784.240967	106.995	-101.6693
1797.170288	107.067	-101.4872
1810.193359	107.141	-101.3127
1823.310791	107.215	-101.1482
1836.523193	107.290	-100.9943
1849.831421	107.364	-100.8484
1863.236084	107.437	-100.7086
1876.737793	107.511	-100.5773
1890.337524	107.584	-100.4561
1904.035645	107.659	-100.3434
1917.833008	107.733	-100.2392
1931.730469	107.808	-100.1466
1945.728638	107.883	-100.0679
1959.828125	107.958	-100.0034
1974.029907	108.033	-99.9509
1988.334473	108.107	-99.9085
2002.742798	108.181	-99.8760
2017.255493	108.254	-99.8572
2031.873291	108.326	-99.8538
2046.597168	108.398	-99.8648
2061.427734	108.469	-99.8886
2076.365479	108.539	-99.9252
2091.411865	108.608	-99.9765
2106.566895	108.676	-100.0424
2121.832031	108.744	-100.1212
2137.207764	108.810	-100.2140
2152.694824	108.875	-100.3253
2168.294189	108.938	-100.4553
2184.006592	108.999	-100.5974
2199.832764	109.057	-100.7479
2215.773682	109.113	-100.9099
2231.830078	109.166	-101.0890
2248.002686	109.217	-101.2830
2264.292725	109.267	-101.4869
2280.700684	109.313	-101.7000
2297.227539	109.357	-101.9235
2313.874268	109.398	-102.1595
2330.641602	109.436	-102.4093
2347.530273	109.471	-102.6689
2364.541504	109.504	-102.9365
2381.676025	109.533	-103.2173
2398.934570	109.558	-103.5042
2416.318359	109.577	-103.7868
2433.827881	109.591	-104.0670
2451.464355	109.600	-104.3535
2469.228760	109.606	-104.6451
2487.121826	109.608	-104.9365
2505.144531	109.606	-105.2284
2523.297852	109.599	-105.5179
2541.582764	109.588	-105.8017
2560.000000	109.572	-106.0787
2578.550781	109.552	-106.3476
2597.236084	109.527	-106.6061
2616.056641	109.499	-106.8541
2635.013672	109.466	-107.0918
2654.108154	109.430	-107.3158
2673.340820	109.389	-107.5223
2692.713135	109.344	-107.7098
2712.225586	109.295	-107.8803
2731.879395	109.241	-108.0342
2751.675781	109.184	-108.1688
2771.615479	109.124	-108.2807
2791.699707	109.059	-108.3686
2811.929688	108.992	-108.4336
2832.305908	108.922	-108.4758
2852.830078	108.848	-108.4938
2873.502930	108.773	-108.4863
2894.325439	108.694	-108.4527
2915.298828	108.613	-108.3907
2936.424316	108.530	-108.3003
2957.702881	108.446	-108.1849
2979.135742	108.362	-108.0496
3000.723633	108.275	-107.8870
3022.468262	108.185	-107.6866
3044.370117	108.092	-107.4529
3066.430908	107.998	-107.1947
3088.651611	107.903	-106.9091
3111.033203	107.810	-106.5928
3133.577148	107.718	-106.2451
3156.284180	107.629	-105.8667
3179.156006	107.542	-105.4575
3202.193359	107.458	-105.0164
3225.397949	107.376	-104.5434
3248.770508	107.296	-104.0424
3272.312500	107.219	-103.5158
3296.024902	107.144	-102.9633
3319.909180	107.070	-102.3835
3343.966797	106.994	-101.7742
3368.198486	106.918	-101.1345
3392.605713	106.840	-100.4688
3417.189941	106.759	-99.7791
3441.952393	106.674	-99.0533
3466.894287	106.583	-98.2874
3492.016846	106.492	-97.4924
3517.321289	106.402	-96.6710
3542.809326	106.315	-95.8185
3568.481934	106.233	-94.9362
3594.340576	106.155	-94.0301
3620.386719	106.083	-93.1086
3646.621582	106.019	-92.1801
3673.046387	105.962	-91.2520
3699.662842	105.912	-90.3238
3726.472168	105.867	-89.3946
3753.475586	105.827	-88.4660
3780.675049	105.793	-87.5361
3808.071289	105.761	-86.5998
3835.666016	105.731	-85.6530
3863.460938	105.701	-84.6916
3891.457275	105.670	-83.7133
3919.656250	105.639	-82.7156
3948.059814	105.609	-81.6959
3976.668945	105.577	-80.6550
4005.485596	105.539	-79.5914
4034.510986	105.494	-78.5042
4063.746582	105.443	-77.3996
4093.194336	105.388	-76.2826
4122.855469	105.331	-75.1518
4152.730957	105.273	-74.0060
4182.823730	105.216	-72.8475
4213.133789	105.160	-71.6773
4243.664062	105.108	-70.4949
4274.415527	105.059	-69.3020
4305.389648	105.015	-68.1027
4336.588379	104.974	-66.8985
4368.013184	104.936	-65.6857
4399.665527	104.904	-64.4625
4431.547363	104.879	-63.2332
4463.660156	104.860	-62.0003
4496.005371	104.848	-60.7609
4528.585449	104.840	-59.5118
4561.401367	104.835	-58.2567
4594.455078	104.833	-57.0010
4627.748535	104.836	-55.7485
4661.283203	104.844	-54.5014
4695.060547	104.859	-53.2581
4729.083008	104.878	-52.0189
4763.352051	104.902	-50.7893
4797.869141	104.929	-49.5707
4832.636719	104.960	-48.3584
4867.655762	104.996	-47.1557
4902.928711	105.037	-45.9685
4938.457520	105.085	-44.8015
4974.243652	105.136	-43.6602
5010.289062	105.190	-42.5455
5046.595703	105.244	-41.4575
5083.165527	105.298	-40.3998
5120.000000	105.351	-39.3781
5157.101562	105.399	-38.3949
5194.472168	105.442	-37.4487
5232.113281	105.477	-36.5391
5270.027344	105.504	-35.6705
5308.216309	105.523	-34.8428
5346.681641	105.531	-34.0466
5385.426270	105.526	-33.2752
5424.451172	105.504	-32.5222
5463.758789	105.464	-31.7697
5503.351562	105.404	-30.9931
5543.230957	105.323	-30.1637
5583.399414	105.223	-29.2443
5623.859375	105.105	-28.1920
5664.611816	104.968	-26.9562
5705.660156	104.815	-25.4795
5747.005859	104.651	-23.7043
5788.650879	104.485	-21.5769
5830.597656	104.330	-19.0517
5872.848633	104.201	-16.1032
5915.405762	104.116	-12.7419
5958.271484	104.092	-9.0228
6001.447266	104.142	-5.0408
6044.936523	104.274	-0.9157
6088.740234	104.494	3.2006
6132.861816	104.800	7.1586
6177.303223	105.184	10.8411
6222.066406	105.635	14.1648
6267.154297	106.138	17.0800
6312.568359	106.682	19.5636
6358.312012	107.256	21.6035
6404.386719	107.851	23.1951
6450.795898	108.460	24.3372
6497.541016	109.078	25.0261
6544.625000	109.698	25.2573
6592.049805	110.315	25.0221
6639.818359	110.921	24.3012
6687.933594	111.507	23.0776
6736.396973	112.063	21.3427
6785.211426	112.573	19.1004
6834.379883	113.023	16.3754
6883.904785	113.398	13.2201
6933.788574	113.684	9.7179
6984.033691	113.872	5.9822
7034.642578	113.956	2.1455
7085.618652	113.936	-1.6580
7136.963867	113.820	-5.3055
7188.681152	113.616	-8.6979
7240.773438	113.338	-11.7631
7293.243164	112.997	-14.4551
7346.092773	112.608	-16.7468
7399.325684	112.180	-18.6266
7452.944336	111.726	-20.1003
7506.951172	111.253	-21.1882
7561.350098	110.768	-21.9141
7616.142578	110.278	-22.3020
7671.332031	109.785	-22.3763
7726.921875	109.291	-22.1555
7782.914551	108.797	-21.6481
7839.312500	108.304	-20.8517
7896.119629	107.815	-19.7483
7953.337891	107.337	-18.3086
8010.971191	106.877	-16.5014
8069.021973	106.447	-14.3026
8127.493164	106.063	-11.7221
8186.388672	105.744	-8.8256
8245.710938	105.504	-5.7287
8305.461914	105.352	-2.5826
8365.647461	105.280	0.4536
8426.267578	105.274	3.2481
8487.328125	105.315	5.7246
8548.831055	105.383	7.8701
8610.779297	105.464	9.7187
8673.176758	105.549	11.3239
8736.026367	105.632	12.7381
8799.331055	105.710	14.0063
8863.094727	105.784	15.1612
8927.320312	105.855	16.2232
8992.010742	105.923	17.2040
9057.170898	105.989	18.1086
9122.802734	106.055	18.9357
9188.910156	106.119	19.6833
9255.497070	106.179	20.3488
9322.566406	106.234	20.9267
9390.121094	106.283	21.4155
9458.166016	106.328	21.8235
9526.704102	106.368	22.1651
9595.738281	106.409	22.4425
9665.273438	106.452	22.6313
9735.311523	106.493	22.6975
9805.857422	106.530	22.6242
9876.915039	106.558	22.4133
9948.487305	106.573	22.0748
10020.578125	106.574	21.6235
10093.191406	106.558	21.0767
10166.331055	106.522	20.4496
10240.000000	106.465	19.7578
10314.203125	106.385	19.0206
10388.944336	106.282	18.2581
10464.226562	106.154	17.4896
10540.054688	106.002	16.7358
10616.432617	105.827	16.0209
10693.363281	105.629	15.3689
10770.852539	105.411	14.7979
10848.902344	105.175	14.3219
10927.517578	104.924	13.9556
11006.703125	104.660	13.7125
11086.461914	104.386	13.6005
11166.798828	104.105	13.6190
11247.718750	103.821	13.7648
11329.223633	103.537	14.0378
11411.320312	103.254	14.4380
11494.011719	102.975	14.9608
11577.301758	102.702	15.5961
11661.195312	102.436	16.3345
11745.697266	102.181	17.1693
11830.811523	101.938	18.0960
11916.542969	101.708	19.1090
12002.894531	101.492	20.1988
12089.873047	101.291	21.3561
12177.480469	101.106	22.5721
12265.723633	100.940	23.8390
12354.606445	100.794	25.1495
12444.132812	100.670	26.4944
12534.308594	100.567	27.8653
12625.136719	100.488	29.2515
12716.624023	100.432	30.6414
12808.773438	100.402	32.0231
12901.591797	100.397	33.3876
12995.082031	100.422	34.7293
13089.250000	100.476	36.0377
13184.099609	100.563	37.2986
13279.636719	100.684	38.4963
13375.867188	100.842	39.6139
13472.793945	101.041	40.6367
13570.422852	101.288	41.5415
13668.759766	101.592	42.2960
13767.809570	101.967	42.8612
13867.577148	102.436	43.1856
13968.067383	103.027	43.2044
14069.285156	103.761	42.8387
14171.237305	104.641	41.9725
14273.927734	105.659	40.4236
14377.362305	106.800	37.9196
14481.546875	108.039	34.0955
14586.486328	109.330	28.5301
14692.185547	110.594	20.8351
14798.651367	111.712	10.7873
14905.888672	112.534	-1.5085
15013.902344	112.919	-15.4947
15122.700195	112.782	-30.1718
15232.285156	112.123	-44.3645
15342.664062	111.029	-57.1212
15453.843750	109.632	-67.9444
15565.829102	108.070	-76.7787
15678.625000	106.462	-83.8676
15792.239258	104.894	-89.5933
15906.675781	103.414	-94.3483
16021.942383	102.033	-98.4676
16138.043945	100.741	-102.1936
16254.986328	99.541	-105.6881
16372.777344	98.469	-109.0823
16491.421875	97.592	-112.5971
16610.923828	96.949	-116.5828
16731.294922	96.485	-121.2262
16852.535156	96.118	-126.3872
16974.656250	95.811	-131.9212
17097.662109	95.561	-137.8291
17221.558594	95.369	-144.2056
17346.353516	95.233	-151.1573
17472.052734	95.146	-158.7642
17598.662109	95.096	-167.0919
17726.189453	95.072	-176.2015
17854.640625	95.066	173.8547
17984.021484	95.067	163.0364
18114.341797	95.061	151.3030
18245.605469	95.030	138.6199
18377.820312	94.964	124.9935
18510.994141	94.850	110.4766
18645.132812	94.679	95.1333
18780.242188	94.454	78.9973
18916.332031	94.191	62.1006
19053.408203	93.912	44.4842
19191.476562	93.633	26.1706
19330.546875	93.348	7.1719
19470.623047	93.030	-12.5437
19611.714844	92.644	-32.9612
19753.830078	92.182	-53.6445
19896.974609	91.719	-72.5471

