* Measurement data measured by REW V5.20.13
* Source: Headset (USB-C to 3.5mm Headphone Jack Adapter), MICROPHONE (Master Volume), L, volume: 0.250. Timing signal peak level -19.6 dBFS, measurement signal peak level -16.0 dBFS
* Format: 1M Log Swept Sine, 1 sweep at -12.0 dBFS using an acoustic timing reference
* Dated: 19-Dec-2023 14:49:58
* REW Settings:
*  C-weighting compensation: Off
*  Target level: 75.0 dB
* Note: ; Delay -0.3643 ms (-125 mm, -4.92 in) using IR start time relative to Acoustic reference played from HEADPHONE R with no timing offset Clock adjustment: -66.3 ppm
* Measurement: Nord2 8kHz Right
* Smoothing: 1/12 octave
* Frequency Step: 1/48 octave
* Start Frequency: 20.000 Hz
*
* Freq(Hz)	SPL(dB)	Phase(degrees)
20.000000	91.333	-108.0677
20.299999	91.432	-109.2014
20.600000	91.533	-110.2813
20.900000	91.639	-111.3327
21.200001	91.750	-112.3872
21.400000	91.825	-113.1053
21.799999	91.974	-114.5831
22.000000	92.046	-115.3405
22.400000	92.182	-116.8737
22.700001	92.279	-118.0215
23.000000	92.372	-119.1563
23.299999	92.462	-120.2796
23.600000	92.551	-121.3973
24.000000	92.664	-122.8877
24.299999	92.745	-124.0064
24.700001	92.845	-125.4881
25.000000	92.914	-126.5793
25.400000	92.999	-127.9949
25.799999	93.080	-129.3648
26.200001	93.158	-130.7009
26.500000	93.214	-131.6886
26.900000	93.284	-132.9887
27.200001	93.334	-133.9477
27.600000	93.396	-135.1995
28.000000	93.455	-136.4224
28.500000	93.529	-137.9355
29.000000	93.599	-139.4703
29.500000	93.659	-141.0381
30.000000	93.704	-142.6022
30.400000	93.730	-143.8119
30.700001	93.746	-144.6814
31.100000	93.767	-145.7905
31.500000	93.791	-146.8598
32.000000	93.826	-148.1824
32.500000	93.862	-149.5235
33.000000	93.891	-150.8715
33.500000	93.910	-152.1739
34.000000	93.924	-153.3781
34.500000	93.944	-154.4831
35.000000	93.976	-155.5435
35.500000	94.018	-156.6351
36.000000	94.060	-157.7985
36.500000	94.092	-159.0221
37.000000	94.110	-160.2610
37.500000	94.115	-161.4730
38.200001	94.108	-163.0827
38.700001	94.098	-164.1654
39.500000	94.082	-165.8024
40.000000	94.076	-166.7850
40.599998	94.074	-167.9442
41.200001	94.078	-169.1003
41.799999	94.088	-170.2675
42.500000	94.104	-171.6493
43.099998	94.117	-172.8375
43.700001	94.129	-174.0052
44.400002	94.142	-175.3246
45.000000	94.154	-176.4257
45.500000	94.164	-177.3330
46.200001	94.173	-178.5921
46.799999	94.175	-179.6545
47.500000	94.171	179.1336
48.200001	94.162	177.9503
48.700001	94.154	177.1190
49.400002	94.141	175.9651
50.000000	94.129	174.9755
50.799999	94.110	173.6503
51.500000	94.092	172.4949
52.200001	94.074	171.3489
53.000000	94.056	170.0405
53.799999	94.041	168.7245
54.500000	94.027	167.5719
55.200001	94.010	166.4301
56.000000	93.989	165.1521
57.000000	93.961	163.5977
58.000000	93.935	162.0566
59.000000	93.906	160.4876
60.000000	93.866	158.8989
60.799999	93.827	157.6486
61.500000	93.789	156.5845
62.200001	93.752	155.5453
63.000000	93.710	154.3749
64.000000	93.662	152.9101
65.000000	93.612	151.4258
66.000000	93.557	149.9343
67.000000	93.494	148.4552
68.000000	93.425	147.0094
69.000000	93.352	145.6107
70.000000	93.277	144.2456
71.000000	93.200	142.8934
72.000000	93.118	141.5496
73.000000	93.032	140.2251
74.000000	92.942	138.9269
75.000000	92.852	137.6487
76.199997	92.746	136.1365
77.500000	92.634	134.5233
78.800003	92.521	132.9301
80.000000	92.408	131.5116
81.199997	92.285	130.1916
82.500000	92.151	128.8669
83.800003	92.024	127.5547
85.000000	91.908	126.2937
86.199997	91.788	125.0147
87.500000	91.654	123.6627
88.500000	91.552	122.6776
90.000000	91.402	121.2651
91.199997	91.275	120.1547
92.500000	91.125	119.0478
93.800003	90.982	118.0630
95.000000	90.873	117.1459
96.199997	90.778	116.1342
97.500000	90.676	114.9597
98.800003	90.564	113.7926
100.000000	90.447	112.7942
101.500000	90.284	111.6799
103.000000	90.110	110.6417
104.400002	89.941	109.6716
106.000000	89.748	108.5711
107.500000	89.579	107.5829
109.000000	89.430	106.6400
110.599998	89.287	105.6643
112.000000	89.165	104.8180
113.800003	89.001	103.7327
115.000000	88.887	103.0195
117.199997	88.681	101.7440
118.000000	88.609	101.2913
120.599998	88.388	99.8542
122.000000	88.270	99.1118
124.099998	88.084	98.1188
125.000000	88.003	97.7420
126.500000	87.871	97.1486
128.000000	87.743	96.5590
131.500000	87.467	95.0577
132.000000	87.431	94.8277
134.000000	87.299	93.9001
136.000000	87.175	93.0090
138.000000	87.048	92.2005
140.000000	86.913	91.4688
143.000000	86.704	90.4187
145.000000	86.571	89.7164
147.500000	86.417	88.8670
150.000000	86.273	88.0886
152.500000	86.141	87.3566
155.000000	86.025	86.6200
157.500000	85.921	85.8497
160.000000	85.821	85.0655
162.500000	85.723	84.2773
165.000000	85.624	83.4651
167.500000	85.516	82.6229
170.000000	85.400	81.8073
172.500000	85.287	81.0650
175.000000	85.187	80.3760
177.500000	85.106	79.6706
180.000000	85.040	78.9059
182.500000	84.988	78.0970
185.000000	84.949	77.2685
187.500000	84.918	76.4261
190.000000	84.891	75.5715
192.500000	84.864	74.7070
195.000000	84.836	73.8350
197.500000	84.805	72.9546
200.000000	84.773	72.0541
203.000000	84.739	70.9252
206.000000	84.715	69.7559
209.000000	84.700	68.5895
212.000000	84.687	67.4402
214.000000	84.676	66.6728
218.000000	84.651	65.1115
220.000000	84.639	64.3129
224.000000	84.619	62.6517
227.000000	84.611	61.3411
230.000000	84.609	59.9892
233.000000	84.608	58.6163
236.000000	84.604	57.2332
240.000000	84.595	55.3754
243.000000	84.592	53.9731
247.000000	84.598	52.0971
250.000000	84.610	50.6674
254.000000	84.624	48.6878
258.000000	84.632	46.6729
262.000000	84.635	44.6902
265.000000	84.633	43.2012
269.000000	84.628	41.1599
272.000000	84.627	39.5889
276.000000	84.630	37.4749
280.000000	84.633	35.3491
285.000000	84.632	32.6581
290.000000	84.631	29.9251
295.000000	84.633	27.1591
300.000000	84.639	24.4060
304.000000	84.643	22.2242
307.000000	84.644	20.5861
311.000000	84.640	18.3879
315.000000	84.636	16.1692
320.000000	84.632	13.3552
325.000000	84.634	10.5029
330.000000	84.638	7.6415
335.000000	84.640	4.7637
340.000000	84.638	1.8684
345.000000	84.632	-1.0431
350.000000	84.626	-3.9811
355.000000	84.619	-6.9283
360.000000	84.612	-9.8593
365.000000	84.611	-12.7886
370.000000	84.620	-15.7433
375.000000	84.631	-18.7108
382.000000	84.640	-22.8511
387.000000	84.641	-25.8163
395.000000	84.643	-30.5868
400.000000	84.651	-33.5642
406.000000	84.663	-37.1536
412.000000	84.666	-40.7819
418.000000	84.662	-44.4578
425.000000	84.661	-48.7941
431.000000	84.664	-52.5050
437.000000	84.667	-56.2000
444.000000	84.671	-60.5442
450.000000	84.681	-64.3127
455.000000	84.696	-67.4617
462.000000	84.721	-71.8832
468.000000	84.742	-75.7062
475.000000	84.765	-80.1962
482.000000	84.784	-84.7125
487.000000	84.795	-87.9756
494.000000	84.807	-92.6023
500.000000	84.818	-96.6074
508.000000	84.829	-102.0002
515.000000	84.831	-106.7620
522.000000	84.827	-111.5476
530.000000	84.812	-117.0148
538.000000	84.789	-122.4517
545.000000	84.763	-127.1791
552.000000	84.734	-131.8842
560.000000	84.699	-137.2350
570.000000	84.653	-143.8914
580.000000	84.616	-150.5371
590.000000	84.591	-157.1970
600.000000	84.569	-163.8985
608.000000	84.549	-169.3006
615.000000	84.529	-174.0674
622.000000	84.508	-178.8788
630.000000	84.483	175.5765
640.000000	84.449	168.6227
650.000000	84.406	161.6934
660.000000	84.355	154.7977
670.000000	84.294	147.9407
680.000000	84.227	141.1248
690.000000	84.155	134.3402
700.000000	84.082	127.6187
710.000000	84.005	120.9578
720.000000	83.923	114.2868
730.000000	83.835	107.5878
740.000000	83.748	100.9003
750.000000	83.671	94.2396
762.000000	83.591	86.2751
775.000000	83.509	77.7216
788.000000	83.435	69.2490
800.000000	83.372	61.4481
812.000000	83.311	53.6548
825.000000	83.249	45.2248
838.000000	83.190	36.8049
850.000000	83.142	29.0427
862.000000	83.103	21.2803
875.000000	83.066	12.8602
885.000000	83.042	6.3794
900.000000	83.017	-3.3453
912.000000	83.007	-11.1372
925.000000	83.008	-19.6008
938.000000	83.016	-28.0953
950.000000	83.018	-35.9594
962.000000	83.013	-43.8383
975.000000	83.015	-52.4020
988.000000	83.041	-61.0161
1000.000000	83.086	-69.0079
1015.000000	83.152	-79.0463
1030.000000	83.217	-89.1541
1044.000000	83.278	-98.6425
1060.000000	83.347	-109.5414
1075.000000	83.413	-119.8176
1090.000000	83.482	-130.1512
1106.000000	83.558	-141.2311
1120.000000	83.624	-150.9785
1138.000000	83.710	-163.5942
1150.000000	83.770	-172.0575
1172.000000	83.879	172.3208
1180.000000	83.917	166.6145
1206.000000	84.041	148.0024
1220.000000	84.113	137.9318
1241.000000	84.229	122.7703
1250.000000	84.280	116.2627
1265.000000	84.366	105.4197
1280.000000	84.452	94.5864
1315.000000	84.675	69.3430
1320.000000	84.713	65.7344
1340.000000	84.881	51.2445
1360.000000	85.076	36.5942
1380.000000	85.284	21.7223
1400.000000	85.489	6.6312
1430.000000	85.774	-16.3058
1450.000000	85.948	-31.7245
1475.000000	86.152	-51.0679
1500.000000	86.344	-70.4349
1525.000000	86.525	-89.7637
1550.000000	86.694	-108.8694
1575.000000	86.828	-127.1207
1600.000000	86.893	-143.2305
1625.000000	86.957	-157.0813
1650.000000	87.225	-174.0117
1675.000000	87.645	162.0229
1700.000000	87.942	136.9115
1725.000000	88.086	114.3195
1750.000000	88.208	93.4841
1775.000000	88.375	73.3395
1800.000000	88.592	53.3363
1825.000000	88.843	33.2061
1850.000000	89.108	12.8246
1875.000000	89.365	-7.8253
1900.000000	89.599	-28.6874
1925.000000	89.805	-49.6791
1950.000000	89.988	-70.7341
1975.000000	90.156	-91.8069
2000.000000	90.315	-112.8704
2030.000000	90.503	-138.1500
2060.000000	90.692	-163.5078
2090.000000	90.885	170.9746
2120.000000	91.077	145.2627
2140.000000	91.201	128.0190
2180.000000	91.422	93.3462
2200.000000	91.516	75.9442
2240.000000	91.666	41.0715
2270.000000	91.750	14.8933
2300.000000	91.816	-11.2664
2330.000000	91.867	-37.3540
2360.000000	91.912	-63.3350
2400.000000	91.981	-97.8296
2430.000000	92.049	-123.6704
2470.000000	92.161	-158.2522
2500.000000	92.254	175.6626
2540.000000	92.382	140.7178
2580.000000	92.512	105.6089
2620.000000	92.644	70.2551
2650.000000	92.736	43.5037
2690.000000	92.827	7.4973
2720.000000	92.858	-19.6919
2760.000000	92.841	-56.0312
2800.000000	92.768	-92.3254
2850.000000	92.623	-137.4929
2900.000000	92.442	177.6465
2950.000000	92.240	133.0620
3000.000000	92.026	88.6753
3040.000000	91.852	53.2922
3070.000000	91.724	26.8364
3110.000000	91.562	-8.2769
3150.000000	91.413	-42.9922
3200.000000	91.236	-84.7048
3250.000000	91.054	-120.4580
3300.000000	90.874	-139.4080
3350.000000	90.822	-125.2517
3400.000000	91.016	-78.1069
3450.000000	91.111	-34.2051
3500.000000	90.932	-24.9390
3550.000000	90.705	-46.0928
3600.000000	90.546	-82.3425
3650.000000	90.449	-124.2263
3700.000000	90.387	-167.9387
3750.000000	90.351	147.7524
3820.000000	90.326	85.3381
3870.000000	90.317	40.5952
3950.000000	90.291	-31.1997
4000.000000	90.255	-76.1741
4060.000000	90.187	-130.2168
4120.000000	90.092	175.6704
4180.000000	89.981	121.4797
4250.000000	89.847	58.1746
4310.000000	89.736	3.8516
4370.000000	89.629	-50.5410
4440.000000	89.514	-114.0994
4500.000000	89.421	-168.6597
4550.000000	89.347	145.8198
4620.000000	89.250	82.0156
4680.000000	89.168	27.2695
4750.000000	89.065	-36.5894
4820.000000	88.965	-100.2874
4870.000000	88.917	-145.6416
4940.000000	88.913	150.9199
5000.000000	88.967	96.3628
5080.000000	89.082	23.1416
5150.000000	89.192	-41.3359
5220.000000	89.297	-106.0957
5300.000000	89.405	179.6006
5380.000000	89.499	104.9922
5450.000000	89.572	39.4751
5520.000000	89.638	-26.2310
5600.000000	89.709	-101.5249
5700.000000	89.801	164.0820
5800.000000	89.901	69.3677
5900.000000	90.008	-25.7451
6000.000000	90.101	-121.3608
6080.000000	90.148	161.7285
6150.000000	90.156	94.1328
6220.000000	90.120	26.3149
6300.000000	90.017	-51.3418
6400.000000	89.796	-148.3950
6500.000000	89.492	114.8320
6600.000000	89.142	18.5039
6700.000000	88.784	-77.3574
6800.000000	88.455	-172.8398
6900.000000	88.174	91.9282
7000.000000	87.946	-3.1821
7100.000000	87.777	-98.2886
7200.000000	87.669	166.5244
7300.000000	87.621	71.2026
7400.000000	87.638	-24.2769
7500.000000	87.732	-119.9365
7620.000000	87.984	124.9043
7750.000000	88.479	-0.7842
7880.000000	89.191	-128.4341
8000.000000	89.907	110.9478
8120.000000	90.464	-12.8213
8250.000000	90.665	-149.6455
8380.000000	90.350	72.7661
8500.000000	89.651	-53.1162
8620.000000	88.684	-177.1084
8750.000000	87.490	50.6660
8850.000000	86.550	-49.8721
9000.000000	85.192	160.6377
9120.000000	84.184	41.7876
9250.000000	83.177	-86.5176
9380.000000	82.251	145.4707
9500.000000	81.459	27.4707
9620.000000	80.724	-90.4307
9750.000000	79.987	141.8965
9880.000000	79.311	14.2207
10000.000000	78.742	-103.6895
10150.000000	78.104	108.7998
10300.000000	77.541	-38.8623
10440.000000	77.079	-176.7500
10600.000000	76.621	25.9756
10750.000000	76.254	-119.8496
10900.000000	75.938	99.5449
11060.000000	75.650	-35.7256
11200.000000	75.456	-131.0078
11380.000000	75.312	146.8594
11500.000000	75.265	113.2773
11720.000000	75.225	75.4922
11800.000000	75.221	65.5527
12060.000000	75.239	38.8955
12200.000000	75.267	26.6543
12410.000000	75.328	10.3477
12500.000000	75.359	4.0791
12650.000000	75.418	-5.4160
12800.000000	75.488	-13.7002
13150.000000	75.723	-28.2207
13200.000000	75.770	-29.7402
13400.000000	76.008	-34.4424
13600.000000	76.378	-37.0234
13800.000000	76.962	-37.6689
14000.000000	77.835	-36.6504
14300.000000	79.721	-32.5859
14500.000000	81.323	-28.7754
14750.000000	83.575	-24.5283
15000.000000	85.719	-24.0684
15250.000000	87.135	-30.2070
15500.000000	87.268	-40.1543
15750.000000	85.961	-44.9150
16000.000000	83.529	-38.0977
16250.000000	80.486	-20.2891
16500.000000	77.368	5.0908
16750.000000	74.723	35.1807
17000.000000	72.954	68.0742
17250.000000	72.103	102.2949
17500.000000	71.935	136.3467
17750.000000	72.124	168.6191
18000.000000	72.309	-162.1445
18250.000000	72.135	-135.8008
18500.000000	71.348	-110.1113
18750.000000	69.867	-81.8906
19000.000000	67.776	-49.3691
19250.000000	65.238	-13.3994
19500.000000	62.439	22.6963
19750.000000	59.632	53.4004
