* Measurement data measured by REW V5.20.13
* Source: Headset (USB-C to 3.5mm Headphone Jack Adapter), MICROPHONE (Master Volume), L, volume: 0.250. Timing signal peak level -17.7 dBFS, measurement signal peak level -16.9 dBFS
* Format: 1M Log Swept Sine, 1 sweep at -12.0 dBFS using an acoustic timing reference
* Dated: 19-Dec-2023 14:43:02
* REW Settings:
*  C-weighting compensation: Off
*  Target level: 75.0 dB
* Note: ; Delay -0.0328 ms (-11 mm, -0.44 in) using estimated IR delay relative to Acoustic reference played from HEADPHONE R with no timing offset Clock adjustment: 63.9 ppm
* Measurement: Nord2 Deep Right
* Smoothing: 1/12 octave
* Frequency Step: 1/48 octave
* Start Frequency: 20.000 Hz
*
* Freq(Hz)	SPL(dB)	Phase(degrees)
20.000000	91.398	-103.4948
20.299999	91.521	-104.5762
20.600000	91.640	-105.6516
20.900000	91.756	-106.7227
21.200001	91.869	-107.7897
21.400000	91.941	-108.4973
21.799999	92.080	-109.9004
22.000000	92.146	-110.5942
22.400000	92.275	-111.9644
22.700001	92.368	-112.9781
23.000000	92.458	-113.9820
23.299999	92.545	-114.9779
23.600000	92.628	-115.9659
24.000000	92.735	-117.2692
24.299999	92.811	-118.2346
24.700001	92.907	-119.5059
25.000000	92.977	-120.4496
25.400000	93.065	-121.6984
25.799999	93.146	-122.9355
26.200001	93.221	-124.1525
26.500000	93.273	-125.0452
26.900000	93.339	-126.2043
27.200001	93.386	-127.0534
27.600000	93.449	-128.1697
28.000000	93.510	-129.2836
28.500000	93.580	-130.6822
29.000000	93.640	-132.0691
29.500000	93.689	-133.4115
30.000000	93.732	-134.6911
30.400000	93.766	-135.6735
30.700001	93.791	-136.3919
31.100000	93.824	-137.3307
31.500000	93.856	-138.2516
32.000000	93.897	-139.3839
32.500000	93.938	-140.5083
33.000000	93.976	-141.6375
33.500000	94.008	-142.7695
34.000000	94.033	-143.8857
34.500000	94.049	-144.9647
35.000000	94.059	-145.9950
35.500000	94.063	-146.9703
36.000000	94.064	-147.8813
36.500000	94.065	-148.7179
37.000000	94.070	-149.4842
37.500000	94.085	-150.2079
38.200001	94.123	-151.2351
38.700001	94.157	-152.0264
39.500000	94.208	-153.4001
40.000000	94.231	-154.2909
40.599998	94.250	-155.3527
41.200001	94.263	-156.3842
41.799999	94.272	-157.3789
42.500000	94.280	-158.4923
43.099998	94.286	-159.4097
43.700001	94.291	-160.2998
44.400002	94.295	-161.3113
45.000000	94.298	-162.1597
45.500000	94.299	-162.8578
46.200001	94.298	-163.8284
46.799999	94.295	-164.6558
47.500000	94.288	-165.6109
48.200001	94.279	-166.5498
48.700001	94.272	-167.2088
49.400002	94.263	-168.1119
50.000000	94.257	-168.8678
50.799999	94.252	-169.8593
51.500000	94.249	-170.7235
52.200001	94.245	-171.5869
53.000000	94.239	-172.5659
53.799999	94.228	-173.5293
54.500000	94.215	-174.3583
55.200001	94.197	-175.1734
56.000000	94.170	-176.0820
57.000000	94.131	-177.1813
58.000000	94.093	-178.2751
59.000000	94.056	-179.4014
60.000000	94.015	179.4455
60.799999	93.979	178.5262
61.500000	93.947	177.7332
62.200001	93.916	176.9512
63.000000	93.878	176.0734
64.000000	93.828	175.0105
65.000000	93.776	173.9803
66.000000	93.721	172.9703
67.000000	93.662	171.9821
68.000000	93.600	171.0084
69.000000	93.537	170.0361
70.000000	93.468	169.0706
71.000000	93.395	168.1324
72.000000	93.317	167.2388
73.000000	93.236	166.3920
74.000000	93.152	165.5817
75.000000	93.067	164.7944
76.199997	92.962	163.8698
77.500000	92.846	162.8859
78.800003	92.730	161.9108
80.000000	92.623	161.0312
81.199997	92.514	160.1887
82.500000	92.395	159.3177
83.800003	92.270	158.4986
85.000000	92.147	157.8066
86.199997	92.021	157.1744
87.500000	91.885	156.5360
88.500000	91.781	156.0608
90.000000	91.628	155.3629
91.199997	91.505	154.8301
92.500000	91.376	154.2832
93.800003	91.249	153.7628
95.000000	91.133	153.2983
96.199997	91.015	152.8512
97.500000	90.883	152.4056
98.800003	90.749	152.0078
100.000000	90.623	151.6750
101.500000	90.465	151.2983
103.000000	90.308	150.9553
104.400002	90.163	150.6567
106.000000	90.000	150.3482
107.500000	89.851	150.1004
109.000000	89.707	149.8906
110.599998	89.557	149.6930
112.000000	89.427	149.5334
113.800003	89.258	149.3559
115.000000	89.147	149.2654
117.199997	88.949	149.1545
118.000000	88.879	149.1294
120.599998	88.651	149.1027
122.000000	88.529	149.1216
124.099998	88.348	149.1770
125.000000	88.272	149.2067
126.500000	88.147	149.2663
128.000000	88.027	149.3426
131.500000	87.754	149.6122
132.000000	87.716	149.6637
134.000000	87.566	149.8885
136.000000	87.421	150.1137
138.000000	87.277	150.3403
140.000000	87.134	150.6014
143.000000	86.923	151.0829
145.000000	86.780	151.4814
147.500000	86.600	152.0750
150.000000	86.426	152.7650
152.500000	86.267	153.5864
155.000000	86.141	154.5547
157.500000	86.069	155.5356
160.000000	86.036	156.3391
162.500000	86.009	156.9200
165.000000	85.962	157.3720
167.500000	85.891	157.8000
170.000000	85.800	158.2687
172.500000	85.700	158.8066
175.000000	85.601	159.3988
177.500000	85.519	159.9958
180.000000	85.459	160.5511
182.500000	85.422	161.0445
185.000000	85.399	161.4818
187.500000	85.380	161.8973
190.000000	85.361	162.3342
192.500000	85.340	162.8011
195.000000	85.311	163.2899
197.500000	85.275	163.8015
200.000000	85.238	164.3206
203.000000	85.199	164.9196
206.000000	85.165	165.4824
209.000000	85.138	166.0189
212.000000	85.115	166.5390
214.000000	85.102	166.8731
218.000000	85.079	167.5023
220.000000	85.070	167.8084
224.000000	85.060	168.4133
227.000000	85.057	168.8380
230.000000	85.057	169.2280
233.000000	85.058	169.5988
236.000000	85.056	169.9658
240.000000	85.050	170.4408
243.000000	85.044	170.7809
247.000000	85.042	171.2134
250.000000	85.045	171.5135
254.000000	85.048	171.8804
258.000000	85.048	172.2296
262.000000	85.045	172.5703
265.000000	85.044	172.8162
269.000000	85.043	173.1406
272.000000	85.042	173.3989
276.000000	85.039	173.7757
280.000000	85.035	174.1833
285.000000	85.038	174.7159
290.000000	85.059	175.2097
295.000000	85.095	175.5848
300.000000	85.131	175.8323
304.000000	85.153	175.9665
307.000000	85.165	176.0572
311.000000	85.177	176.1900
315.000000	85.184	176.3311
320.000000	85.186	176.5012
325.000000	85.183	176.6776
330.000000	85.178	176.8768
335.000000	85.175	177.0795
340.000000	85.175	177.2552
345.000000	85.176	177.4151
350.000000	85.176	177.6075
355.000000	85.177	177.8430
360.000000	85.180	178.0809
365.000000	85.184	178.2858
370.000000	85.186	178.4684
375.000000	85.185	178.6567
382.000000	85.176	178.9273
387.000000	85.172	179.1014
395.000000	85.180	179.3590
400.000000	85.190	179.5297
406.000000	85.200	179.7301
412.000000	85.205	179.9177
418.000000	85.213	-179.8813
425.000000	85.230	-179.6430
431.000000	85.246	-179.4716
437.000000	85.259	-179.3181
444.000000	85.270	-179.1435
450.000000	85.276	-179.0106
455.000000	85.278	-178.9021
462.000000	85.281	-178.7387
468.000000	85.289	-178.6014
475.000000	85.307	-178.4808
482.000000	85.330	-178.4179
487.000000	85.345	-178.3878
494.000000	85.360	-178.3403
500.000000	85.371	-178.3054
508.000000	85.387	-178.2958
515.000000	85.397	-178.3277
522.000000	85.401	-178.3943
530.000000	85.397	-178.4766
538.000000	85.383	-178.5267
545.000000	85.362	-178.5603
552.000000	85.337	-178.5995
560.000000	85.306	-178.6281
570.000000	85.265	-178.5863
580.000000	85.227	-178.4748
590.000000	85.198	-178.3552
600.000000	85.170	-178.2382
608.000000	85.143	-178.1396
615.000000	85.114	-178.0562
622.000000	85.083	-177.9857
630.000000	85.046	-177.9261
640.000000	85.000	-177.8629
650.000000	84.960	-177.7638
660.000000	84.917	-177.6317
670.000000	84.862	-177.5061
680.000000	84.794	-177.3970
690.000000	84.718	-177.2672
700.000000	84.642	-177.0663
710.000000	84.573	-176.7933
720.000000	84.507	-176.4511
730.000000	84.434	-176.0381
740.000000	84.356	-175.5636
750.000000	84.279	-175.0353
762.000000	84.188	-174.3484
775.000000	84.092	-173.5736
788.000000	84.012	-172.7872
800.000000	83.951	-172.0233
812.000000	83.894	-171.1758
825.000000	83.836	-170.1813
838.000000	83.786	-169.1720
850.000000	83.746	-168.2377
862.000000	83.712	-167.2818
875.000000	83.681	-166.2124
885.000000	83.661	-165.3678
900.000000	83.639	-164.0922
912.000000	83.631	-163.0848
925.000000	83.629	-161.9936
938.000000	83.630	-160.9006
950.000000	83.630	-159.9040
962.000000	83.631	-158.9124
975.000000	83.644	-157.8401
988.000000	83.678	-156.7961
1000.000000	83.730	-155.8731
1015.000000	83.809	-154.7624
1030.000000	83.888	-153.6801
1044.000000	83.959	-152.7020
1060.000000	84.035	-151.6211
1075.000000	84.107	-150.6288
1090.000000	84.184	-149.6619
1106.000000	84.272	-148.6857
1120.000000	84.352	-147.8815
1138.000000	84.456	-146.9023
1150.000000	84.526	-146.2834
1172.000000	84.657	-145.2106
1180.000000	84.704	-144.8342
1206.000000	84.864	-143.6529
1220.000000	84.953	-143.0541
1241.000000	85.089	-142.2225
1250.000000	85.148	-141.8842
1265.000000	85.247	-141.3304
1280.000000	85.349	-140.7870
1315.000000	85.599	-139.5878
1320.000000	85.635	-139.4243
1340.000000	85.782	-138.7900
1360.000000	85.929	-138.1841
1380.000000	86.077	-137.6012
1400.000000	86.228	-137.0469
1430.000000	86.463	-136.2806
1450.000000	86.619	-135.8103
1475.000000	86.811	-135.2651
1500.000000	87.005	-134.7486
1525.000000	87.201	-134.2564
1550.000000	87.400	-133.8272
1575.000000	87.601	-133.4634
1600.000000	87.800	-133.1609
1625.000000	87.995	-132.9110
1650.000000	88.187	-132.6730
1675.000000	88.386	-132.4268
1700.000000	88.595	-132.1956
1725.000000	88.815	-132.0013
1750.000000	89.041	-131.8686
1775.000000	89.269	-131.8438
1800.000000	89.495	-131.9521
1825.000000	89.715	-132.1649
1850.000000	89.926	-132.4417
1875.000000	90.127	-132.7725
1900.000000	90.322	-133.1565
1925.000000	90.512	-133.5841
1950.000000	90.699	-134.0388
1975.000000	90.880	-134.5131
2000.000000	91.054	-135.0086
2030.000000	91.254	-135.5827
2060.000000	91.440	-135.8591
2090.000000	91.594	-134.8386
2120.000000	91.679	-129.4938
2140.000000	91.680	-120.1879
2180.000000	91.673	-72.6208
2200.000000	91.826	-29.2409
2240.000000	92.474	80.4459
2270.000000	92.803	148.6567
2300.000000	92.886	-172.5386
2330.000000	92.891	-155.9442
2360.000000	92.908	-150.5016
2400.000000	92.954	-149.6246
2430.000000	92.989	-150.4506
2470.000000	93.016	-152.0175
2500.000000	93.013	-153.2507
2540.000000	92.977	-154.8463
2580.000000	92.904	-156.3111
2620.000000	92.797	-157.5321
2650.000000	92.705	-158.2213
2690.000000	92.586	-158.7967
2720.000000	92.519	-158.9952
2760.000000	92.480	-159.1218
2800.000000	92.505	-159.4042
2850.000000	92.573	-160.3122
2900.000000	92.603	-161.7602
2950.000000	92.554	-163.3830
3000.000000	92.435	-164.8568
3040.000000	92.309	-165.8217
3070.000000	92.205	-166.4155
3110.000000	92.060	-167.0500
3150.000000	91.917	-167.5229
3200.000000	91.753	-167.9202
3250.000000	91.606	-168.1316
3300.000000	91.475	-168.1942
3350.000000	91.352	-168.1310
3400.000000	91.233	-167.9341
3450.000000	91.114	-167.5250
3500.000000	90.995	-166.5422
3550.000000	90.864	-163.7288
3600.000000	90.700	-155.5243
3650.000000	90.498	-134.1972
3700.000000	90.371	-88.9407
3750.000000	90.493	-15.9199
3820.000000	90.744	97.4520
3870.000000	90.711	151.2017
3950.000000	90.519	-173.8736
4000.000000	90.412	-167.6028
4060.000000	90.291	-164.9360
4120.000000	90.168	-163.8335
4180.000000	90.045	-163.0688
4250.000000	89.911	-162.2119
4310.000000	89.814	-161.4456
4370.000000	89.737	-160.6503
4440.000000	89.676	-159.7277
4500.000000	89.649	-158.9868
4550.000000	89.640	-158.4255
4620.000000	89.644	-157.7441
4680.000000	89.651	-157.2518
4750.000000	89.651	-156.7148
4820.000000	89.641	-156.0469
4870.000000	89.645	-155.3961
4940.000000	89.704	-154.3108
5000.000000	89.817	-153.4478
5080.000000	90.028	-152.7031
5150.000000	90.228	-152.4912
5220.000000	90.415	-152.6358
5300.000000	90.596	-153.1690
5380.000000	90.736	-154.0344
5450.000000	90.819	-155.0013
5520.000000	90.866	-156.0898
5600.000000	90.884	-157.3787
5700.000000	90.865	-158.9093
5800.000000	90.819	-160.2806
5900.000000	90.761	-161.5781
6000.000000	90.690	-162.9626
6080.000000	90.611	-164.2242
6150.000000	90.510	-165.4504
6220.000000	90.370	-166.7456
6300.000000	90.152	-168.2036
6400.000000	89.789	-169.7672
6500.000000	89.345	-170.7893
6600.000000	88.855	-171.1251
6700.000000	88.355	-170.7764
6800.000000	87.876	-169.8413
6900.000000	87.438	-168.4512
7000.000000	87.050	-166.7172
7100.000000	86.709	-164.7150
7200.000000	86.408	-162.4760
7300.000000	86.143	-159.9514
7400.000000	85.917	-156.9081
7500.000000	85.742	-152.5953
7620.000000	85.648	-142.4474
7750.000000	85.817	-112.2579
7880.000000	86.500	-28.5659
8000.000000	87.699	126.8809
8120.000000	89.123	-37.3763
8250.000000	90.523	118.4839
8380.000000	91.678	-174.8516
8500.000000	92.320	-157.8024
8620.000000	92.380	-148.4835
8750.000000	91.771	-111.6342
8850.000000	90.954	-39.1854
9000.000000	89.595	153.2518
9120.000000	88.492	-40.8068
9250.000000	87.171	78.1079
9380.000000	85.825	134.9980
9500.000000	84.679	162.3240
9620.000000	83.660	-167.8157
9750.000000	82.691	-101.6064
9880.000000	81.876	37.0918
10000.000000	81.317	-117.8242
10150.000000	80.785	172.7827
10300.000000	80.122	22.2473
10440.000000	79.424	119.7107
10600.000000	78.725	163.0278
10750.000000	78.198	177.0132
10900.000000	77.761	-177.1504
11060.000000	77.368	-173.4688
11200.000000	77.080	-170.8564
11380.000000	76.788	-167.8171
11500.000000	76.636	-165.9570
11720.000000	76.433	-162.9653
11800.000000	76.380	-162.0269
12060.000000	76.256	-159.5400
12200.000000	76.209	-158.5334
12410.000000	76.150	-157.3823
12500.000000	76.126	-156.9985
12650.000000	76.085	-156.4775
12800.000000	76.047	-156.0732
13150.000000	75.984	-155.3711
13200.000000	75.980	-155.2820
13400.000000	75.998	-154.9312
13600.000000	76.100	-154.6033
13800.000000	76.352	-154.3887
14000.000000	76.810	-154.4526
14300.000000	77.879	-155.3406
14500.000000	78.803	-156.5312
14750.000000	80.223	-159.0525
15000.000000	81.976	-163.8503
15250.000000	83.907	-173.1860
15500.000000	85.585	169.9365
15750.000000	86.455	144.3508
16000.000000	86.105	114.4790
16250.000000	84.509	88.2627
16500.000000	82.036	69.8303
16750.000000	79.246	57.9534
17000.000000	76.710	49.6233
17250.000000	74.833	42.2961
17500.000000	73.730	34.1199
17750.000000	73.282	23.5356
18000.000000	73.248	9.0151
18250.000000	73.319	-10.7222
18500.000000	73.160	-35.9277
18750.000000	72.502	-65.0535
19000.000000	71.215	-95.1606
19250.000000	69.325	-123.4177
19500.000000	66.972	-147.8303
19750.000000	64.429	-166.5273
