* Measurement data measured by REW V5.31
* Source: Input device not selected, no input selected, L, volume: 0.000. Timing signal peak level -37.2 dBFS, measurement signal peak level -34.9 dBFS
* Format: 1M Log Swept Sine, 1 sweep at -12.0 dBFS using an acoustic timing reference
* Dated: 09-Apr-2024 23:25:49
* REW Settings:
*  C-weighting compensation: Off
*  Target level: 75.0 dB
* Note: ; Delay -0.1094 ms (-38 mm, -1.48 in) using estimated IR delay relative to Acoustic reference played from  R with no timing offset Clock adjustment: -4.0 ppm
* Measurement: R3 Tennmak
* Smoothing: 1/24 octave
* Frequency Step: 1/48 octave
* Start Frequency: 20.000 Hz
*
* Freq(Hz)	SPL(dB)	Phase(degrees)
20.000000	104.437	-98.6150
20.299999	104.548	-99.6241
20.600000	104.657	-100.6247
20.900000	104.764	-101.6222
21.200001	104.866	-102.6169
21.400000	104.931	-103.2757
21.799999	105.053	-104.5720
22.000000	105.111	-105.2045
22.400000	105.222	-106.4307
22.700001	105.302	-107.3167
23.000000	105.382	-108.1786
23.299999	105.461	-109.0231
23.600000	105.539	-109.8571
24.000000	105.642	-110.9613
24.299999	105.717	-111.7868
24.700001	105.813	-112.8835
25.000000	105.881	-113.6991
25.400000	105.966	-114.7677
25.799999	106.044	-115.8018
26.200001	106.119	-116.7922
26.500000	106.175	-117.5079
26.900000	106.250	-118.4388
27.200001	106.308	-119.1319
27.600000	106.385	-120.0640
28.000000	106.458	-121.0086
28.500000	106.540	-122.1856
29.000000	106.613	-123.3210
29.500000	106.682	-124.3983
30.000000	106.752	-125.4389
30.400000	106.809	-126.2656
30.700001	106.850	-126.8864
31.100000	106.901	-127.7105
31.500000	106.949	-128.5216
32.000000	107.007	-129.5120
32.500000	107.064	-130.4869
33.000000	107.118	-131.4584
33.500000	107.167	-132.4191
34.000000	107.212	-133.3503
34.500000	107.255	-134.2464
35.000000	107.298	-135.1227
35.500000	107.340	-135.9946
36.000000	107.379	-136.8584
36.500000	107.413	-137.6987
37.000000	107.446	-138.5104
37.500000	107.479	-139.3033
38.200001	107.524	-140.3938
38.700001	107.554	-141.1492
39.500000	107.602	-142.3154
40.000000	107.633	-143.0459
40.599998	107.666	-143.9458
41.200001	107.690	-144.8455
41.799999	107.708	-145.7032
42.500000	107.728	-146.6421
43.099998	107.748	-147.4253
43.700001	107.768	-148.2110
44.400002	107.789	-149.1256
45.000000	107.803	-149.8864
45.500000	107.813	-150.4921
46.200001	107.831	-151.3060
46.799999	107.850	-152.0108
47.500000	107.871	-152.8781
48.200001	107.880	-153.7432
48.700001	107.882	-154.3107
49.400002	107.890	-155.0382
50.000000	107.905	-155.6649
50.799999	107.920	-156.5611
51.500000	107.922	-157.3337
52.200001	107.919	-158.0395
53.000000	107.924	-158.8161
53.799999	107.932	-159.6134
54.500000	107.936	-160.3071
55.200001	107.937	-160.9798
56.000000	107.938	-161.7341
57.000000	107.938	-162.6718
58.000000	107.932	-163.6101
59.000000	107.918	-164.5183
60.000000	107.901	-165.3588
60.799999	107.888	-166.0024
61.500000	107.878	-166.5591
62.200001	107.868	-167.1051
63.000000	107.858	-167.7101
64.000000	107.846	-168.4473
65.000000	107.834	-169.1766
66.000000	107.821	-169.8989
67.000000	107.804	-170.6066
68.000000	107.787	-171.3075
69.000000	107.768	-172.0227
70.000000	107.747	-172.7273
71.000000	107.727	-173.4058
72.000000	107.707	-174.0676
73.000000	107.687	-174.6978
74.000000	107.665	-175.2930
75.000000	107.642	-175.8498
76.199997	107.616	-176.4738
77.500000	107.595	-177.1744
78.800003	107.570	-177.9443
80.000000	107.540	-178.6461
81.199997	107.512	-179.3035
82.500000	107.485	-179.9970
83.800003	107.455	179.3112
85.000000	107.423	178.6721
86.199997	107.389	178.0060
87.500000	107.351	177.2345
88.500000	107.317	176.5652
90.000000	107.232	175.7250
91.199997	107.193	175.3885
92.500000	107.184	174.9037
93.800003	107.163	174.3631
95.000000	107.133	173.8829
96.199997	107.093	173.4157
97.500000	107.046	172.9143
98.800003	106.999	172.3935
100.000000	106.958	171.8891
101.500000	106.907	171.2839
103.000000	106.859	170.7194
104.400002	106.812	170.2138
106.000000	106.756	169.6632
107.500000	106.703	169.1481
109.000000	106.650	168.6277
110.599998	106.595	168.0837
112.000000	106.548	167.6235
113.800003	106.487	167.0614
115.000000	106.446	166.7027
117.199997	106.371	166.0635
118.000000	106.344	165.8324
120.599998	106.257	165.0998
122.000000	106.211	164.7193
124.099998	106.142	164.1617
125.000000	106.112	163.9277
126.500000	106.061	163.5477
128.000000	106.012	163.1837
131.500000	105.898	162.3489
132.000000	105.881	162.2327
134.000000	105.813	161.7817
136.000000	105.743	161.3359
138.000000	105.672	160.8946
140.000000	105.599	160.4589
143.000000	105.487	159.8433
145.000000	105.411	159.4709
147.500000	105.318	159.0157
150.000000	105.223	158.5719
152.500000	105.134	158.1717
155.000000	105.052	157.7963
157.500000	104.980	157.4167
160.000000	104.911	157.0623
162.500000	104.841	156.7707
165.000000	104.765	156.5267
167.500000	104.678	156.2891
170.000000	104.584	156.0264
172.500000	104.479	155.7524
175.000000	104.372	155.4916
177.500000	104.273	155.2159
180.000000	104.188	154.9295
182.500000	104.119	154.6601
185.000000	104.058	154.4314
187.500000	103.997	154.2306
190.000000	103.936	154.0361
192.500000	103.873	153.8475
195.000000	103.807	153.6751
197.500000	103.732	153.4998
200.000000	103.650	153.3175
203.000000	103.547	153.1356
206.000000	103.441	153.0425
209.000000	103.335	153.0758
212.000000	103.239	153.2252
214.000000	103.187	153.3867
218.000000	103.125	153.7551
220.000000	103.115	153.8743
224.000000	103.117	153.7936
227.000000	103.109	153.4492
230.000000	103.077	152.9760
233.000000	103.019	152.5004
236.000000	102.945	152.0841
240.000000	102.832	151.6479
243.000000	102.744	151.3950
247.000000	102.626	151.1295
250.000000	102.539	150.9840
254.000000	102.425	150.8444
258.000000	102.313	150.7521
262.000000	102.206	150.7054
265.000000	102.131	150.6985
269.000000	102.041	150.7078
272.000000	101.977	150.6955
276.000000	101.895	150.6245
280.000000	101.809	150.5103
285.000000	101.695	150.3806
290.000000	101.578	150.2941
295.000000	101.462	150.2477
300.000000	101.345	150.2429
304.000000	101.254	150.2586
307.000000	101.187	150.2775
311.000000	101.097	150.3183
315.000000	101.008	150.3810
320.000000	100.898	150.4869
325.000000	100.794	150.6124
330.000000	100.697	150.7324
335.000000	100.602	150.8517
340.000000	100.507	150.9654
345.000000	100.411	151.0731
350.000000	100.315	151.1860
355.000000	100.219	151.3134
360.000000	100.123	151.4556
365.000000	100.027	151.6203
370.000000	99.933	151.7908
375.000000	99.839	151.9758
382.000000	99.710	152.2586
387.000000	99.620	152.4699
395.000000	99.480	152.8552
400.000000	99.397	153.1272
406.000000	99.304	153.4542
412.000000	99.215	153.7571
418.000000	99.127	154.0446
425.000000	99.025	154.3768
431.000000	98.936	154.6659
437.000000	98.848	154.9547
444.000000	98.747	155.3136
450.000000	98.663	155.6313
455.000000	98.593	155.9007
462.000000	98.496	156.2931
468.000000	98.414	156.6350
475.000000	98.322	157.0444
482.000000	98.230	157.4573
487.000000	98.165	157.7530
494.000000	98.077	158.1791
500.000000	98.001	158.5594
508.000000	97.902	159.0836
515.000000	97.817	159.5441
522.000000	97.734	160.0020
530.000000	97.641	160.5427
538.000000	97.549	161.0926
545.000000	97.472	161.5757
552.000000	97.397	162.0672
560.000000	97.312	162.6378
570.000000	97.209	163.3740
580.000000	97.109	164.1275
590.000000	97.014	164.8885
600.000000	96.921	165.6552
608.000000	96.849	166.2852
615.000000	96.788	166.8330
622.000000	96.727	167.3832
630.000000	96.661	168.0279
640.000000	96.582	168.8498
650.000000	96.506	169.6685
660.000000	96.433	170.5026
670.000000	96.362	171.3537
680.000000	96.296	172.1962
690.000000	96.233	173.0412
700.000000	96.174	173.8962
710.000000	96.117	174.7776
720.000000	96.061	175.6821
730.000000	96.010	176.5873
740.000000	95.963	177.4885
750.000000	95.920	178.3953
762.000000	95.872	179.4826
775.000000	95.825	-179.3216
788.000000	95.782	-178.1160
800.000000	95.748	-177.0002
812.000000	95.724	-175.8865
825.000000	95.705	-174.6769
838.000000	95.693	-173.4789
850.000000	95.688	-172.4207
862.000000	95.686	-171.4435
875.000000	95.667	-170.4600
885.000000	95.638	-169.5721
900.000000	95.646	-167.9363
912.000000	95.704	-166.8706
925.000000	95.784	-166.1159
938.000000	95.836	-165.9643
950.000000	95.743	-166.3998
962.000000	95.430	-166.1289
975.000000	95.097	-163.7027
988.000000	95.027	-160.6095
1000.000000	95.105	-158.2359
1015.000000	95.294	-155.5445
1030.000000	95.592	-153.5870
1044.000000	95.833	-152.9033
1060.000000	95.979	-152.4251
1075.000000	96.059	-151.7634
1090.000000	96.130	-150.9610
1106.000000	96.209	-150.0471
1120.000000	96.280	-149.2473
1138.000000	96.376	-148.2659
1150.000000	96.443	-147.6385
1172.000000	96.567	-146.5450
1180.000000	96.613	-146.1734
1206.000000	96.772	-145.1130
1220.000000	96.864	-144.6403
1241.000000	97.013	-144.1183
1250.000000	97.080	-143.9938
1265.000000	97.191	-143.9669
1280.000000	97.293	-144.2430
1315.000000	97.325	-146.4155
1320.000000	97.277	-146.8411
1340.000000	96.889	-148.0508
1360.000000	96.298	-146.8329
1380.000000	95.878	-142.7509
1400.000000	95.842	-138.0714
1430.000000	96.181	-133.1277
1450.000000	96.447	-131.0325
1475.000000	96.747	-129.0722
1500.000000	97.014	-127.4712
1525.000000	97.257	-126.0513
1550.000000	97.484	-124.7535
1575.000000	97.700	-123.5233
1600.000000	97.912	-122.3626
1625.000000	98.120	-121.2565
1650.000000	98.328	-120.2042
1675.000000	98.535	-119.2006
1700.000000	98.743	-118.2364
1725.000000	98.950	-117.3222
1750.000000	99.156	-116.4621
1775.000000	99.363	-115.6514
1800.000000	99.571	-114.8964
1825.000000	99.779	-114.1896
1850.000000	99.987	-113.5185
1875.000000	100.194	-112.8884
1900.000000	100.402	-112.3095
1925.000000	100.610	-111.7721
1950.000000	100.817	-111.2745
1975.000000	101.023	-110.8279
2000.000000	101.227	-110.4359
2030.000000	101.469	-110.0313
2060.000000	101.708	-109.6982
2090.000000	101.944	-109.4260
2120.000000	102.177	-109.2057
2140.000000	102.331	-109.0875
2180.000000	102.634	-108.9303
2200.000000	102.784	-108.8949
2240.000000	103.080	-108.9029
2270.000000	103.298	-108.9860
2300.000000	103.511	-109.1433
2330.000000	103.718	-109.3732
2360.000000	103.918	-109.6719
2400.000000	104.172	-110.1740
2430.000000	104.352	-110.6224
2470.000000	104.576	-111.3120
2500.000000	104.731	-111.8897
2540.000000	104.920	-112.7344
2580.000000	105.086	-113.6530
2620.000000	105.230	-114.6243
2650.000000	105.321	-115.3835
2690.000000	105.422	-116.4168
2720.000000	105.481	-117.1966
2760.000000	105.539	-118.2334
2800.000000	105.572	-119.2543
2850.000000	105.580	-120.4812
2900.000000	105.556	-121.6229
2950.000000	105.502	-122.6562
3000.000000	105.421	-123.5634
3040.000000	105.340	-124.1961
3070.000000	105.270	-124.6098
3110.000000	105.167	-125.0676
3150.000000	105.058	-125.4161
3200.000000	104.920	-125.6852
3250.000000	104.782	-125.7581
3300.000000	104.650	-125.6340
3350.000000	104.516	-125.3441
3400.000000	104.370	-124.9130
3450.000000	104.211	-124.3412
3500.000000	104.038	-123.6236
3550.000000	103.858	-122.7272
3600.000000	103.685	-121.6263
3650.000000	103.531	-120.3158
3700.000000	103.409	-118.7954
3750.000000	103.330	-117.0764
3820.000000	103.309	-114.4140
3870.000000	103.359	-112.4551
3950.000000	103.532	-109.5437
4000.000000	103.668	-107.9879
4060.000000	103.823	-106.4066
4120.000000	103.966	-105.0809
4180.000000	104.101	-103.9636
4250.000000	104.268	-102.9241
4310.000000	104.428	-102.3102
4370.000000	104.592	-101.9835
4440.000000	104.783	-101.8308
4500.000000	104.971	-101.9126
4550.000000	105.138	-102.3231
4620.000000	105.346	-103.4246
4680.000000	105.480	-104.7712
4750.000000	105.571	-106.7272
4820.000000	105.576	-108.9870
4870.000000	105.520	-110.7027
4940.000000	105.354	-113.1129
5000.000000	105.129	-115.0602
5080.000000	104.718	-117.2877
5150.000000	104.267	-118.7454
5220.000000	103.750	-119.6662
5300.000000	103.105	-120.0400
5380.000000	102.428	-119.7031
5450.000000	101.833	-118.8736
5520.000000	101.250	-117.5931
5600.000000	100.613	-115.6354
5700.000000	99.877	-112.5709
5800.000000	99.213	-108.9536
5900.000000	98.619	-104.8537
6000.000000	98.090	-100.3717
6080.000000	97.711	-96.5746
6150.000000	97.410	-93.1359
6220.000000	97.139	-89.6112
6300.000000	96.864	-85.5018
6400.000000	96.577	-80.2538
6500.000000	96.347	-74.9184
6600.000000	96.178	-69.5329
6700.000000	96.073	-64.1173
6800.000000	96.029	-58.6896
6900.000000	96.043	-53.2467
7000.000000	96.124	-47.8158
7100.000000	96.280	-42.4102
7200.000000	96.521	-37.0770
7300.000000	96.862	-31.9004
7400.000000	97.317	-26.9612
7500.000000	97.902	-22.3970
7620.000000	98.805	-17.7375
7750.000000	100.069	-14.3799
7880.000000	101.638	-14.0522
8000.000000	103.240	-18.0573
8120.000000	104.630	-27.3444
8250.000000	105.301	-42.2801
8380.000000	104.764	-57.9861
8500.000000	103.426	-69.1961
8620.000000	101.786	-76.0891
8750.000000	100.138	-80.1491
8850.000000	99.087	-82.5439
9000.000000	97.721	-87.8033
9120.000000	96.438	-94.5999
9250.000000	94.319	-103.0578
9380.000000	91.160	-108.1412
9500.000000	87.514	-105.1930
9620.000000	83.772	-92.1312
9750.000000	80.610	-68.9125
9880.000000	78.997	-45.1335
10000.000000	78.465	-27.6197
10150.000000	78.247	-10.6100
10300.000000	78.147	3.3594
10440.000000	78.068	14.8286
10600.000000	77.987	26.8244
10750.000000	77.924	37.3329
10900.000000	77.860	47.4586
11060.000000	77.806	57.9349
11200.000000	77.790	66.8049
11380.000000	77.816	77.6825
11500.000000	77.836	84.4990
11720.000000	77.728	96.7395
11800.000000	77.671	101.7133
12060.000000	77.840	119.3818
12200.000000	78.133	128.3601
12410.000000	78.708	140.8793
12500.000000	79.001	146.0406
12650.000000	79.560	154.3920
12800.000000	80.208	162.4116
13150.000000	82.191	179.5738
13200.000000	82.541	-178.2609
13400.000000	84.126	-170.7386
13600.000000	86.066	-165.4185
13800.000000	88.588	-163.5035
14000.000000	91.544	-169.0193
14300.000000	94.290	165.0576
14500.000000	93.644	144.9583
14750.000000	90.796	130.9151
15000.000000	87.723	130.2736
15250.000000	85.442	136.3110
15500.000000	83.859	144.4720
15750.000000	82.686	153.0538
16000.000000	81.808	161.4299
16250.000000	81.230	169.1432
16500.000000	81.301	175.5962
16750.000000	82.387	179.7519
17000.000000	84.244	179.3001
17250.000000	86.372	171.2384
17500.000000	87.871	154.2466
17750.000000	87.791	131.8528
18000.000000	86.000	111.4684
18250.000000	83.263	97.6829
18500.000000	80.466	89.8043
18750.000000	78.073	84.9661
19000.000000	76.112	80.7069
19250.000000	74.456	75.4541
19500.000000	72.939	68.5945
19750.000000	71.493	60.3597
20000.000000	70.479	54.1009
