* Measurement data measured by REW V5.31
* Source: Input device not selected, no input selected, L, volume: 0.000. Timing signal peak level -37.5 dBFS, measurement signal peak level -36.0 dBFS
* Format: 1M Log Swept Sine, 1 sweep at -12.0 dBFS using an acoustic timing reference
* Dated: 09-Apr-2024 23:26:52
* REW Settings:
*  C-weighting compensation: Off
*  Target level: 75.0 dB
* Note: ; Delay -0.0705 ms (-24 mm, -0.95 in) using estimated IR delay relative to Acoustic reference played from  R with no timing offset Clock adjustment: 21.5 ppm
* Measurement: R1 Tennmak
* Smoothing: 1/24 octave
* Frequency Step: 1/48 octave
* Start Frequency: 20.000 Hz
*
* Freq(Hz)	SPL(dB)	Phase(degrees)
20.000000	102.578	-92.4558
20.299999	102.705	-93.5057
20.600000	102.824	-94.5447
20.900000	102.938	-95.5592
21.200001	103.047	-96.5421
21.400000	103.119	-97.1807
21.799999	103.260	-98.4305
22.000000	103.331	-99.0491
22.400000	103.470	-100.2870
22.700001	103.572	-101.2190
23.000000	103.669	-102.1499
23.299999	103.762	-103.0730
23.600000	103.851	-103.9826
24.000000	103.966	-105.1708
24.299999	104.049	-106.0453
24.700001	104.157	-107.1930
25.000000	104.236	-108.0419
25.400000	104.337	-109.1573
25.799999	104.433	-110.2520
26.200001	104.526	-111.3237
26.500000	104.593	-112.1114
26.900000	104.680	-113.1381
27.200001	104.744	-113.8902
27.600000	104.828	-114.8726
28.000000	104.910	-115.8408
28.500000	105.011	-117.0466
29.000000	105.104	-118.2473
29.500000	105.188	-119.4175
30.000000	105.266	-120.5352
30.400000	105.330	-121.3995
30.700001	105.377	-122.0426
31.100000	105.439	-122.9041
31.500000	105.495	-123.7676
32.000000	105.558	-124.8199
32.500000	105.615	-125.8104
33.000000	105.676	-126.7487
33.500000	105.743	-127.6854
34.000000	105.809	-128.6567
34.500000	105.866	-129.6479
35.000000	105.914	-130.6134
35.500000	105.959	-131.5288
36.000000	106.006	-132.4127
36.500000	106.054	-133.2979
37.000000	106.098	-134.1893
37.500000	106.136	-135.0612
38.200001	106.190	-136.2198
38.700001	106.234	-137.0393
39.500000	106.298	-138.4122
40.000000	106.324	-139.2651
40.599998	106.345	-140.1949
41.200001	106.373	-141.0268
41.799999	106.414	-141.8542
42.500000	106.461	-142.8779
43.099998	106.493	-143.7510
43.700001	106.523	-144.5840
44.400002	106.561	-145.5521
45.000000	106.589	-146.4052
45.500000	106.604	-147.1065
46.200001	106.620	-148.0292
46.799999	106.633	-148.7714
47.500000	106.651	-149.6178
48.200001	106.670	-150.4640
48.700001	106.683	-151.0695
49.400002	106.700	-151.9111
50.000000	106.711	-152.6162
50.799999	106.726	-153.5319
51.500000	106.739	-154.3268
52.200001	106.749	-155.1215
53.000000	106.757	-156.0176
53.799999	106.763	-156.8898
54.500000	106.765	-157.6215
55.200001	106.766	-158.3171
56.000000	106.769	-159.0966
57.000000	106.768	-160.0778
58.000000	106.760	-160.9756
59.000000	106.765	-161.8190
60.000000	106.773	-162.7236
60.799999	106.773	-163.4388
61.500000	106.773	-164.0356
62.200001	106.775	-164.6121
63.000000	106.782	-165.2567
64.000000	106.796	-166.1087
65.000000	106.796	-166.9930
66.000000	106.788	-167.8040
67.000000	106.780	-168.6034
68.000000	106.766	-169.3950
69.000000	106.751	-170.1592
70.000000	106.738	-170.9391
71.000000	106.721	-171.7068
72.000000	106.705	-172.4539
73.000000	106.688	-173.1741
74.000000	106.672	-173.8556
75.000000	106.657	-174.5287
76.199997	106.634	-175.3370
77.500000	106.605	-176.1804
78.800003	106.578	-177.0078
80.000000	106.551	-177.7677
81.199997	106.524	-178.5010
82.500000	106.493	-179.2511
83.800003	106.461	-179.9750
85.000000	106.426	179.3667
86.199997	106.387	178.6853
87.500000	106.336	177.9160
88.500000	106.291	177.3066
90.000000	106.217	176.6078
91.199997	106.201	176.1716
92.500000	106.198	175.4919
93.800003	106.182	174.8109
95.000000	106.159	174.2297
96.199997	106.131	173.6820
97.500000	106.095	173.0917
98.800003	106.053	172.5048
100.000000	106.015	171.9758
101.500000	105.969	171.2979
103.000000	105.922	170.6390
104.400002	105.878	170.0545
106.000000	105.827	169.4047
107.500000	105.779	168.8021
109.000000	105.731	168.2151
110.599998	105.680	167.6179
112.000000	105.635	167.1267
113.800003	105.576	166.5104
115.000000	105.535	166.0978
117.199997	105.458	165.3328
118.000000	105.431	165.0551
120.599998	105.348	164.2240
122.000000	105.307	163.8124
124.099998	105.244	163.1947
125.000000	105.215	162.9252
126.500000	105.163	162.4635
128.000000	105.112	162.0001
131.500000	105.001	160.9993
132.000000	104.986	160.8663
134.000000	104.920	160.3447
136.000000	104.846	159.8540
138.000000	104.773	159.4042
140.000000	104.704	158.9948
143.000000	104.608	158.4395
145.000000	104.552	158.0394
147.500000	104.489	157.4321
150.000000	104.420	156.7850
152.500000	104.335	156.2103
155.000000	104.245	155.6847
157.500000	104.166	155.1351
160.000000	104.094	154.6165
162.500000	104.021	154.1832
165.000000	103.938	153.7882
167.500000	103.839	153.3982
170.000000	103.724	153.0361
172.500000	103.596	152.7408
175.000000	103.469	152.5214
177.500000	103.358	152.4141
180.000000	103.279	152.4204
182.500000	103.242	152.4587
185.000000	103.241	152.4075
187.500000	103.257	152.1351
190.000000	103.262	151.6494
192.500000	103.240	151.0812
195.000000	103.192	150.5180
197.500000	103.124	150.0013
200.000000	103.045	149.5455
203.000000	102.944	149.0967
206.000000	102.843	148.7434
209.000000	102.746	148.4524
212.000000	102.655	148.1939
214.000000	102.596	148.0308
218.000000	102.482	147.7324
220.000000	102.428	147.5969
224.000000	102.331	147.3484
227.000000	102.266	147.1501
230.000000	102.202	146.9017
233.000000	102.136	146.6191
236.000000	102.065	146.3257
240.000000	101.966	145.9509
243.000000	101.891	145.6865
247.000000	101.790	145.3522
250.000000	101.712	145.1201
254.000000	101.608	144.8336
258.000000	101.504	144.5780
262.000000	101.401	144.3550
265.000000	101.326	144.1936
269.000000	101.226	143.9948
272.000000	101.152	143.8582
276.000000	101.054	143.6955
280.000000	100.957	143.5493
285.000000	100.838	143.3884
290.000000	100.722	143.2429
295.000000	100.608	143.1279
300.000000	100.496	143.0333
304.000000	100.408	142.9731
307.000000	100.343	142.9349
311.000000	100.257	142.8929
315.000000	100.172	142.8615
320.000000	100.071	142.8360
325.000000	99.975	142.8097
330.000000	99.880	142.7615
335.000000	99.785	142.7043
340.000000	99.687	142.6585
345.000000	99.586	142.6290
350.000000	99.484	142.6301
355.000000	99.384	142.6725
360.000000	99.285	142.7510
365.000000	99.190	142.8660
370.000000	99.101	143.0101
375.000000	99.022	143.1673
382.000000	98.927	143.3326
387.000000	98.861	143.3874
395.000000	98.747	143.4016
400.000000	98.672	143.4059
406.000000	98.578	143.4499
412.000000	98.484	143.5148
418.000000	98.390	143.6059
425.000000	98.283	143.7378
431.000000	98.192	143.8558
437.000000	98.103	143.9808
444.000000	98.000	144.1373
450.000000	97.914	144.2836
455.000000	97.843	144.4152
462.000000	97.746	144.6187
468.000000	97.663	144.7989
475.000000	97.569	145.0140
482.000000	97.476	145.2336
487.000000	97.410	145.4028
494.000000	97.320	145.6560
500.000000	97.245	145.8780
508.000000	97.149	146.1818
515.000000	97.064	146.4634
522.000000	96.981	146.7506
530.000000	96.888	147.0914
538.000000	96.796	147.4460
545.000000	96.719	147.7585
552.000000	96.643	148.0850
560.000000	96.557	148.4709
570.000000	96.456	148.9639
580.000000	96.361	149.4612
590.000000	96.271	149.9733
600.000000	96.183	150.4728
608.000000	96.116	150.8842
615.000000	96.055	151.2518
622.000000	95.996	151.6225
630.000000	95.930	152.0525
640.000000	95.850	152.6164
650.000000	95.776	153.1995
660.000000	95.704	153.8098
670.000000	95.637	154.4228
680.000000	95.575	155.0323
690.000000	95.516	155.6398
700.000000	95.459	156.2410
710.000000	95.404	156.8511
720.000000	95.351	157.4727
730.000000	95.300	158.0941
740.000000	95.253	158.7161
750.000000	95.210	159.3545
762.000000	95.161	160.1443
775.000000	95.112	161.0057
788.000000	95.072	161.8663
800.000000	95.041	162.6696
812.000000	95.016	163.4769
825.000000	94.995	164.3452
838.000000	94.982	165.2093
850.000000	94.977	165.9733
862.000000	94.975	166.6618
875.000000	94.955	167.3134
885.000000	94.923	167.9548
900.000000	94.925	169.2101
912.000000	94.981	169.9974
925.000000	95.058	170.4521
938.000000	95.108	170.2756
950.000000	95.011	169.5365
962.000000	94.695	169.4959
975.000000	94.356	171.6171
988.000000	94.282	174.4301
1000.000000	94.357	176.5252
1015.000000	94.545	178.8618
1030.000000	94.839	-179.5590
1044.000000	95.072	-179.2018
1060.000000	95.210	-179.0878
1075.000000	95.284	-178.7584
1090.000000	95.347	-178.2804
1106.000000	95.416	-177.7199
1120.000000	95.480	-177.2309
1138.000000	95.566	-176.6285
1150.000000	95.626	-176.2543
1172.000000	95.738	-175.6443
1180.000000	95.780	-175.4547
1206.000000	95.928	-174.9522
1220.000000	96.013	-174.7675
1241.000000	96.152	-174.6875
1250.000000	96.215	-174.7533
1265.000000	96.320	-175.0428
1280.000000	96.415	-175.6257
1315.000000	96.415	-178.5036
1320.000000	96.361	-179.0209
1340.000000	95.950	179.4718
1360.000000	95.348	-179.5355
1380.000000	94.933	-175.7142
1400.000000	94.906	-171.3945
1430.000000	95.238	-167.0491
1450.000000	95.494	-165.3317
1475.000000	95.784	-163.8208
1500.000000	96.042	-162.6481
1525.000000	96.274	-161.6266
1550.000000	96.491	-160.6797
1575.000000	96.703	-159.7694
1600.000000	96.920	-158.8912
1625.000000	97.144	-158.0625
1650.000000	97.377	-157.3312
1675.000000	97.613	-156.7234
1700.000000	97.846	-156.2282
1725.000000	98.074	-155.8268
1750.000000	98.294	-155.5108
1775.000000	98.507	-155.2592
1800.000000	98.715	-155.0491
1825.000000	98.920	-154.8602
1850.000000	99.121	-154.7055
1875.000000	99.319	-154.5800
1900.000000	99.513	-154.4778
1925.000000	99.703	-154.4031
1950.000000	99.888	-154.3552
1975.000000	100.070	-154.3178
2000.000000	100.249	-154.2741
2030.000000	100.461	-154.1992
2060.000000	100.675	-154.0751
2090.000000	100.898	-153.9106
2120.000000	101.139	-153.7241
2140.000000	101.315	-153.6077
2180.000000	101.707	-153.5465
2200.000000	101.918	-153.6760
2240.000000	102.342	-154.3380
2270.000000	102.640	-155.1412
2300.000000	102.911	-156.1146
2330.000000	103.156	-157.1921
2360.000000	103.378	-158.3304
2400.000000	103.643	-159.9164
2430.000000	103.820	-161.1443
2470.000000	104.028	-162.8140
2500.000000	104.163	-164.0608
2540.000000	104.320	-165.6887
2580.000000	104.455	-167.2736
2620.000000	104.573	-168.8218
2650.000000	104.652	-169.9623
2690.000000	104.747	-171.4547
2720.000000	104.810	-172.5562
2760.000000	104.887	-174.0284
2800.000000	104.952	-175.5304
2850.000000	105.009	-177.4465
2900.000000	105.032	-179.3635
2950.000000	105.023	178.7655
3000.000000	104.984	176.9734
3040.000000	104.932	175.6140
3070.000000	104.883	174.6481
3110.000000	104.805	173.4376
3150.000000	104.716	172.3246
3200.000000	104.595	171.0950
3250.000000	104.469	170.0658
3300.000000	104.342	169.2357
3350.000000	104.204	168.6036
3400.000000	104.048	168.1896
3450.000000	103.878	167.9929
3500.000000	103.700	168.0037
3550.000000	103.527	168.2155
3600.000000	103.368	168.6127
3650.000000	103.233	169.1863
3700.000000	103.133	169.9232
3750.000000	103.073	170.7964
3820.000000	103.068	172.1818
3870.000000	103.113	173.2078
3950.000000	103.250	174.7588
4000.000000	103.355	175.6293
4060.000000	103.484	176.5460
4120.000000	103.621	177.2834
4180.000000	103.770	177.8035
4250.000000	103.967	178.0928
4310.000000	104.157	178.0145
4370.000000	104.353	177.6053
4440.000000	104.581	176.8780
4500.000000	104.802	176.0254
4550.000000	104.996	174.9510
4620.000000	105.236	172.8896
4680.000000	105.394	170.7090
4750.000000	105.507	167.7898
4820.000000	105.529	164.6107
4870.000000	105.484	162.2755
4940.000000	105.335	159.0520
5000.000000	105.130	156.4526
5080.000000	104.754	153.4025
5150.000000	104.344	151.2474
5220.000000	103.877	149.6325
5300.000000	103.299	148.4629
5380.000000	102.701	147.9835
5450.000000	102.181	148.0836
5520.000000	101.679	148.6122
5600.000000	101.142	149.6732
5700.000000	100.540	151.5742
5800.000000	100.019	154.0052
5900.000000	99.577	156.8642
6000.000000	99.210	160.0586
6080.000000	98.967	162.7902
6150.000000	98.791	165.2863
6220.000000	98.652	167.8608
6300.000000	98.539	170.8650
6400.000000	98.471	174.6730
6500.000000	98.494	178.5010
6600.000000	98.612	-177.7297
6700.000000	98.835	-174.1124
6800.000000	99.170	-170.7449
6900.000000	99.631	-167.7728
7000.000000	100.228	-165.3883
7100.000000	100.974	-163.8602
7200.000000	101.875	-163.6415
7300.000000	102.910	-165.3864
7400.000000	103.985	-169.8885
7500.000000	104.899	-177.6898
7620.000000	105.398	169.2254
7750.000000	104.870	153.7492
7880.000000	103.358	141.3611
8000.000000	101.551	134.5197
8120.000000	99.762	131.5963
8250.000000	98.086	131.3463
8380.000000	96.761	132.6332
8500.000000	95.856	134.0887
8620.000000	95.235	134.7710
8750.000000	94.809	133.1914
8850.000000	94.508	129.3032
9000.000000	93.567	118.6184
9120.000000	91.897	108.1350
9250.000000	88.949	99.6500
9380.000000	85.069	98.7015
9500.000000	81.133	107.4394
9620.000000	77.524	126.5021
9750.000000	74.904	154.4767
9880.000000	73.970	-179.9090
10000.000000	73.966	-162.2476
10150.000000	74.255	-145.6290
10300.000000	74.574	-132.1959
10440.000000	74.848	-121.2792
10600.000000	75.105	-110.1051
10750.000000	75.311	-100.4951
10900.000000	75.525	-91.3200
11060.000000	75.770	-81.7543
11200.000000	76.006	-73.7307
11380.000000	76.343	-64.0543
11500.000000	76.562	-58.0978
11720.000000	76.834	-47.4059
11800.000000	76.927	-42.9221
12060.000000	77.614	-26.9023
12200.000000	78.208	-18.8331
12410.000000	79.280	-7.6573
12500.000000	79.813	-3.1772
12650.000000	80.816	3.9537
12800.000000	81.994	10.6028
13150.000000	85.715	22.4373
13200.000000	86.388	23.3297
13400.000000	89.398	22.9705
13600.000000	92.450	13.5266
13800.000000	94.497	-5.8651
14000.000000	94.582	-29.4760
14300.000000	91.814	-52.7296
14500.000000	89.648	-56.5103
14750.000000	87.621	-52.7319
15000.000000	86.624	-45.4279
15250.000000	86.496	-38.7665
15500.000000	87.108	-34.9326
15750.000000	88.343	-37.3030
16000.000000	89.610	-50.0587
16250.000000	89.566	-72.5045
16500.000000	87.428	-95.5013
16750.000000	83.975	-110.1166
17000.000000	80.493	-115.5356
17250.000000	77.598	-115.5514
17500.000000	75.282	-113.3365
17750.000000	73.395	-110.3892
18000.000000	71.829	-107.6206
18250.000000	70.525	-105.4561
18500.000000	69.486	-104.3649
18750.000000	68.625	-104.8888
19000.000000	67.829	-107.2513
19250.000000	67.081	-112.0095
19500.000000	66.308	-118.8339
19750.000000	65.463	-127.0842
20000.000000	64.839	-134.3003
