* Measurement data measured by REW V5.20.13
* Source: Headset (USB-C to 3.5mm Headphone Jack Adapter), no input selected, L, volume: no control. Timing signal peak level -30.0 dBFS, measurement signal peak level -17.1 dBFS
* Format: 1M Log Swept Sine, 1 sweep at -12.0 dBFS using an acoustic timing reference
* Dated: 27-Nov-2023 14:07:49
* REW Settings:
*  C-weighting compensation: Off
*  Target level: 75.0 dB
* Note: ; Delay -230.4018 ms (-79.028 m, -(259 ft 3 in)) using IR start time relative to Acoustic reference played from  L with no timing offset
* Measurement: Thinkplus XT88 L
* Smoothing: 1/12 octave
* Frequency Step: 1/48 octave
* Start Frequency: 20.000 Hz
*
* Freq(Hz)	SPL(dB)	Phase(degrees)
20.000000	142.416	51.3140
20.299999	142.482	70.8822
20.600000	142.548	90.4886
20.900000	142.614	110.1240
21.200001	142.682	129.7798
21.400000	142.726	142.8916
21.799999	142.811	169.1372
22.000000	142.852	-177.7268
22.400000	142.930	-151.4188
22.700001	142.984	-131.6488
23.000000	143.036	-111.8428
23.299999	143.088	-92.0044
23.600000	143.138	-72.1399
24.000000	143.204	-45.6245
24.299999	143.251	-25.7209
24.700001	143.309	0.8419
25.000000	143.349	20.7893
25.400000	143.398	47.4298
25.799999	143.446	74.1244
26.200001	143.496	100.8632
26.500000	143.535	120.9340
26.900000	143.588	147.7048
27.200001	143.627	167.7877
27.600000	143.677	-165.4214
28.000000	143.724	-138.5966
28.500000	143.779	-104.9928
29.000000	143.835	-71.3057
29.500000	143.893	-37.5569
30.000000	143.951	-3.7662
30.400000	143.994	23.2976
30.700001	144.024	43.6193
31.100000	144.062	70.7515
31.500000	144.097	97.9253
32.000000	144.138	131.9395
32.500000	144.177	165.9946
33.000000	144.212	-159.9102
33.500000	144.244	-125.7700
34.000000	144.276	-91.5872
34.500000	144.307	-57.3755
35.000000	144.337	-23.1438
35.500000	144.364	11.1184
36.000000	144.387	45.4319
36.500000	144.410	79.8098
37.000000	144.434	114.2485
37.500000	144.463	148.7324
38.200001	144.505	-162.9375
38.700001	144.535	-128.3826
39.500000	144.580	-73.0322
40.000000	144.605	-38.3987
40.599998	144.631	3.2041
41.200001	144.654	44.8555
41.799999	144.677	86.5537
42.500000	144.703	135.2532
43.099998	144.725	177.0369
43.700001	144.746	-141.1392
44.400002	144.771	-92.2922
45.000000	144.791	-50.3728
45.500000	144.808	-15.3999
46.200001	144.830	33.6274
46.799999	144.849	75.7058
47.500000	144.872	124.8452
48.200001	144.893	174.0273
48.700001	144.906	-150.8127
49.400002	144.921	-101.5332
50.000000	144.933	-59.2380
50.799999	144.950	-2.7776
51.500000	144.966	46.6682
52.200001	144.982	96.1460
53.000000	144.999	152.7417
53.799999	145.014	-150.5957
54.500000	145.028	-100.9592
55.200001	145.041	-51.2739
56.000000	145.056	5.5620
57.000000	145.073	76.6782
58.000000	145.088	147.8770
59.000000	145.101	-140.8325
60.000000	145.112	-69.4434
60.799999	145.120	-12.2607
61.500000	145.128	37.8252
62.200001	145.135	87.9531
63.000000	145.143	145.2871
64.000000	145.153	-142.9839
65.000000	145.162	-71.1953
66.000000	145.171	0.6504
67.000000	145.181	72.5513
68.000000	145.190	144.5166
69.000000	145.200	-143.4346
70.000000	145.212	-71.2988
71.000000	145.225	0.9165
72.000000	145.238	73.2080
73.000000	145.249	145.5752
74.000000	145.260	-141.9966
75.000000	145.270	-69.5225
76.199997	145.277	17.5142
77.500000	145.281	111.9136
78.800003	145.286	-153.5679
80.000000	145.291	-66.2275
81.199997	145.297	21.1948
82.500000	145.305	115.9893
83.800003	145.314	-149.1328
85.000000	145.321	-61.4746
86.199997	145.329	26.2705
87.500000	145.338	121.4312
88.500000	145.346	-165.3003
90.000000	145.359	-55.2998
91.199997	145.369	32.7637
92.500000	145.376	128.2246
93.800003	145.379	-136.2349
95.000000	145.380	-47.9546
96.199997	145.379	40.4155
97.500000	145.381	136.2432
98.800003	145.384	-127.8486
100.000000	145.389	-39.2617
101.500000	145.397	71.5435
103.000000	145.403	-177.5562
104.400002	145.408	-73.9419
106.000000	145.412	44.6050
107.500000	145.416	155.8486
109.000000	145.421	-92.8276
110.599998	145.426	25.9907
112.000000	145.431	130.0303
113.800003	145.439	-96.0869
115.000000	145.444	-6.7583
117.199997	145.451	157.1699
118.000000	145.453	-143.1660
120.599998	145.463	50.9189
122.000000	145.468	155.5215
124.099998	145.477	-47.4561
125.000000	145.481	19.8828
126.500000	145.490	132.1719
128.000000	145.500	-115.4609
131.500000	145.518	147.0713
132.000000	145.519	-175.3867
134.000000	145.524	-25.1377
136.000000	145.527	125.2344
138.000000	145.532	-84.2549
140.000000	145.536	66.3984
143.000000	145.540	-67.3770
145.000000	145.540	83.5732
147.500000	145.541	-87.5957
150.000000	145.543	101.4199
152.500000	145.551	-69.3457
155.000000	145.567	120.0850
157.500000	145.590	-50.3223
160.000000	145.616	139.4219
162.500000	145.639	-30.6768
165.000000	145.651	159.3848
167.500000	145.649	-10.3828
170.000000	145.632	-179.9658
172.500000	145.606	10.6289
175.000000	145.581	-158.6270
177.500000	145.566	32.2500
180.000000	145.566	-136.7266
182.500000	145.580	54.4551
185.000000	145.603	-114.2051
187.500000	145.628	77.2832
190.000000	145.653	-91.0889
192.500000	145.674	100.6738
195.000000	145.695	-67.4268
197.500000	145.730	124.5605
200.000000	145.805	-43.6426
203.000000	145.942	-174.5898
206.000000	146.047	52.2432
209.000000	146.037	-83.6816
212.000000	145.928	137.7441
214.000000	145.845	-75.7773
218.000000	145.744	-144.2188
220.000000	145.724	1.3154
224.000000	145.710	-67.6914
227.000000	145.707	150.5430
230.000000	145.707	8.7891
233.000000	145.706	-132.9492
236.000000	145.706	85.3086
240.000000	145.705	16.3008
243.000000	145.703	-125.4648
247.000000	145.700	165.5117
250.000000	145.697	23.7344
254.000000	145.694	-45.3066
258.000000	145.688	-114.3438
262.000000	145.677	176.6270
265.000000	145.667	34.8516
269.000000	145.654	-34.1836
272.000000	145.644	-175.9648
276.000000	145.629	114.9961
280.000000	145.611	45.9648
285.000000	145.586	49.6934
290.000000	145.557	53.4102
295.000000	145.525	57.1211
300.000000	145.491	60.8301
304.000000	145.461	-8.2012
307.000000	145.436	-149.9629
311.000000	145.398	141.0254
315.000000	145.356	72.0391
320.000000	145.297	75.8477
325.000000	145.232	79.7539
330.000000	145.170	83.8262
335.000000	145.131	88.0742
340.000000	145.142	92.3594
345.000000	145.201	96.4004
350.000000	145.267	99.9883
355.000000	145.285	103.2012
360.000000	145.239	106.3438
365.000000	145.155	109.6270
370.000000	145.060	113.0664
375.000000	144.967	116.6191
382.000000	144.839	-94.2754
387.000000	144.745	-90.5664
395.000000	144.595	131.4180
400.000000	144.499	135.1914
406.000000	144.385	-148.2461
412.000000	144.274	-71.6680
418.000000	144.165	4.9160
425.000000	144.031	154.2852
431.000000	143.909	-129.0898
437.000000	143.783	-52.4434
444.000000	143.629	97.0234
450.000000	143.489	173.7910
455.000000	143.362	177.9062
462.000000	143.156	-31.7188
468.000000	142.947	47.0859
475.000000	142.710	-158.0742
482.000000	142.553	0.8320
487.000000	142.484	13.8359
494.000000	142.387	178.3633
500.000000	142.275	-90.8203
508.000000	142.093	151.0938
515.000000	141.919	-41.7656
522.000000	141.738	125.6758
530.000000	141.525	8.7812
538.000000	141.311	-107.8047
545.000000	141.126	60.4414
552.000000	140.943	-131.0742
560.000000	140.732	113.1953
570.000000	140.465	148.9570
580.000000	140.196	-174.8008
590.000000	139.924	-138.0977
600.000000	139.651	-100.9453
608.000000	139.431	145.0859
615.000000	139.238	-44.3906
622.000000	139.045	126.3555
630.000000	138.827	13.1953
640.000000	138.559	52.1406
650.000000	138.294	91.5156
660.000000	138.028	131.3125
670.000000	137.757	171.5391
680.000000	137.488	-147.8320
690.000000	137.222	-106.8125
700.000000	136.960	-65.3984
710.000000	136.701	-23.5859
720.000000	136.445	18.6094
730.000000	136.193	61.1875
740.000000	135.943	104.1328
750.000000	135.694	147.4609
762.000000	135.399	-16.0547
775.000000	135.087	-102.6211
788.000000	134.784	171.4258
800.000000	134.510	9.5391
812.000000	134.241	-151.8555
825.000000	133.957	123.8477
838.000000	133.681	40.1211
850.000000	133.437	-119.7500
862.000000	133.203	80.8672
875.000000	132.960	-1.2852
885.000000	132.782	46.6562
900.000000	132.529	119.1328
912.000000	132.343	-38.3906
925.000000	132.156	-118.5312
938.000000	131.980	161.8281
950.000000	131.827	5.6797
962.000000	131.684	-150.0625
975.000000	131.553	131.6406
988.000000	131.455	53.7891
1000.000000	131.396	-100.7891
1015.000000	131.357	-23.5156
1030.000000	131.347	54.2656
1044.000000	131.360	55.2891
1060.000000	131.401	-148.7656
1075.000000	131.467	-69.6250
1090.000000	131.561	9.9297
1106.000000	131.692	167.2031
1120.000000	131.832	170.1328
1138.000000	132.040	122.9062
1150.000000	132.193	-28.3125
1172.000000	132.504	-125.0781
1180.000000	132.625	134.4375
1206.000000	133.042	-11.6328
1220.000000	133.278	-6.8906
1241.000000	133.641	-179.3438
1250.000000	133.800	158.3281
1265.000000	134.065	-118.6797
1280.000000	134.332	-35.4297
1315.000000	134.944	159.8281
1320.000000	135.030	-172.1641
1340.000000	135.362	-59.8203
1360.000000	135.679	52.9844
1380.000000	135.980	166.2500
1400.000000	136.263	-79.9766
1430.000000	136.646	91.6641
1450.000000	136.870	-153.2500
1475.000000	137.113	-8.6719
1500.000000	137.311	136.6875
1525.000000	137.464	-77.1094
1550.000000	137.575	70.0391
1575.000000	137.645	-141.8516
1600.000000	137.679	7.2500
1625.000000	137.679	157.3750
1650.000000	137.650	-51.5312
1675.000000	137.598	100.5781
1700.000000	137.534	-106.3281
1725.000000	137.459	47.7266
1750.000000	137.368	-157.3125
1775.000000	137.258	-1.5156
1800.000000	137.130	155.1875
1825.000000	136.985	-47.1875
1850.000000	136.827	111.3594
1875.000000	136.659	-89.1562
1900.000000	136.484	71.2188
1925.000000	136.303	-127.4844
1950.000000	136.121	34.7500
1975.000000	135.944	-162.1250
2000.000000	135.782	1.9062
2030.000000	135.611	-160.2812
2060.000000	135.455	38.5625
2090.000000	135.302	-121.5938
2120.000000	135.146	79.2969
2140.000000	135.042	-146.1875
2180.000000	134.837	124.2188
2200.000000	134.738	-99.9062
2240.000000	134.550	173.2031
2270.000000	134.417	19.1719
2300.000000	134.287	-133.8750
2330.000000	134.163	74.0469
2360.000000	134.044	-77.0938
2400.000000	133.894	-157.1719
2430.000000	133.789	53.8281
2470.000000	133.659	-23.5000
2500.000000	133.567	-170.5312
2540.000000	133.450	114.8281
2580.000000	133.341	41.6719
2620.000000	133.238	-29.9688
2650.000000	133.164	-172.7656
2690.000000	133.074	118.1562
2720.000000	133.015	-22.6562
2760.000000	132.956	-89.1094
2800.000000	132.928	-154.1250
2850.000000	132.944	-143.5938
2900.000000	133.014	-131.2031
2950.000000	133.117	-117.1875
3000.000000	133.225	-101.4844
3040.000000	133.302	-159.7031
3070.000000	133.355	67.3594
3110.000000	133.422	11.1094
3150.000000	133.491	-43.9688
3200.000000	133.579	-21.2344
3250.000000	133.669	3.2969
3300.000000	133.760	29.6094
3350.000000	133.849	57.5938
3400.000000	133.933	87.2188
3450.000000	134.006	118.4062
3500.000000	134.069	151.1562
3550.000000	134.121	-174.5625
3600.000000	134.160	-138.7500
3650.000000	134.190	-101.4062
3700.000000	134.213	-62.5938
3750.000000	134.227	-22.2500
3820.000000	134.227	-179.2500
3870.000000	134.205	-135.3750
3950.000000	134.115	153.9688
4000.000000	134.012	-158.3438
4060.000000	133.836	-27.1562
4120.000000	133.599	106.2188
4180.000000	133.308	-118.2500
4250.000000	132.914	102.5625
4310.000000	132.544	-117.1875
4370.000000	132.166	25.3125
4440.000000	131.738	-105.6875
4500.000000	131.380	41.3438
4550.000000	131.081	105.4375
4620.000000	130.661	-18.4375
4680.000000	130.308	134.7500
4750.000000	129.915	16.0000
4820.000000	129.551	-100.0938
4870.000000	129.309	-27.1250
4940.000000	128.999	-138.8750
5000.000000	128.758	24.4688
5080.000000	128.469	4.9062
5150.000000	128.239	-99.8438
5220.000000	128.021	157.5938
5300.000000	127.775	146.0000
5380.000000	127.527	137.2812
5450.000000	127.309	42.0625
5520.000000	127.102	-50.9062
5600.000000	126.897	-51.6250
5700.000000	126.711	131.4375
5800.000000	126.595	-41.4375
5900.000000	126.533	149.7500
6000.000000	126.519	-14.9688
6080.000000	126.543	0.0625
6150.000000	126.593	-74.6562
6220.000000	126.674	-147.6250
6300.000000	126.805	-125.9375
6400.000000	127.030	84.3125
6500.000000	127.322	-62.1250
6600.000000	127.674	154.8438
6700.000000	128.082	15.0000
6800.000000	128.537	-121.7500
6900.000000	129.033	104.4375
7000.000000	129.562	-26.3750
7100.000000	130.123	-154.3125
7200.000000	130.716	80.6250
7300.000000	131.344	-41.6875
7400.000000	132.013	-161.5000
7500.000000	132.727	81.0625
7620.000000	133.631	159.0625
7750.000000	134.605	-23.6250
7880.000000	135.440	155.7500
8000.000000	135.927	-119.9375
8120.000000	136.003	-33.3750
8250.000000	135.535	154.8125
8380.000000	134.517	-10.5000
8500.000000	133.190	93.0625
8620.000000	131.616	-156.3750
8750.000000	129.757	60.8125
8850.000000	128.274	-16.0625
9000.000000	126.029	57.3125
9120.000000	124.334	-163.9375
9250.000000	123.029	84.3750
9380.000000	122.950	-21.7500
9500.000000	123.847	129.7500
9620.000000	124.851	-81.6250
9750.000000	125.446	167.4375
9880.000000	125.413	58.1875
10000.000000	124.953	-149.3125
10150.000000	124.062	-41.3750
10300.000000	123.073	74.1875
10440.000000	122.201	92.1875
10600.000000	121.328	-35.0625
10750.000000	120.624	98.8750
10900.000000	120.010	-122.3125
11060.000000	119.434	127.1875
11200.000000	118.986	169.8125
11380.000000	118.473	-77.8750
11500.000000	118.166	120.8125
11720.000000	117.668	-47.4375
11800.000000	117.508	90.1250
12060.000000	117.074	6.1875
12200.000000	116.899	77.1875
12410.000000	116.713	-169.6250
12500.000000	116.660	87.0000
12650.000000	116.609	-82.3125
12800.000000	116.603	111.5000
13150.000000	116.786	-40.0000
13200.000000	116.839	140.0000
13400.000000	117.114	106.8750
13600.000000	117.441	-16.2500
13800.000000	117.804	101.3750
14000.000000	118.345	124.2500
14300.000000	119.670	-103.6250
14500.000000	120.884	-153.5000
14750.000000	122.813	-131.5000
15000.000000	125.164	-113.3750
15250.000000	127.569	-101.5000
15500.000000	129.414	-99.1250
15750.000000	130.133	-105.8750
16000.000000	129.479	-114.3750
16250.000000	127.652	-117.1250
16500.000000	125.140	-112.2500
16750.000000	122.505	-102.3750
17000.000000	120.201	-90.2500
17250.000000	118.376	-78.0000
17500.000000	116.919	-65.7500
17750.000000	115.735	-54.0000
18000.000000	114.818	-44.7500
18250.000000	114.081	-42.2500
18500.000000	113.293	-58.5000
18750.000000	112.246	-134.3750
19000.000000	110.866	-45.0000
19250.000000	109.210	177.5000
19500.000000	107.469	-65.8750
19750.000000	105.933	-106.0000
