* Measurement data measured by REW V5.31
* Source: Input device not selected, no input selected, L, volume: no control. Timing signal peak level -40.4 dBFS, measurement signal peak level -40.5 dBFS
* Format: 1M Log Swept Sine, 1 sweep at 0.0 dBFS using an acoustic timing reference
* Dated: 29-Apr-2024 10:48:40
* REW Settings:
*  C-weighting compensation: Off
*  Target level: 75.0 dB
* Note: ; Delay -0.0349 ms (-12 mm, -0.47 in) using estimated IR delay relative to Acoustic reference played from  R with no timing offset
* Measurement: Zero Red Stock Wide L4
* Smoothing: 1/24 octave
* Frequency Step: 1/96 octave
* Start Frequency: 20.000 Hz
*
* Freq(Hz)	SPL(dB)	Phase(degrees)
20.000000	97.944	-103.2721
20.144928	98.030	-103.6432
20.290907	98.119	-104.1120
20.437943	98.205	-104.6693
20.586044	98.284	-105.2977
20.735220	98.352	-105.9768
20.885475	98.409	-106.6760
21.036821	98.455	-107.3692
21.189262	98.491	-108.0345
21.342808	98.522	-108.6527
21.497467	98.550	-109.2176
21.653246	98.579	-109.7311
21.810154	98.612	-110.2012
21.968201	98.652	-110.6467
22.127390	98.700	-111.0876
22.287735	98.753	-111.5426
22.449242	98.811	-112.0291
22.611917	98.869	-112.5545
22.775772	98.926	-113.1193
22.940815	98.978	-113.7177
23.107054	99.023	-114.3345
23.274498	99.060	-114.9543
23.443153	99.090	-115.5592
23.613033	99.114	-116.1341
23.784142	99.135	-116.6713
23.956491	99.156	-117.1680
24.130091	99.179	-117.6302
24.304947	99.206	-118.0696
24.481071	99.238	-118.5001
24.658470	99.274	-118.9376
24.837156	99.313	-119.3926
25.017136	99.352	-119.8719
25.198421	99.390	-120.3747
25.381020	99.425	-120.8944
25.564941	99.456	-121.4213
25.750195	99.482	-121.9430
25.936790	99.506	-122.4508
26.124741	99.529	-122.9390
26.314051	99.552	-123.4082
26.504732	99.579	-123.8649
26.696796	99.608	-124.3190
26.890253	99.641	-124.7831
27.085112	99.677	-125.2666
27.281382	99.712	-125.7763
27.479073	99.747	-126.3121
27.678198	99.778	-126.8690
27.878765	99.804	-127.4370
28.080786	99.826	-128.0047
28.284271	99.844	-128.5605
28.489231	99.859	-129.0963
28.695675	99.872	-129.6076
28.903616	99.886	-130.0950
29.113064	99.902	-130.5630
29.324028	99.920	-131.0187
29.536524	99.940	-131.4696
29.750557	99.963	-131.9229
29.966141	99.987	-132.3837
30.183289	100.012	-132.8550
30.402010	100.036	-133.3372
30.622314	100.059	-133.8285
30.844217	100.080	-134.3248
31.067726	100.099	-134.8211
31.292856	100.115	-135.3111
31.519617	100.130	-135.7901
31.748020	100.144	-136.2558
31.978081	100.159	-136.7105
32.209808	100.176	-137.1619
32.443211	100.196	-137.6223
32.678310	100.217	-138.1053
32.915108	100.238	-138.6206
33.153625	100.255	-139.1697
33.393871	100.265	-139.7410
33.635857	100.265	-140.3118
33.879597	100.255	-140.8485
34.125103	100.238	-141.3203
34.372387	100.220	-141.7066
34.621464	100.208	-142.0074
34.872345	100.210	-142.2493
35.125042	100.229	-142.4790
35.379574	100.265	-142.7556
35.635948	100.312	-143.1265
35.894180	100.363	-143.6149
36.154285	100.406	-144.2132
36.416275	100.436	-144.8829
36.680161	100.449	-145.5724
36.945961	100.447	-146.2288
37.213688	100.436	-146.8146
37.483353	100.424	-147.3194
37.754974	100.418	-147.7575
38.028561	100.419	-148.1599
38.304131	100.429	-148.5601
38.581699	100.443	-148.9788
38.861279	100.457	-149.4206
39.142883	100.469	-149.8765
39.426529	100.479	-150.3322
39.712231	100.487	-150.7787
40.000000	100.494	-151.2153
40.289856	100.502	-151.6475
40.581814	100.508	-152.0809
40.875885	100.513	-152.5146
41.172089	100.516	-152.9409
41.470440	100.517	-153.3507
41.770950	100.519	-153.7403
42.073643	100.523	-154.1183
42.378525	100.532	-154.5046
42.685616	100.544	-154.9209
42.994934	100.554	-155.3795
43.306492	100.560	-155.8766
43.620308	100.558	-156.3919
43.936401	100.547	-156.8971
44.254780	100.531	-157.3681
44.575470	100.514	-157.7968
44.898483	100.499	-158.1922
45.223835	100.487	-158.5730
45.551544	100.479	-158.9573
45.881630	100.471	-159.3525
46.214108	100.463	-159.7538
46.548996	100.452	-160.1498
46.886307	100.443	-160.5332
47.226067	100.435	-160.9081
47.568283	100.431	-161.2899
47.912983	100.429	-161.6944
48.260181	100.424	-162.1248
48.609894	100.415	-162.5651
48.962143	100.400	-162.9861
49.316940	100.383	-163.3620
49.674313	100.369	-163.6899
50.034271	100.364	-163.9979
50.396843	100.369	-164.3334
50.762039	100.378	-164.7361
51.129883	100.383	-165.2115
51.500389	100.377	-165.7256
51.873581	100.359	-166.2238
52.249481	100.336	-166.6661
52.628101	100.316	-167.0517
53.009464	100.303	-167.4184
53.393593	100.298	-167.8133
53.780506	100.293	-168.2562
54.170223	100.280	-168.7258
54.562763	100.257	-169.1763
54.958145	100.230	-169.5706
55.356396	100.204	-169.9046
55.757530	100.184	-170.2050
56.161572	100.169	-170.5043
56.568542	100.155	-170.8174
56.978462	100.141	-171.1375
57.391350	100.126	-171.4523
57.807232	100.112	-171.7630
58.226128	100.100	-172.0867
58.648056	100.089	-172.4428
59.073048	100.074	-172.8357
59.501114	100.053	-173.2496
59.932281	100.025	-173.6585
60.366577	99.993	-174.0427
60.804020	99.960	-174.3991
61.244629	99.929	-174.7389
61.688435	99.901	-175.0771
62.135452	99.875	-175.4214
62.585712	99.850	-175.7689
63.039234	99.826	-176.1122
63.496040	99.804	-176.4495
63.956161	99.784	-176.7884
64.419617	99.766	-177.1387
64.886421	99.746	-177.5017
65.356621	99.723	-177.8659
65.830215	99.696	-178.2151
66.307251	99.668	-178.5410
66.787743	99.640	-178.8499
67.271713	99.612	-179.1559
67.759193	99.583	-179.4692
68.250206	99.551	-179.7876
68.744774	99.516	179.9006
69.242928	99.479	179.6064
69.744690	99.445	179.3286
70.250084	99.414	179.0507
70.759148	99.386	178.7534
71.271896	99.357	178.4327
71.788361	99.326	178.1051
72.308571	99.292	177.7927
72.832550	99.257	177.5047
73.360321	99.224	177.2341
73.891922	99.191	176.9695
74.427376	99.157	176.7027
74.966705	99.120	176.4286
75.509949	99.079	176.1494
76.057121	99.033	175.8808
76.608261	98.984	175.6427
77.163399	98.937	175.4333
77.722557	98.898	175.2182
78.285767	98.864	174.9576
78.853058	98.830	174.6456
79.424461	98.793	174.3183
80.000000	98.755	174.0211
80.579712	98.722	173.7701
81.163628	98.694	173.5502
81.751770	98.670	173.3452
82.344177	98.645	173.1595
82.940880	98.617	173.0104
83.541901	98.583	172.9088
84.147285	98.546	172.8447
84.757050	98.507	172.7732
85.371231	98.460	172.6339
85.989868	98.398	172.4101
86.612984	98.318	172.1296
87.240616	98.225	171.7690
87.872803	98.111	171.2847
88.509560	97.956	170.8455
89.150940	97.780	170.8491
89.796967	97.666	171.4117
90.447670	97.677	171.9861
91.103088	97.768	171.9269
91.763260	97.846	171.2630
92.428215	97.875	170.4695
93.097992	97.877	169.8452
93.772614	97.871	169.3942
94.452133	97.856	169.0814
95.136566	97.834	168.9019
95.825966	97.809	168.8007
96.520363	97.778	168.7124
97.219788	97.736	168.6147
97.924286	97.686	168.5012
98.633881	97.628	168.3694
99.348625	97.566	168.2286
100.068542	97.506	168.0776
100.793686	97.451	167.9071
101.524078	97.398	167.7272
102.259766	97.346	167.5599
103.000778	97.296	167.4179
103.747162	97.245	167.3095
104.498962	97.191	167.2418
105.256203	97.137	167.2033
106.018929	97.082	167.1663
106.787186	97.025	167.1083
107.561012	96.965	167.0235
108.340446	96.904	166.9199
109.125526	96.844	166.8112
109.916290	96.788	166.7016
110.712791	96.737	166.5887
111.515060	96.688	166.4817
112.323143	96.640	166.3990
113.137085	96.591	166.3526
113.956924	96.542	166.3400
114.782700	96.491	166.3448
115.614464	96.438	166.3506
116.452255	96.380	166.3578
117.296112	96.319	166.3786
118.146095	96.258	166.4142
119.002228	96.201	166.4531
119.864563	96.149	166.4799
120.733154	96.100	166.4805
121.608040	96.051	166.4606
122.489258	95.999	166.4449
123.376869	95.946	166.4462
124.270905	95.892	166.4632
125.171425	95.840	166.4960
126.078468	95.788	166.5387
126.992081	95.738	166.5813
127.912323	95.687	166.6220
128.839233	95.635	166.6698
129.772842	95.582	166.7367
130.713242	95.527	166.8301
131.660431	95.474	166.9495
132.614502	95.422	167.0827
133.575485	95.372	167.2179
134.543427	95.323	167.3564
135.518387	95.274	167.5011
136.500412	95.225	167.6534
137.489548	95.175	167.8137
138.485855	95.125	167.9799
139.489380	95.073	168.1502
140.500168	95.020	168.3239
141.518295	94.968	168.5024
142.543793	94.916	168.6791
143.576721	94.866	168.8508
144.617142	94.817	169.0305
145.665100	94.769	169.2237
146.720642	94.725	169.4227
147.783844	94.680	169.6242
148.854752	94.636	169.8350
149.933411	94.591	170.0606
151.019897	94.548	170.2990
152.114243	94.506	170.5474
153.216522	94.468	170.8051
154.326797	94.433	171.0644
155.445114	94.402	171.3187
156.571533	94.373	171.5758
157.706116	94.346	171.8419
158.848923	94.320	172.1121
160.000000	94.295	172.3835
161.159424	94.270	172.6541
162.327255	94.245	172.9216
163.503540	94.219	173.1962
164.688354	94.191	173.4943
165.881760	94.163	173.8180
167.083801	94.135	174.1544
168.294571	94.109	174.4836
169.514099	94.082	174.7823
170.742462	94.051	175.0372
171.979736	94.016	175.2518
173.225967	93.974	175.4471
174.481232	93.928	175.6766
175.745605	93.887	175.9944
177.019119	93.858	176.3808
178.301880	93.842	176.7798
179.593933	93.835	177.1702
180.895340	93.832	177.5449
182.206177	93.831	177.8814
183.526520	93.828	178.1898
184.856430	93.821	178.5105
186.195984	93.817	178.8443
187.545227	93.817	179.1636
188.904266	93.819	179.4584
190.273132	93.822	179.7443
191.651932	93.830	-179.9768
193.040726	93.839	-179.7113
194.439575	93.849	-179.4354
195.848572	93.857	-179.1263
197.267761	93.863	-178.7953
198.697250	93.865	-178.4626
200.137085	93.862	-178.1416
201.587372	93.856	-177.8362
203.048157	93.851	-177.5442
204.519531	93.849	-177.2595
206.001556	93.854	-176.9797
207.494324	93.864	-176.7082
208.997925	93.877	-176.4481
210.512405	93.889	-176.1959
212.037857	93.901	-175.9425
213.574371	93.911	-175.6881
215.122025	93.921	-175.4336
216.680893	93.930	-175.1731
218.251053	93.939	-174.9126
219.832581	93.948	-174.6601
221.425583	93.958	-174.4156
223.030121	93.969	-174.1811
224.646286	93.983	-173.9656
226.274170	93.997	-173.7705
227.913849	94.013	-173.5807
229.565399	94.029	-173.3824
231.228928	94.047	-173.1743
232.904510	94.067	-172.9575
234.592224	94.087	-172.7414
236.292191	94.108	-172.5341
238.004456	94.128	-172.3417
239.729126	94.146	-172.1698
241.466309	94.162	-172.0125
243.216080	94.176	-171.8544
244.978516	94.192	-171.6870
246.753738	94.208	-171.5117
248.541809	94.226	-171.3374
250.342850	94.246	-171.1694
252.156937	94.265	-171.0058
253.984161	94.285	-170.8502
255.824646	94.305	-170.7060
257.678467	94.325	-170.5690
259.545685	94.344	-170.4348
261.426483	94.365	-170.3041
263.320862	94.385	-170.1711
265.229004	94.404	-170.0288
267.150970	94.425	-169.8864
269.086853	94.446	-169.7607
271.036774	94.467	-169.6530
273.000824	94.486	-169.5493
274.979095	94.501	-169.4377
276.971710	94.516	-169.3204
278.978760	94.532	-169.2087
281.000336	94.551	-169.1065
283.036591	94.571	-169.0058
285.087585	94.592	-168.9001
287.153442	94.613	-168.7912
289.234283	94.635	-168.6919
291.330200	94.659	-168.6093
293.441284	94.683	-168.5370
295.567688	94.707	-168.4682
297.709503	94.729	-168.4054
299.866821	94.749	-168.3526
302.039795	94.768	-168.3064
304.228485	94.786	-168.2607
306.433044	94.802	-168.2151
308.653595	94.816	-168.1726
310.890228	94.828	-168.1323
313.143066	94.840	-168.0912
315.412231	94.852	-168.0493
317.697845	94.865	-168.0063
320.000000	94.877	-167.9638
322.318848	94.889	-167.9182
324.654510	94.900	-167.8626
327.007080	94.910	-167.8016
329.376709	94.921	-167.7463
331.763519	94.932	-167.7008
334.167603	94.942	-167.6593
336.589142	94.951	-167.6164
339.028198	94.959	-167.5668
341.484924	94.967	-167.5088
343.959473	94.976	-167.4414
346.451935	94.985	-167.3628
348.962463	94.994	-167.2800
351.491211	95.003	-167.1988
354.038239	95.014	-167.1192
356.603760	95.026	-167.0393
359.187866	95.038	-166.9548
361.790680	95.048	-166.8667
364.412354	95.058	-166.7823
367.053040	95.068	-166.7076
369.712860	95.078	-166.6494
372.391968	95.087	-166.6025
375.090454	95.097	-166.5568
377.808533	95.107	-166.5082
380.546265	95.118	-166.4537
383.303864	95.128	-166.3932
386.081451	95.136	-166.3168
388.879150	95.144	-166.2158
391.697144	95.155	-166.1080
394.535522	95.167	-166.0166
397.394501	95.180	-165.9416
400.274170	95.195	-165.8668
403.174744	95.212	-165.7898
406.096313	95.231	-165.7290
409.039062	95.251	-165.6989
412.003113	95.269	-165.6958
414.988647	95.285	-165.7067
417.995850	95.299	-165.7227
421.024811	95.310	-165.7452
424.075714	95.318	-165.7720
427.148743	95.325	-165.7866
430.244049	95.330	-165.7788
433.361786	95.334	-165.7572
436.502106	95.337	-165.7346
439.665161	95.339	-165.7146
442.851166	95.339	-165.6977
446.060242	95.338	-165.6821
449.292572	95.336	-165.6589
452.548340	95.335	-165.6206
455.827698	95.334	-165.5682
459.130798	95.333	-165.5122
462.457855	95.332	-165.4643
465.809021	95.331	-165.4220
469.184448	95.329	-165.3731
472.584381	95.328	-165.3113
476.008911	95.325	-165.2400
479.458252	95.322	-165.1637
482.932617	95.319	-165.0844
486.432159	95.317	-165.0029
489.957031	95.315	-164.9150
493.507477	95.314	-164.8218
497.083618	95.313	-164.7309
500.685699	95.311	-164.6406
504.313873	95.310	-164.5445
507.968323	95.309	-164.4438
511.649292	95.308	-164.3401
515.356934	95.309	-164.2329
519.091370	95.309	-164.1277
522.852966	95.309	-164.0260
526.641724	95.308	-163.9202
530.458008	95.308	-163.8100
534.301941	95.307	-163.7029
538.173706	95.305	-163.6015
542.073547	95.303	-163.4996
546.001648	95.300	-163.3902
549.958191	95.298	-163.2757
553.943420	95.296	-163.1590
557.957520	95.296	-163.0408
562.000671	95.297	-162.9225
566.073181	95.297	-162.8022
570.175171	95.297	-162.6752
574.306885	95.295	-162.5415
578.468567	95.293	-162.4030
582.660400	95.291	-162.2587
586.882568	95.290	-162.1048
591.135376	95.289	-161.9496
595.419006	95.288	-161.8034
599.733643	95.286	-161.6628
604.079590	95.285	-161.5190
608.456970	95.284	-161.3686
612.866089	95.283	-161.2111
617.307190	95.283	-161.0452
621.780457	95.283	-160.8733
626.286133	95.283	-160.6958
630.824463	95.283	-160.5118
635.395691	95.283	-160.3258
640.000000	95.284	-160.1410
644.637695	95.285	-159.9576
649.309021	95.285	-159.7736
654.014160	95.285	-159.5829
658.753418	95.285	-159.3822
663.527039	95.286	-159.1779
668.335205	95.288	-158.9742
673.178284	95.290	-158.7720
678.056396	95.292	-158.5691
682.969849	95.294	-158.3622
687.918945	95.297	-158.1496
692.903870	95.299	-157.9320
697.924927	95.301	-157.7114
702.982422	95.304	-157.4874
708.076477	95.308	-157.2566
713.207520	95.312	-157.0199
718.375732	95.316	-156.7809
723.581360	95.320	-156.5403
728.824707	95.324	-156.2951
734.106079	95.329	-156.0438
739.425720	95.335	-155.7854
744.783936	95.341	-155.5251
750.180908	95.349	-155.2658
755.617065	95.358	-155.0011
761.092529	95.366	-154.7273
766.607727	95.375	-154.4475
772.162903	95.383	-154.1641
777.758301	95.392	-153.8802
783.394287	95.403	-153.5959
789.071045	95.416	-153.3099
794.789001	95.428	-153.0197
800.548340	95.441	-152.7194
806.349487	95.454	-152.4106
812.192627	95.468	-152.1028
818.078125	95.482	-151.8011
824.006226	95.496	-151.5009
829.977295	95.510	-151.1962
835.991699	95.524	-150.8857
842.049622	95.541	-150.5724
848.151428	95.559	-150.2558
854.297485	95.580	-149.9300
860.488098	95.601	-149.5911
866.723572	95.624	-149.2460
873.004211	95.646	-148.9048
879.330322	95.669	-148.5684
885.702332	95.691	-148.2325
892.120483	95.714	-147.8963
898.585144	95.739	-147.5623
905.096680	95.766	-147.2295
911.655396	95.795	-146.8940
918.261597	95.825	-146.5555
924.915710	95.856	-146.2166
931.618042	95.887	-145.8804
938.368896	95.918	-145.5467
945.168762	95.945	-145.2132
952.017822	95.967	-144.8824
958.916504	95.984	-144.5569
965.865234	96.001	-144.2332
972.864319	96.023	-143.9099
979.914062	96.055	-143.5907
987.014954	96.098	-143.2758
994.167236	96.148	-142.9672
1001.371399	96.202	-142.6684
1008.627747	96.258	-142.3732
1015.936646	96.314	-142.0800
1023.298584	96.370	-141.7958
1030.713867	96.423	-141.5224
1038.182739	96.472	-141.2546
1045.705933	96.520	-140.9908
1053.283447	96.565	-140.7333
1060.916016	96.610	-140.4820
1068.603882	96.655	-140.2390
1076.347412	96.702	-140.0087
1084.147095	96.750	-139.7909
1092.003296	96.799	-139.5812
1099.916382	96.847	-139.3753
1107.886841	96.894	-139.1712
1115.915039	96.941	-138.9700
1124.001343	96.987	-138.7783
1132.146362	97.033	-138.6005
1140.350342	97.077	-138.4349
1148.613770	97.121	-138.2757
1156.937134	97.165	-138.1180
1165.320801	97.209	-137.9649
1173.765137	97.252	-137.8235
1182.270752	97.294	-137.6952
1190.838013	97.336	-137.5738
1199.467285	97.378	-137.4507
1208.159180	97.418	-137.3212
1216.913940	97.459	-137.1897
1225.732178	97.499	-137.0654
1234.614380	97.540	-136.9501
1243.560913	97.583	-136.8376
1252.572266	97.626	-136.7243
1261.648926	97.669	-136.6128
1270.791382	97.712	-136.5014
1280.000000	97.755	-136.3870
1289.275391	97.798	-136.2688
1298.618042	97.843	-136.1468
1308.028320	97.890	-136.0273
1317.506836	97.937	-135.9110
1327.054077	97.984	-135.7929
1336.670410	98.031	-135.6696
1346.356567	98.078	-135.5410
1356.112793	98.125	-135.4103
1365.939697	98.171	-135.2822
1375.837891	98.220	-135.1586
1385.807739	98.269	-135.0384
1395.849854	98.319	-134.9195
1405.964844	98.371	-134.8016
1416.152954	98.424	-134.6850
1426.415039	98.477	-134.5719
1436.751465	98.531	-134.4635
1447.162720	98.586	-134.3608
1457.649414	98.642	-134.2635
1468.212158	98.699	-134.1756
1478.851440	98.755	-134.1033
1489.567871	98.811	-134.0424
1500.361816	98.866	-133.9847
1511.234131	98.921	-133.9277
1522.185059	98.974	-133.8753
1533.215454	99.026	-133.8343
1544.325806	99.078	-133.8021
1555.516602	99.131	-133.7668
1566.788574	99.183	-133.7279
1578.142090	99.235	-133.6969
1589.578003	99.286	-133.6746
1601.096680	99.336	-133.6526
1612.698975	99.384	-133.6262
1624.385254	99.432	-133.5970
1636.156250	99.478	-133.5697
1648.012451	99.523	-133.5438
1659.954590	99.569	-133.5149
1671.983398	99.614	-133.4820
1684.099243	99.659	-133.4456
1696.302856	99.704	-133.4056
1708.594971	99.750	-133.3623
1720.976196	99.795	-133.3172
1733.447144	99.839	-133.2693
1746.008423	99.884	-133.2172
1758.660645	99.928	-133.1619
1771.404663	99.972	-133.1044
1784.240967	100.018	-133.0439
1797.170288	100.064	-132.9783
1810.193359	100.112	-132.9084
1823.310791	100.162	-132.8390
1836.523193	100.211	-132.7705
1849.831421	100.260	-132.7000
1863.236084	100.309	-132.6270
1876.737793	100.358	-132.5555
1890.337524	100.407	-132.4866
1904.035645	100.458	-132.4181
1917.833008	100.510	-132.3481
1931.730469	100.562	-132.2770
1945.728638	100.615	-132.2065
1959.828125	100.670	-132.1366
1974.029907	100.724	-132.0659
1988.334473	100.779	-131.9953
2002.742798	100.834	-131.9280
2017.255493	100.890	-131.8662
2031.873291	100.946	-131.8088
2046.597168	101.004	-131.7523
2061.427734	101.062	-131.6962
2076.365479	101.121	-131.6426
2091.411865	101.181	-131.5931
2106.566895	101.243	-131.5485
2121.832031	101.305	-131.5078
2137.207764	101.369	-131.4716
2152.694824	101.434	-131.4445
2168.294189	101.501	-131.4283
2184.006592	101.567	-131.4183
2199.832764	101.633	-131.4122
2215.773682	101.700	-131.4154
2231.830078	101.766	-131.4348
2248.002686	101.834	-131.4684
2264.292725	101.903	-131.5113
2280.700684	101.971	-131.5606
2297.227539	102.038	-131.6146
2313.874268	102.105	-131.6749
2330.641602	102.172	-131.7445
2347.530273	102.240	-131.8230
2364.541504	102.309	-131.9114
2381.676025	102.379	-132.0123
2398.934570	102.448	-132.1148
2416.318359	102.515	-132.2110
2433.827881	102.581	-132.3103
2451.464355	102.646	-132.4262
2469.228760	102.713	-132.5579
2487.121826	102.781	-132.6992
2505.144531	102.850	-132.8502
2523.297852	102.919	-133.0103
2541.582764	102.987	-133.1807
2560.000000	103.055	-133.3671
2578.550781	103.124	-133.5722
2597.236084	103.192	-133.7936
2616.056641	103.260	-134.0301
2635.013672	103.327	-134.2847
2654.108154	103.392	-134.5564
2673.340820	103.456	-134.8389
2692.713135	103.518	-135.1296
2712.225586	103.578	-135.4318
2731.879395	103.636	-135.7492
2751.675781	103.693	-136.0806
2771.615479	103.747	-136.4222
2791.699707	103.800	-136.7710
2811.929688	103.851	-137.1285
2832.305908	103.899	-137.4955
2852.830078	103.945	-137.8720
2873.502930	103.989	-138.2591
2894.325439	104.030	-138.6556
2915.298828	104.069	-139.0591
2936.424316	104.107	-139.4685
2957.702881	104.143	-139.8857
2979.135742	104.178	-140.3138
3000.723633	104.209	-140.7463
3022.468262	104.236	-141.1738
3044.370117	104.259	-141.6008
3066.430908	104.280	-142.0363
3088.651611	104.299	-142.4767
3111.033203	104.318	-142.9162
3133.577148	104.336	-143.3534
3156.284180	104.355	-143.7897
3179.156006	104.373	-144.2244
3202.193359	104.392	-144.6552
3225.397949	104.410	-145.0812
3248.770508	104.428	-145.5027
3272.312500	104.446	-145.9179
3296.024902	104.462	-146.3246
3319.909180	104.476	-146.7226
3343.966797	104.487	-147.1132
3368.198486	104.493	-147.4973
3392.605713	104.494	-147.8779
3417.189941	104.490	-148.2530
3441.952393	104.479	-148.6065
3466.894287	104.460	-148.9344
3492.016846	104.435	-149.2515
3517.321289	104.409	-149.5628
3542.809326	104.382	-149.8611
3568.481934	104.355	-150.1436
3594.340576	104.329	-150.4117
3620.386719	104.305	-150.6675
3646.621582	104.285	-150.9144
3673.046387	104.270	-151.1559
3699.662842	104.258	-151.3895
3726.472168	104.250	-151.6169
3753.475586	104.247	-151.8475
3780.675049	104.249	-152.0875
3808.071289	104.255	-152.3401
3835.666016	104.262	-152.6079
3863.460938	104.267	-152.8891
3891.457275	104.270	-153.1790
3919.656250	104.269	-153.4731
3948.059814	104.263	-153.7691
3976.668945	104.249	-154.0643
4005.485596	104.225	-154.3515
4034.510986	104.189	-154.6252
4063.746582	104.142	-154.8889
4093.194336	104.087	-155.1446
4122.855469	104.026	-155.3870
4152.730957	103.959	-155.6128
4182.823730	103.886	-155.8219
4213.133789	103.811	-156.0157
4243.664062	103.735	-156.1947
4274.415527	103.658	-156.3599
4305.389648	103.583	-156.5120
4336.588379	103.509	-156.6519
4368.013184	103.435	-156.7781
4399.665527	103.362	-156.8862
4431.547363	103.290	-156.9758
4463.660156	103.221	-157.0493
4496.005371	103.152	-157.1061
4528.585449	103.086	-157.1460
4561.401367	103.022	-157.1724
4594.455078	102.960	-157.1857
4627.748535	102.898	-157.1862
4661.283203	102.839	-157.1764
4695.060547	102.781	-157.1567
4729.083008	102.726	-157.1275
4763.352051	102.673	-157.0902
4797.869141	102.622	-157.0443
4832.636719	102.572	-156.9868
4867.655762	102.523	-156.9206
4902.928711	102.476	-156.8485
4938.457520	102.432	-156.7676
4974.243652	102.390	-156.6764
5010.289062	102.349	-156.5753
5046.595703	102.308	-156.4661
5083.165527	102.267	-156.3503
5120.000000	102.225	-156.2275
5157.101562	102.180	-156.0970
5194.472168	102.134	-155.9588
5232.113281	102.084	-155.8121
5270.027344	102.033	-155.6570
5308.216309	101.979	-155.4946
5346.681641	101.923	-155.3219
5385.426270	101.865	-155.1383
5424.451172	101.807	-154.9467
5463.758789	101.749	-154.7451
5503.351562	101.691	-154.5301
5543.230957	101.635	-154.3015
5583.399414	101.582	-154.0600
5623.859375	101.533	-153.8061
5664.611816	101.488	-153.5407
5705.660156	101.446	-153.2659
5747.005859	101.408	-152.9806
5788.650879	101.374	-152.6836
5830.597656	101.342	-152.3748
5872.848633	101.314	-152.0544
5915.405762	101.290	-151.7234
5958.271484	101.268	-151.3857
6001.447266	101.246	-151.0404
6044.936523	101.220	-150.6775
6088.740234	101.193	-150.3040
6132.861816	101.169	-149.9268
6177.303223	101.147	-149.5442
6222.066406	101.129	-149.1582
6267.154297	101.115	-148.7693
6312.568359	101.104	-148.3748
6358.312012	101.097	-147.9730
6404.386719	101.095	-147.5656
6450.795898	101.099	-147.1572
6497.541016	101.108	-146.7568
6544.625000	101.124	-146.3723
6592.049805	101.146	-146.0035
6639.818359	101.174	-145.6501
6687.933594	101.208	-145.3156
6736.396973	101.248	-145.0061
6785.211426	101.295	-144.7273
6834.379883	101.349	-144.4822
6883.904785	101.411	-144.2724
6933.788574	101.480	-144.1004
6984.033691	101.557	-143.9723
7034.642578	101.643	-143.8930
7085.618652	101.737	-143.8666
7136.963867	101.841	-143.9016
7188.681152	101.953	-144.0117
7240.773438	102.075	-144.2109
7293.243164	102.207	-144.5110
7346.092773	102.349	-144.9219
7399.325684	102.501	-145.4502
7452.944336	102.664	-146.1047
7506.951172	102.839	-146.9077
7561.350098	103.028	-147.8945
7616.142578	103.232	-149.1114
7671.332031	103.448	-150.6115
7726.921875	103.672	-152.4534
7782.914551	103.898	-154.7007
7839.312500	104.115	-157.4134
7896.119629	104.309	-160.6343
7953.337891	104.461	-164.3753
8010.971191	104.550	-168.6053
8069.021973	104.554	-173.2416
8127.493164	104.452	-178.1528
8186.388672	104.235	176.8358
8245.710938	103.900	171.9206
8305.461914	103.454	167.2881
8365.647461	102.912	163.0898
8426.267578	102.295	159.4288
8487.328125	101.625	156.3569
8548.831055	100.924	153.8787
8610.779297	100.210	151.9633
8673.176758	99.499	150.5593
8736.026367	98.803	149.6057
8799.331055	98.130	149.0378
8863.094727	97.482	148.7959
8927.320312	96.862	148.8289
8992.010742	96.269	149.0911
9057.170898	95.704	149.5450
9122.802734	95.165	150.1565
9188.910156	94.652	150.8966
9255.497070	94.160	151.7507
9322.566406	93.688	152.7075
9390.121094	93.236	153.7502
9458.166016	92.804	154.8637
9526.704102	92.392	156.0393
9595.738281	92.000	157.2763
9665.273438	91.627	158.5727
9735.311523	91.273	159.9263
9805.857422	90.939	161.3326
9876.915039	90.623	162.7772
9948.487305	90.325	164.2453
10020.578125	90.044	165.7260
10093.191406	89.781	167.2170
10166.331055	89.537	168.7250
10240.000000	89.312	170.2526
10314.203125	89.105	171.7946
10388.944336	88.916	173.3401
10464.226562	88.743	174.8802
10540.054688	88.586	176.4100
10616.432617	88.444	177.9274
10693.363281	88.317	179.4311
10770.852539	88.207	-179.0901
10848.902344	88.113	-177.6498
10927.517578	88.034	-176.2467
11006.703125	87.968	-174.8779
11086.461914	87.912	-173.5546
11166.798828	87.867	-172.2896
11247.718750	87.830	-171.0867
11329.223633	87.800	-169.9396
11411.320312	87.771	-168.8481
11494.011719	87.743	-167.8021
11577.301758	87.715	-166.7631
11661.195312	87.686	-165.6860
11745.697266	87.660	-164.5439
11830.811523	87.638	-163.3201
11916.542969	87.627	-161.9969
12002.894531	87.633	-160.5523
12089.873047	87.666	-158.9783
12177.480469	87.735	-157.2947
12265.723633	87.848	-155.5526
12354.606445	88.011	-153.8072
12444.132812	88.223	-152.1082
12534.308594	88.488	-150.4931
12625.136719	88.806	-148.9893
12716.624023	89.180	-147.6262
12808.773438	89.611	-146.4306
12901.591797	90.106	-145.4277
12995.082031	90.674	-144.6573
13089.250000	91.328	-144.1873
13184.099609	92.081	-144.1143
13279.636719	92.947	-144.5806
13375.867188	93.944	-145.8046
13472.793945	95.081	-148.0812
13570.422852	96.343	-151.7845
13668.759766	97.683	-157.3394
13767.809570	99.012	-165.1225
13867.577148	100.207	-175.3125
13968.067383	101.129	172.2675
14069.285156	101.655	158.2480
14171.237305	101.714	143.6487
14273.927734	101.314	129.5969
14377.362305	100.540	116.9670
14481.546875	99.516	106.1982
14586.486328	98.364	97.3196
14692.185547	97.187	90.0899
14798.651367	96.060	84.1500
14905.888672	95.023	79.1360
15013.902344	94.087	74.7278
15122.700195	93.245	70.6804
15232.285156	92.488	66.8239
15342.664062	91.807	63.0359
15453.843750	91.192	59.2273
15565.829102	90.628	55.3289
15678.625000	90.110	51.2756
15792.239258	89.639	47.0032
15906.675781	89.216	42.4587
16021.942383	88.837	37.5934
16138.043945	88.501	32.3519
16254.986328	88.228	26.6742
16372.777344	88.059	20.4965
16491.421875	88.046	13.7486
16610.923828	88.213	6.3634
16731.294922	88.535	-1.7433
16852.535156	88.962	-10.6723
16974.656250	89.448	-20.5208
17097.662109	89.955	-31.3578
17221.558594	90.446	-43.2216
17346.353516	90.880	-56.1130
17472.052734	91.216	-69.9872
17598.662109	91.419	-84.7135
17726.189453	91.462	-100.0828
17854.640625	91.338	-115.8522
17984.021484	91.051	-131.7971
18114.341797	90.623	-147.7390
18245.605469	90.085	-163.5739
18377.820312	89.472	-179.2836
18510.994141	88.821	165.0798
18645.132812	88.163	149.4210
18780.242188	87.522	133.6036
18916.332031	86.927	117.4547
19053.408203	86.403	100.7893
19191.476562	85.964	83.4612
19330.546875	85.588	65.3961
19470.623047	85.224	46.5473
19611.714844	84.814	26.8939
19753.830078	84.339	6.7523
19896.974609	83.868	-12.1022
