* Measurement data measured by REW V5.31
* Source: Input device not selected, no input selected, L, volume: no control. Timing signal peak level -41.8 dBFS, measurement signal peak level -41.2 dBFS
* Format: 1M Log Swept Sine, 1 sweep at 0.0 dBFS using an acoustic timing reference
* Dated: 29-Apr-2024 11:11:16
* REW Settings:
*  C-weighting compensation: Off
*  Target level: 75.0 dB
* Note: ; Delay -0.0357 ms (-12 mm, -0.48 in) using estimated IR delay relative to Acoustic reference played from  R with no timing offset
* Measurement: Zero Red Spring R2
* Smoothing: 1/24 octave
* Frequency Step: 1/96 octave
* Start Frequency: 20.000 Hz
*
* Freq(Hz)	SPL(dB)	Phase(degrees)
20.000000	98.891	-110.9746
20.144928	98.921	-111.3990
20.290907	98.955	-111.8173
20.437943	98.993	-112.2421
20.586044	99.035	-112.6874
20.735220	99.079	-113.1618
20.885475	99.124	-113.6719
21.036821	99.167	-114.2197
21.189262	99.205	-114.7995
21.342808	99.238	-115.4017
21.497467	99.263	-116.0140
21.653246	99.281	-116.6184
21.810154	99.293	-117.2001
21.968201	99.300	-117.7440
22.127390	99.305	-118.2383
22.287735	99.311	-118.6796
22.449242	99.322	-119.0693
22.611917	99.340	-119.4163
22.775772	99.368	-119.7378
22.940815	99.407	-120.0521
23.107054	99.457	-120.3835
23.274498	99.518	-120.7524
23.443153	99.586	-121.1767
23.613033	99.659	-121.6690
23.784142	99.733	-122.2324
23.956491	99.805	-122.8646
24.130091	99.871	-123.5554
24.304947	99.929	-124.2888
24.481071	99.977	-125.0472
24.658470	100.016	-125.8090
24.837156	100.045	-126.5563
25.017136	100.066	-127.2712
25.198421	100.082	-127.9426
25.381020	100.094	-128.5634
25.564941	100.105	-129.1330
25.750195	100.117	-129.6566
25.936790	100.132	-130.1428
26.124741	100.150	-130.6040
26.314051	100.171	-131.0508
26.504732	100.194	-131.4929
26.696796	100.218	-131.9349
26.890253	100.240	-132.3773
27.085112	100.262	-132.8158
27.281382	100.280	-133.2432
27.479073	100.297	-133.6522
27.678198	100.312	-134.0373
27.878765	100.328	-134.3981
28.080786	100.348	-134.7400
28.284271	100.371	-135.0753
28.489231	100.399	-135.4196
28.695675	100.431	-135.7911
28.903616	100.465	-136.2038
29.113064	100.498	-136.6662
29.324028	100.527	-137.1771
29.536524	100.548	-137.7267
29.750557	100.560	-138.2963
29.966141	100.563	-138.8649
30.183289	100.558	-139.4095
30.402010	100.547	-139.9146
30.622314	100.534	-140.3719
30.844217	100.523	-140.7849
31.067726	100.516	-141.1659
31.292856	100.516	-141.5349
31.519617	100.524	-141.9118
31.748020	100.536	-142.3135
31.978081	100.552	-142.7491
32.209808	100.568	-143.2188
32.443211	100.582	-143.7152
32.678310	100.594	-144.2269
32.915108	100.604	-144.7426
33.153625	100.613	-145.2540
33.393871	100.621	-145.7582
33.635857	100.631	-146.2568
33.879597	100.642	-146.7545
34.125103	100.654	-147.2545
34.372387	100.666	-147.7574
34.621464	100.676	-148.2592
34.872345	100.685	-148.7529
35.125042	100.692	-149.2310
35.379574	100.700	-149.6896
35.635948	100.710	-150.1312
35.894180	100.722	-150.5652
36.154285	100.738	-151.0072
36.416275	100.757	-151.4734
36.680161	100.774	-151.9751
36.945961	100.787	-152.5139
37.213688	100.793	-153.0787
37.483353	100.788	-153.6477
37.754974	100.774	-154.1946
38.028561	100.753	-154.6943
38.304131	100.728	-155.1327
38.581699	100.706	-155.5130
38.861279	100.689	-155.8528
39.142883	100.680	-156.1818
39.426529	100.677	-156.5300
39.712231	100.678	-156.9140
40.000000	100.678	-157.3336
40.289856	100.675	-157.7733
40.581814	100.668	-158.2116
40.875885	100.662	-158.6357
41.172089	100.661	-159.0522
41.470440	100.668	-159.4863
41.770950	100.681	-159.9721
42.073643	100.694	-160.5340
42.378525	100.700	-161.1674
42.685616	100.690	-161.8327
42.994934	100.663	-162.4672
43.306492	100.622	-163.0065
43.620308	100.578	-163.4105
43.936401	100.543	-163.6839
44.254780	100.525	-163.8789
44.575470	100.527	-164.0703
44.898483	100.541	-164.3198
45.223835	100.559	-164.6499
45.551544	100.570	-165.0422
45.881630	100.572	-165.4548
46.214108	100.567	-165.8498
46.548996	100.560	-166.2158
46.886307	100.555	-166.5710
47.226067	100.551	-166.9456
47.568283	100.545	-167.3560
47.912983	100.532	-167.7909
48.260181	100.509	-168.2180
48.609894	100.480	-168.6060
48.962143	100.451	-168.9458
49.316940	100.428	-169.2575
49.674313	100.412	-169.5769
50.034271	100.400	-169.9324
50.396843	100.386	-170.3284
50.762039	100.369	-170.7455
51.129883	100.347	-171.1562
51.500389	100.324	-171.5426
51.873581	100.304	-171.9049
52.249481	100.288	-172.2565
52.628101	100.276	-172.6131
53.009464	100.268	-172.9837
53.393593	100.261	-173.3703
53.780506	100.253	-173.7701
54.170223	100.243	-174.1773
54.562763	100.229	-174.5833
54.958145	100.212	-174.9787
55.356396	100.191	-175.3581
55.757530	100.169	-175.7256
56.161572	100.144	-176.0910
56.568542	100.115	-176.4580
56.978462	100.080	-176.8135
57.391350	100.040	-177.1320
57.807232	99.999	-177.3963
58.226128	99.964	-177.6192
58.648056	99.939	-177.8423
59.073048	99.922	-178.1101
59.501114	99.906	-178.4385
59.932281	99.886	-178.8069
60.366577	99.862	-179.1820
60.804020	99.839	-179.5494
61.244629	99.820	-179.9221
61.688435	99.802	179.6793
62.135452	99.781	179.2542
62.585712	99.754	178.8282
63.039234	99.722	178.4319
63.496040	99.688	178.0767
63.956161	99.655	177.7517
64.419617	99.621	177.4407
64.886421	99.585	177.1384
65.356621	99.547	176.8509
65.830215	99.507	176.5821
66.307251	99.467	176.3245
66.787743	99.428	176.0642
67.271713	99.390	175.7929
67.759193	99.351	175.5123
68.250206	99.313	175.2250
68.744774	99.279	174.9243
69.242928	99.248	174.5952
69.744690	99.217	174.2316
70.250084	99.182	173.8513
70.759148	99.144	173.4908
71.271896	99.104	173.1806
71.788361	99.067	172.9222
72.308571	99.036	172.6892
72.832550	99.008	172.4524
73.360321	98.979	172.2029
73.891922	98.945	171.9522
74.427376	98.908	171.7096
74.966705	98.869	171.4654
75.509949	98.828	171.1992
76.057121	98.783	170.9048
76.608261	98.733	170.5985
77.163399	98.679	170.3036
77.722557	98.626	170.0313
78.285767	98.578	169.7773
78.853058	98.535	169.5337
79.424461	98.495	169.3008
80.000000	98.458	169.0912
80.579712	98.422	168.9182
81.163628	98.386	168.7832
81.751770	98.348	168.6775
82.344177	98.305	168.5895
82.940880	98.256	168.4981
83.541901	98.198	168.3749
84.147285	98.126	168.2150
84.757050	98.044	168.0345
85.371231	97.962	167.8012
85.989868	97.885	167.4354
86.612984	97.812	166.9082
87.240616	97.747	166.2137
87.872803	97.693	165.2321
88.509560	97.608	163.9019
89.150940	97.437	162.6574
89.796967	97.202	162.3148
90.447670	97.035	163.1817
91.103088	97.038	164.4585
91.763260	97.153	165.1854
92.428215	97.266	165.3102
93.097992	97.333	165.2885
93.772614	97.366	165.3540
94.452133	97.373	165.4854
95.136566	97.357	165.6497
95.825966	97.323	165.8159
96.520363	97.277	165.9338
97.219788	97.220	165.9857
97.924286	97.158	165.9784
98.633881	97.099	165.9060
99.348625	97.046	165.7666
100.068542	96.998	165.5830
100.793686	96.954	165.3971
101.524078	96.916	165.2440
102.259766	96.885	165.1212
103.000778	96.855	164.9976
103.747162	96.819	164.8622
104.498962	96.772	164.7378
105.256203	96.716	164.6414
106.018929	96.656	164.5556
106.787186	96.592	164.4566
107.561012	96.527	164.3476
108.340446	96.463	164.2432
109.125526	96.405	164.1423
109.916290	96.352	164.0367
110.712791	96.300	163.9357
111.515060	96.248	163.8641
112.323143	96.195	163.8352
113.137085	96.142	163.8365
113.956924	96.088	163.8449
114.782700	96.032	163.8415
115.614464	95.971	163.8207
116.452255	95.906	163.7994
117.296112	95.839	163.7993
118.146095	95.774	163.8215
119.002228	95.714	163.8563
119.864563	95.658	163.8966
120.733154	95.606	163.9321
121.608040	95.554	163.9592
122.489258	95.502	163.9868
123.376869	95.448	164.0229
124.270905	95.393	164.0731
125.171425	95.338	164.1422
126.078468	95.285	164.2272
126.992081	95.233	164.3177
127.912323	95.182	164.4102
128.839233	95.130	164.5138
129.772842	95.079	164.6283
130.713242	95.027	164.7332
131.660431	94.972	164.8188
132.614502	94.914	164.9048
133.575485	94.853	165.0160
134.543427	94.794	165.1569
135.518387	94.739	165.3057
136.500412	94.686	165.4402
137.489548	94.631	165.5665
138.485855	94.572	165.7087
139.489380	94.512	165.8799
140.500168	94.452	166.0684
141.518295	94.393	166.2521
142.543793	94.334	166.4277
143.576721	94.273	166.6125
144.617142	94.213	166.8143
145.665100	94.153	167.0280
146.720642	94.092	167.2516
147.783844	94.030	167.4900
148.854752	93.968	167.7510
149.933411	93.908	168.0277
151.019897	93.850	168.2956
152.114243	93.793	168.5374
153.216522	93.733	168.7645
154.326797	93.671	169.0133
155.445114	93.610	169.3061
156.571533	93.553	169.6327
157.706116	93.499	169.9816
158.848923	93.445	170.3521
160.000000	93.390	170.7507
161.159424	93.331	171.1841
162.327255	93.267	171.6490
163.503540	93.193	172.1398
164.688354	93.106	172.7014
165.881760	93.014	173.3963
167.083801	92.930	174.2075
168.294571	92.862	175.0692
169.514099	92.810	175.9440
170.742462	92.772	176.8314
171.979736	92.746	177.7675
173.225967	92.736	178.7839
174.481232	92.747	179.8731
175.745605	92.783	-179.0197
177.019119	92.846	-177.9536
178.301880	92.937	-176.9797
179.593933	93.052	-176.1895
180.895340	93.181	-175.6396
182.206177	93.313	-175.3199
183.526520	93.436	-175.1954
184.856430	93.543	-175.2088
186.195984	93.632	-175.2891
187.545227	93.704	-175.3863
188.904266	93.763	-175.4824
190.273132	93.812	-175.5692
191.651932	93.850	-175.6361
193.040726	93.878	-175.6760
194.439575	93.897	-175.6830
195.848572	93.909	-175.6556
197.267761	93.915	-175.5949
198.697250	93.919	-175.5008
200.137085	93.924	-175.3767
201.587372	93.932	-175.2341
203.048157	93.942	-175.0817
204.519531	93.956	-174.9254
206.001556	93.972	-174.7749
207.494324	93.991	-174.6429
208.997925	94.010	-174.5343
210.512405	94.027	-174.4363
212.037857	94.042	-174.3334
213.574371	94.056	-174.2277
215.122025	94.068	-174.1281
216.680893	94.078	-174.0324
218.251053	94.087	-173.9337
219.832581	94.096	-173.8277
221.425583	94.105	-173.7111
223.030121	94.114	-173.5853
224.646286	94.122	-173.4586
226.274170	94.129	-173.3372
227.913849	94.134	-173.2173
229.565399	94.141	-173.0966
231.228928	94.149	-172.9768
232.904510	94.158	-172.8531
234.592224	94.168	-172.7204
236.292191	94.178	-172.5790
238.004456	94.189	-172.4328
239.729126	94.201	-172.2883
241.466309	94.213	-172.1534
243.216080	94.225	-172.0273
244.978516	94.238	-171.9051
246.753738	94.251	-171.7834
248.541809	94.266	-171.6586
250.342850	94.284	-171.5329
252.156937	94.301	-171.4119
253.984161	94.318	-171.2969
255.824646	94.333	-171.1920
257.678467	94.347	-171.0957
259.545685	94.362	-170.9999
261.426483	94.377	-170.8998
263.320862	94.392	-170.8031
265.229004	94.407	-170.7180
267.150970	94.420	-170.6365
269.086853	94.434	-170.5484
271.036774	94.448	-170.4531
273.000824	94.463	-170.3601
274.979095	94.479	-170.2791
276.971710	94.495	-170.2151
278.978760	94.511	-170.1606
281.000336	94.525	-170.1031
283.036591	94.538	-170.0345
285.087585	94.549	-169.9559
287.153442	94.560	-169.8746
289.234283	94.572	-169.7973
291.330200	94.585	-169.7260
293.441284	94.598	-169.6579
295.567688	94.610	-169.5914
297.709503	94.622	-169.5271
299.866821	94.634	-169.4675
302.039795	94.646	-169.4130
304.228485	94.658	-169.3605
306.433044	94.669	-169.3065
308.653595	94.679	-169.2484
310.890228	94.689	-169.1870
313.143066	94.700	-169.1258
315.412231	94.711	-169.0674
317.697845	94.721	-169.0158
320.000000	94.729	-168.9731
322.318848	94.737	-168.9369
324.654510	94.745	-168.8999
327.007080	94.753	-168.8507
329.376709	94.763	-168.7892
331.763519	94.773	-168.7253
334.167603	94.782	-168.6655
336.589142	94.789	-168.6128
339.028198	94.794	-168.5658
341.484924	94.799	-168.5162
343.959473	94.804	-168.4565
346.451935	94.810	-168.3904
348.962463	94.815	-168.3262
351.491211	94.820	-168.2665
354.038239	94.823	-168.2085
356.603760	94.825	-168.1479
359.187866	94.826	-168.0802
361.790680	94.828	-168.0034
364.412354	94.830	-167.9189
367.053040	94.832	-167.8270
369.712860	94.834	-167.7231
372.391968	94.836	-167.6019
375.090454	94.838	-167.4656
377.808533	94.841	-167.3239
380.546265	94.845	-167.1817
383.303864	94.852	-167.0354
386.081451	94.863	-166.8820
388.879150	94.878	-166.7287
391.697144	94.897	-166.5858
394.535522	94.917	-166.4580
397.394501	94.938	-166.3440
400.274170	94.957	-166.2458
403.174744	94.975	-166.1663
406.096313	94.994	-166.1040
409.039062	95.014	-166.0524
412.003113	95.034	-166.0112
414.988647	95.055	-165.9847
417.995850	95.074	-165.9719
421.024811	95.091	-165.9749
424.075714	95.105	-165.9939
427.148743	95.115	-166.0233
430.244049	95.121	-166.0559
433.361786	95.126	-166.0825
436.502106	95.129	-166.0939
439.665161	95.131	-166.0882
442.851166	95.131	-166.0688
446.060242	95.131	-166.0387
449.292572	95.130	-166.0027
452.548340	95.129	-165.9666
455.827698	95.127	-165.9306
459.130798	95.125	-165.8897
462.457855	95.124	-165.8397
465.809021	95.123	-165.7809
469.184448	95.123	-165.7162
472.584381	95.123	-165.6477
476.008911	95.122	-165.5740
479.458252	95.121	-165.4927
482.932617	95.119	-165.4048
486.432159	95.118	-165.3171
489.957031	95.116	-165.2365
493.507477	95.114	-165.1585
497.083618	95.113	-165.0719
500.685699	95.113	-164.9749
504.313873	95.113	-164.8738
507.968323	95.114	-164.7709
511.649292	95.114	-164.6664
515.356934	95.113	-164.5633
519.091370	95.111	-164.4664
522.852966	95.109	-164.3720
526.641724	95.106	-164.2694
530.458008	95.104	-164.1560
534.301941	95.103	-164.0381
538.173706	95.102	-163.9203
542.073547	95.102	-163.8027
546.001648	95.102	-163.6848
549.958191	95.102	-163.5645
553.943420	95.102	-163.4409
557.957520	95.103	-163.3127
562.000671	95.104	-163.1786
566.073181	95.105	-163.0444
570.175171	95.105	-162.9153
574.306885	95.105	-162.7855
578.468567	95.105	-162.6480
582.660400	95.105	-162.5050
586.882568	95.105	-162.3603
591.135376	95.105	-162.2135
595.419006	95.105	-162.0640
599.733643	95.107	-161.9115
604.079590	95.109	-161.7541
608.456970	95.112	-161.5913
612.866089	95.113	-161.4276
617.307190	95.115	-161.2670
621.780457	95.116	-161.1078
626.286133	95.117	-160.9440
630.824463	95.119	-160.7702
635.395691	95.120	-160.5906
640.000000	95.122	-160.4148
644.637695	95.123	-160.2434
649.309021	95.125	-160.0694
654.014160	95.127	-159.8882
658.753418	95.129	-159.7007
663.527039	95.133	-159.5099
668.335205	95.137	-159.3179
673.178284	95.141	-159.1235
678.056396	95.145	-158.9250
682.969849	95.150	-158.7231
687.918945	95.154	-158.5176
692.903870	95.157	-158.3052
697.924927	95.160	-158.0872
702.982422	95.163	-157.8688
708.076477	95.166	-157.6542
713.207520	95.171	-157.4379
718.375732	95.177	-157.2141
723.581360	95.183	-156.9847
728.824707	95.189	-156.7534
734.106079	95.195	-156.5207
739.425720	95.202	-156.2842
744.783936	95.209	-156.0456
750.180908	95.218	-155.8087
755.617065	95.227	-155.5698
761.092529	95.235	-155.3235
766.607727	95.244	-155.0660
772.162903	95.252	-154.7987
777.758301	95.261	-154.5271
783.394287	95.270	-154.2580
789.071045	95.280	-153.9932
794.789001	95.292	-153.7269
800.548340	95.304	-153.4536
806.349487	95.316	-153.1710
812.192627	95.329	-152.8803
818.078125	95.342	-152.5840
824.006226	95.356	-152.2850
829.977295	95.371	-151.9864
835.991699	95.387	-151.6888
842.049622	95.404	-151.3898
848.151428	95.421	-151.0867
854.297485	95.439	-150.7782
860.488098	95.459	-150.4670
866.723572	95.480	-150.1561
873.004211	95.500	-149.8467
879.330322	95.520	-149.5377
885.702332	95.541	-149.2245
892.120483	95.564	-148.9034
898.585144	95.589	-148.5761
905.096680	95.615	-148.2474
911.655396	95.642	-147.9189
918.261597	95.671	-147.5934
924.915710	95.701	-147.2723
931.618042	95.733	-146.9516
938.368896	95.763	-146.6269
945.168762	95.788	-146.3000
952.017822	95.807	-145.9788
958.916504	95.821	-145.6669
965.865234	95.835	-145.3603
972.864319	95.854	-145.0528
979.914062	95.884	-144.7444
987.014954	95.925	-144.4377
994.167236	95.973	-144.1367
1001.371399	96.026	-143.8408
1008.627747	96.079	-143.5444
1015.936646	96.133	-143.2478
1023.298584	96.185	-142.9626
1030.713867	96.235	-142.6968
1038.182739	96.283	-142.4487
1045.705933	96.329	-142.2103
1053.283447	96.375	-141.9745
1060.916016	96.420	-141.7394
1068.603882	96.466	-141.5080
1076.347412	96.511	-141.2819
1084.147095	96.557	-141.0600
1092.003296	96.602	-140.8444
1099.916382	96.645	-140.6405
1107.886841	96.688	-140.4495
1115.915039	96.731	-140.2686
1124.001343	96.775	-140.0947
1132.146362	96.820	-139.9263
1140.350342	96.865	-139.7632
1148.613770	96.908	-139.6058
1156.937134	96.951	-139.4555
1165.320801	96.993	-139.3131
1173.765137	97.035	-139.1790
1182.270752	97.077	-139.0518
1190.838013	97.118	-138.9260
1199.467285	97.157	-138.7984
1208.159180	97.196	-138.6707
1216.913940	97.234	-138.5452
1225.732178	97.273	-138.4210
1234.614380	97.312	-138.3001
1243.560913	97.352	-138.1873
1252.572266	97.394	-138.0815
1261.648926	97.436	-137.9738
1270.791382	97.477	-137.8574
1280.000000	97.519	-137.7376
1289.275391	97.561	-137.6216
1298.618042	97.604	-137.5087
1308.028320	97.649	-137.3973
1317.506836	97.694	-137.2869
1327.054077	97.740	-137.1750
1336.670410	97.786	-137.0557
1346.356567	97.833	-136.9287
1356.112793	97.879	-136.8024
1365.939697	97.926	-136.6841
1375.837891	97.973	-136.5697
1385.807739	98.021	-136.4530
1395.849854	98.071	-136.3350
1405.964844	98.122	-136.2212
1416.152954	98.174	-136.1171
1426.415039	98.227	-136.0202
1436.751465	98.281	-135.9273
1447.162720	98.335	-135.8395
1457.649414	98.389	-135.7551
1468.212158	98.444	-135.6774
1478.851440	98.500	-135.6151
1489.567871	98.556	-135.5668
1500.361816	98.611	-135.5211
1511.234131	98.665	-135.4723
1522.185059	98.717	-135.4270
1533.215454	98.768	-135.3928
1544.325806	98.819	-135.3696
1555.516602	98.870	-135.3500
1566.788574	98.921	-135.3319
1578.142090	98.972	-135.3208
1589.578003	99.022	-135.3164
1601.096680	99.070	-135.3103
1612.698975	99.116	-135.2969
1624.385254	99.161	-135.2793
1636.156250	99.206	-135.2641
1648.012451	99.250	-135.2525
1659.954590	99.295	-135.2384
1671.983398	99.338	-135.2199
1684.099243	99.381	-135.1977
1696.302856	99.424	-135.1717
1708.594971	99.467	-135.1434
1720.976196	99.510	-135.1128
1733.447144	99.553	-135.0795
1746.008423	99.596	-135.0447
1758.660645	99.638	-135.0079
1771.404663	99.680	-134.9661
1784.240967	99.723	-134.9170
1797.170288	99.767	-134.8624
1810.193359	99.813	-134.8053
1823.310791	99.861	-134.7521
1836.523193	99.909	-134.7024
1849.831421	99.957	-134.6487
1863.236084	100.004	-134.5874
1876.737793	100.051	-134.5249
1890.337524	100.098	-134.4679
1904.035645	100.145	-134.4147
1917.833008	100.194	-134.3616
1931.730469	100.244	-134.3083
1945.728638	100.294	-134.2547
1959.828125	100.346	-134.2023
1974.029907	100.399	-134.1516
1988.334473	100.452	-134.1017
2002.742798	100.505	-134.0519
2017.255493	100.559	-134.0045
2031.873291	100.613	-133.9622
2046.597168	100.668	-133.9261
2061.427734	100.724	-133.8952
2076.365479	100.780	-133.8693
2091.411865	100.838	-133.8483
2106.566895	100.896	-133.8318
2121.832031	100.954	-133.8201
2137.207764	101.014	-133.8133
2152.694824	101.076	-133.8133
2168.294189	101.138	-133.8206
2184.006592	101.200	-133.8324
2199.832764	101.262	-133.8472
2215.773682	101.323	-133.8665
2231.830078	101.385	-133.8963
2248.002686	101.447	-133.9367
2264.292725	101.511	-133.9860
2280.700684	101.575	-134.0445
2297.227539	101.640	-134.1109
2313.874268	101.704	-134.1844
2330.641602	101.768	-134.2656
2347.530273	101.834	-134.3543
2364.541504	101.902	-134.4530
2381.676025	101.970	-134.5689
2398.934570	102.036	-134.6965
2416.318359	102.102	-134.8250
2433.827881	102.165	-134.9586
2451.464355	102.228	-135.1098
2469.228760	102.292	-135.2781
2487.121826	102.355	-135.4562
2505.144531	102.418	-135.6441
2523.297852	102.481	-135.8408
2541.582764	102.543	-136.0477
2560.000000	102.603	-136.2676
2578.550781	102.664	-136.5001
2597.236084	102.724	-136.7418
2616.056641	102.783	-136.9920
2635.013672	102.842	-137.2563
2654.108154	102.900	-137.5355
2673.340820	102.956	-137.8225
2692.713135	103.011	-138.1151
2712.225586	103.064	-138.4189
2731.879395	103.116	-138.7382
2751.675781	103.167	-139.0700
2771.615479	103.217	-139.4115
2791.699707	103.265	-139.7637
2811.929688	103.310	-140.1285
2832.305908	103.355	-140.5052
2852.830078	103.397	-140.8926
2873.502930	103.437	-141.2901
2894.325439	103.475	-141.6971
2915.298828	103.510	-142.1140
2936.424316	103.544	-142.5420
2957.702881	103.575	-142.9828
2979.135742	103.605	-143.4388
3000.723633	103.631	-143.8998
3022.468262	103.652	-144.3532
3044.370117	103.670	-144.8037
3066.430908	103.684	-145.2635
3088.651611	103.698	-145.7329
3111.033203	103.710	-146.2069
3133.577148	103.722	-146.6817
3156.284180	103.732	-147.1547
3179.156006	103.743	-147.6266
3202.193359	103.754	-148.0973
3225.397949	103.764	-148.5642
3248.770508	103.773	-149.0264
3272.312500	103.781	-149.4837
3296.024902	103.787	-149.9362
3319.909180	103.791	-150.3832
3343.966797	103.790	-150.8214
3368.198486	103.784	-151.2485
3392.605713	103.775	-151.6691
3417.189941	103.759	-152.0856
3441.952393	103.735	-152.4865
3466.894287	103.703	-152.8707
3492.016846	103.664	-153.2504
3517.321289	103.623	-153.6252
3542.809326	103.579	-153.9866
3568.481934	103.533	-154.3329
3594.340576	103.487	-154.6651
3620.386719	103.441	-154.9817
3646.621582	103.396	-155.2838
3673.046387	103.353	-155.5748
3699.662842	103.311	-155.8490
3726.472168	103.270	-156.1035
3753.475586	103.232	-156.3450
3780.675049	103.197	-156.5766
3808.071289	103.165	-156.7948
3835.666016	103.134	-156.9967
3863.460938	103.102	-157.1812
3891.457275	103.069	-157.3489
3919.656250	103.035	-157.5003
3948.059814	102.998	-157.6346
3976.668945	102.957	-157.7517
4005.485596	102.908	-157.8489
4034.510986	102.849	-157.9275
4063.746582	102.782	-157.9954
4093.194336	102.710	-158.0545
4122.855469	102.634	-158.1020
4152.730957	102.554	-158.1387
4182.823730	102.472	-158.1657
4213.133789	102.387	-158.1807
4243.664062	102.301	-158.1798
4274.415527	102.217	-158.1606
4305.389648	102.134	-158.1229
4336.588379	102.055	-158.0702
4368.013184	101.978	-158.0056
4399.665527	101.904	-157.9319
4431.547363	101.833	-157.8529
4463.660156	101.766	-157.7700
4496.005371	101.701	-157.6802
4528.585449	101.639	-157.5822
4561.401367	101.577	-157.4781
4594.455078	101.517	-157.3678
4627.748535	101.459	-157.2499
4661.283203	101.402	-157.1247
4695.060547	101.346	-156.9893
4729.083008	101.293	-156.8428
4763.352051	101.243	-156.6896
4797.869141	101.194	-156.5284
4832.636719	101.145	-156.3542
4867.655762	101.098	-156.1692
4902.928711	101.053	-155.9745
4938.457520	101.012	-155.7687
4974.243652	100.973	-155.5525
5010.289062	100.936	-155.3251
5046.595703	100.899	-155.0874
5083.165527	100.863	-154.8432
5120.000000	100.826	-154.5930
5157.101562	100.787	-154.3337
5194.472168	100.747	-154.0642
5232.113281	100.704	-153.7848
5270.027344	100.661	-153.4959
5308.216309	100.616	-153.1976
5346.681641	100.569	-152.8890
5385.426270	100.521	-152.5694
5424.451172	100.473	-152.2398
5463.758789	100.427	-151.8983
5503.351562	100.382	-151.5450
5543.230957	100.342	-151.1810
5583.399414	100.305	-150.8039
5623.859375	100.273	-150.4117
5664.611816	100.248	-150.0064
5705.660156	100.228	-149.5898
5747.005859	100.212	-149.1642
5788.650879	100.202	-148.7342
5830.597656	100.198	-148.3016
5872.848633	100.199	-147.8660
5915.405762	100.207	-147.4286
5958.271484	100.220	-146.9946
6001.447266	100.234	-146.5626
6044.936523	100.246	-146.1234
6088.740234	100.258	-145.6863
6132.861816	100.274	-145.2594
6177.303223	100.295	-144.8402
6222.066406	100.322	-144.4304
6267.154297	100.354	-144.0321
6312.568359	100.392	-143.6477
6358.312012	100.436	-143.2828
6404.386719	100.485	-142.9434
6450.795898	100.540	-142.6311
6497.541016	100.603	-142.3470
6544.625000	100.673	-142.0945
6592.049805	100.751	-141.8792
6639.818359	100.837	-141.7106
6687.933594	100.931	-141.5952
6736.396973	101.034	-141.5396
6785.211426	101.145	-141.5546
6834.379883	101.266	-141.6498
6883.904785	101.394	-141.8336
6933.788574	101.531	-142.1163
6984.033691	101.676	-142.5089
7034.642578	101.829	-143.0245
7085.618652	101.989	-143.6771
7136.963867	102.155	-144.4840
7188.681152	102.326	-145.4648
7240.773438	102.500	-146.6418
7293.243164	102.676	-148.0428
7346.092773	102.848	-149.6944
7399.325684	103.012	-151.6138
7452.944336	103.160	-153.8099
7506.951172	103.285	-156.2864
7561.350098	103.379	-159.0381
7616.142578	103.433	-162.0481
7671.332031	103.442	-165.2872
7726.921875	103.398	-168.7144
7782.914551	103.296	-172.2775
7839.312500	103.133	-175.9184
7896.119629	102.908	-179.5751
7953.337891	102.624	176.8190
8010.971191	102.285	173.3295
8069.021973	101.895	170.0150
8127.493164	101.460	166.9174
8186.388672	100.989	164.0663
8245.710938	100.491	161.4819
8305.461914	99.973	159.1720
8365.647461	99.442	157.1360
8426.267578	98.903	155.3638
8487.328125	98.361	153.8353
8548.831055	97.819	152.5253
8610.779297	97.280	151.4092
8673.176758	96.746	150.4678
8736.026367	96.219	149.6815
8799.331055	95.699	149.0267
8863.094727	95.185	148.4839
8927.320312	94.676	148.0433
8992.010742	94.170	147.7021
9057.170898	93.666	147.4648
9122.802734	93.161	147.3369
9188.910156	92.654	147.3206
9255.497070	92.145	147.4234
9322.566406	91.632	147.6602
9390.121094	91.120	148.0416
9458.166016	90.610	148.5729
9526.704102	90.107	149.2555
9595.738281	89.613	150.0904
9665.273438	89.132	151.0802
9735.311523	88.668	152.2168
9805.857422	88.224	153.4792
9876.915039	87.800	154.8454
9948.487305	87.396	156.2979
10020.578125	87.012	157.8265
10093.191406	86.650	159.4141
10166.331055	86.311	161.0443
10240.000000	85.996	162.7079
10314.203125	85.705	164.4013
10388.944336	85.435	166.1151
10464.226562	85.183	167.8376
10540.054688	84.947	169.5580
10616.432617	84.728	171.2615
10693.363281	84.526	172.9604
10770.852539	84.342	174.6705
10848.902344	84.175	176.3752
10927.517578	84.021	178.0585
11006.703125	83.879	179.7183
11086.461914	83.751	-178.6385
11166.798828	83.636	-177.0037
11247.718750	83.531	-175.3829
11329.223633	83.435	-173.7906
11411.320312	83.349	-172.2352
11494.011719	83.272	-170.7045
11577.301758	83.207	-169.1944
11661.195312	83.151	-167.7198
11745.697266	83.106	-166.2785
11830.811523	83.071	-164.8522
11916.542969	83.041	-163.4298
12002.894531	83.018	-162.0001
12089.873047	83.004	-160.5538
12177.480469	83.003	-159.0875
12265.723633	83.017	-157.6020
12354.606445	83.047	-156.0894
12444.132812	83.095	-154.5520
12534.308594	83.163	-153.0113
12625.136719	83.255	-151.4930
12716.624023	83.371	-150.0240
12808.773438	83.510	-148.6139
12901.591797	83.673	-147.2535
12995.082031	83.863	-145.9345
13089.250000	84.086	-144.6775
13184.099609	84.341	-143.5145
13279.636719	84.627	-142.4722
13375.867188	84.942	-141.5817
13472.793945	85.294	-140.8524
13570.422852	85.688	-140.2861
13668.759766	86.132	-139.9093
13767.809570	86.640	-139.7698
13867.577148	87.230	-139.9204
13968.067383	87.924	-140.4024
14069.285156	88.739	-141.2656
14171.237305	89.670	-142.5815
14273.927734	90.704	-144.4495
14377.362305	91.830	-147.0143
14481.546875	93.045	-150.4911
14586.486328	94.347	-155.1857
14692.185547	95.721	-161.4620
14798.651367	97.116	-169.6986
14905.888672	98.440	179.7813
15013.902344	99.562	166.8445
15122.700195	100.337	151.7101
15232.285156	100.642	135.0524
15342.664062	100.413	117.9339
15453.843750	99.671	101.4948
15565.829102	98.511	86.5709
15678.625000	97.070	73.5229
15792.239258	95.491	62.2928
15906.675781	93.894	52.5730
16021.942383	92.350	43.9595
16138.043945	90.894	36.0587
16254.986328	89.541	28.5373
16372.777344	88.315	21.1406
16491.421875	87.254	13.6831
16610.923828	86.390	6.0406
16731.294922	85.717	-1.8783
16852.535156	85.193	-10.1470
16974.656250	84.774	-18.8098
17097.662109	84.428	-27.8867
17221.558594	84.136	-37.3937
17346.353516	83.888	-47.3358
17472.052734	83.672	-57.7050
17598.662109	83.478	-68.4881
17726.189453	83.300	-79.6846
17854.640625	83.136	-91.3125
17984.021484	82.985	-103.3792
18114.341797	82.846	-115.8710
18245.605469	82.720	-128.7971
18377.820312	82.604	-142.1917
18510.994141	82.499	-156.1179
18645.132812	82.409	-170.6395
18780.242188	82.347	174.2034
18916.332031	82.333	158.3719
19053.408203	82.376	141.8040
19191.476562	82.473	124.4119
19330.546875	82.597	106.1144
19470.623047	82.696	86.8732
19611.714844	82.716	66.7386
19753.830078	82.627	46.2168
19896.974609	82.464	27.3321
