* Measurement data measured by REW V5.31
* Source: Input device not selected, no input selected, L, volume: no control. Timing signal peak level -31.3 dBFS, measurement signal peak level -34.9 dBFS
* Format: 1M Log Swept Sine, 1 sweep at 0.0 dBFS using an acoustic timing reference
* Dated: 29-Apr-2024 11:01:48
* REW Settings:
*  C-weighting compensation: Off
*  Target level: 75.0 dB
* Note: ; Delay -0.0367 ms (-13 mm, -0.49 in) using estimated IR delay relative to Acoustic reference played from  R with no timing offset
* Measurement: Zero Red Stock Narrow R1
* Smoothing: 1/24 octave
* Frequency Step: 1/96 octave
* Start Frequency: 20.000 Hz
*
* Freq(Hz)	SPL(dB)	Phase(degrees)
20.000000	98.268	-109.9633
20.144928	98.392	-110.1810
20.290907	98.520	-110.5517
20.437943	98.645	-111.0659
20.586044	98.758	-111.7037
20.735220	98.855	-112.4374
20.885475	98.933	-113.2221
21.036821	98.991	-114.0177
21.189262	99.031	-114.7855
21.342808	99.058	-115.4876
21.497467	99.076	-116.1056
21.653246	99.091	-116.6299
21.810154	99.111	-117.0639
21.968201	99.140	-117.4300
22.127390	99.181	-117.7570
22.287735	99.236	-118.0783
22.449242	99.303	-118.4309
22.611917	99.379	-118.8385
22.775772	99.459	-119.3200
22.940815	99.540	-119.8809
23.107054	99.615	-120.5145
23.274498	99.683	-121.2087
23.443153	99.741	-121.9430
23.613033	99.789	-122.6962
23.784142	99.826	-123.4487
23.956491	99.855	-124.1821
24.130091	99.877	-124.8843
24.304947	99.893	-125.5464
24.481071	99.907	-126.1646
24.658470	99.921	-126.7386
24.837156	99.936	-127.2718
25.017136	99.954	-127.7708
25.198421	99.976	-128.2450
25.381020	100.004	-128.7077
25.564941	100.037	-129.1733
25.750195	100.076	-129.6591
25.936790	100.118	-130.1790
26.124741	100.161	-130.7450
26.314051	100.202	-131.3601
26.504732	100.235	-132.0187
26.696796	100.258	-132.7045
26.890253	100.268	-133.3909
27.085112	100.265	-134.0468
27.281382	100.249	-134.6378
27.479073	100.225	-135.1369
27.678198	100.199	-135.5269
27.878765	100.178	-135.8104
28.080786	100.168	-136.0068
28.284271	100.174	-136.1565
28.489231	100.197	-136.3057
28.695675	100.235	-136.5046
28.903616	100.282	-136.7873
29.113064	100.330	-137.1713
29.324028	100.373	-137.6489
29.536524	100.404	-138.1945
29.750557	100.420	-138.7670
29.966141	100.424	-139.3253
30.183289	100.418	-139.8325
30.402010	100.411	-140.2725
30.622314	100.409	-140.6514
30.844217	100.419	-141.0025
31.067726	100.444	-141.3752
31.292856	100.484	-141.8293
31.519617	100.532	-142.4102
31.748020	100.578	-143.1419
31.978081	100.612	-144.0125
32.209808	100.624	-144.9785
32.443211	100.609	-145.9662
32.678310	100.567	-146.8913
32.915108	100.507	-147.6777
33.153625	100.443	-148.2752
33.393871	100.391	-148.6871
33.635857	100.366	-148.9703
33.879597	100.377	-149.2328
34.125103	100.418	-149.5851
34.372387	100.476	-150.1051
34.621464	100.529	-150.8032
34.872345	100.558	-151.6103
35.125042	100.555	-152.4035
35.379574	100.525	-153.0324
35.635948	100.487	-153.3917
35.894180	100.471	-153.4662
36.154285	100.504	-153.3651
36.416275	100.600	-153.3058
36.680161	100.746	-153.5139
36.945961	100.909	-154.1415
37.213688	101.044	-155.1974
37.483353	101.116	-156.5437
37.754974	101.107	-157.9568
38.028561	101.019	-159.1749
38.304131	100.880	-159.9795
38.581699	100.730	-160.2818
38.861279	100.613	-160.1523
39.142883	100.557	-159.8118
39.426529	100.557	-159.5352
39.712231	100.588	-159.5007
40.000000	100.614	-159.7347
40.289856	100.611	-160.1348
40.581814	100.576	-160.5419
40.875885	100.526	-160.8457
41.172089	100.482	-161.0430
41.470440	100.460	-161.2235
41.770950	100.457	-161.5065
42.073643	100.453	-161.9529
42.378525	100.427	-162.5086
42.685616	100.373	-163.0361
42.994934	100.303	-163.3993
43.306492	100.245	-163.5490
43.620308	100.228	-163.5717
43.936401	100.261	-163.6613
44.254780	100.328	-164.0046
44.575470	100.393	-164.6608
44.898483	100.426	-165.5352
45.223835	100.414	-166.4406
45.551544	100.368	-167.1945
45.881630	100.313	-167.7061
46.214108	100.277	-168.0184
46.548996	100.269	-168.2739
46.886307	100.280	-168.6145
47.226067	100.287	-169.0850
47.568283	100.269	-169.6111
47.912983	100.224	-170.0563
48.260181	100.167	-170.3129
48.609894	100.123	-170.3743
48.962143	100.109	-170.3488
49.316940	100.128	-170.4050
49.674313	100.165	-170.6806
50.034271	100.193	-171.2148
50.396843	100.193	-171.9371
50.762039	100.152	-172.7069
51.129883	100.078	-173.3737
51.500389	99.989	-173.8364
51.873581	99.909	-174.0834
52.249481	99.859	-174.1986
52.628101	99.846	-174.3219
53.009464	99.862	-174.5829
53.393593	99.890	-175.0432
53.780506	99.911	-175.6810
54.170223	99.914	-176.4156
54.562763	99.896	-177.1494
54.958145	99.860	-177.8011
55.356396	99.814	-178.3204
55.757530	99.767	-178.6893
56.161572	99.728	-178.9212
56.568542	99.702	-179.0615
56.978462	99.693	-179.1782
57.391350	99.692	-179.3346
57.807232	99.691	-179.5541
58.226128	99.678	-179.8084
58.648056	99.654	179.9551
59.073048	99.623	179.7649
59.501114	99.593	179.5986
59.932281	99.565	179.4067
60.366577	99.532	179.1683
60.804020	99.490	178.9206
61.244629	99.443	178.7240
61.688435	99.408	178.5933
62.135452	99.398	178.4592
62.585712	99.414	178.2059
63.039234	99.444	177.7547
63.496040	99.472	177.1151
63.956161	99.486	176.3671
64.419617	99.486	175.6080
64.886421	99.476	174.9122
65.356621	99.461	174.3237
65.830215	99.445	173.8666
66.307251	99.432	173.5503
66.787743	99.423	173.3657
67.271713	99.421	173.2818
67.759193	99.422	173.2519
68.250206	99.418	173.2330
68.744774	99.401	173.2108
69.242928	99.362	173.2088
69.744690	99.301	173.2623
70.250084	99.225	173.3690
70.759148	99.142	173.4678
71.271896	99.050	173.4833
71.788361	98.943	173.3965
72.308571	98.822	173.2550
72.832550	98.701	173.0951
73.360321	98.599	172.8608
73.891922	98.523	172.4288
74.427376	98.460	171.7287
74.966705	98.392	170.8299
75.509949	98.313	169.9010
76.057121	98.231	169.0978
76.608261	98.160	168.4935
77.163399	98.112	168.0802
77.722557	98.088	167.8015
78.285767	98.082	167.5871
78.853058	98.081	167.3871
79.424461	98.072	167.1940
80.000000	98.050	167.0255
80.579712	98.015	166.8923
81.163628	97.972	166.7892
81.751770	97.928	166.6964
82.344177	97.892	166.5817
82.940880	97.868	166.4226
83.541901	97.858	166.2195
84.147285	97.864	165.9648
84.757050	97.878	165.6566
85.371231	97.881	165.3988
85.989868	97.869	165.3804
86.612984	97.856	165.7015
87.240616	97.849	166.3976
87.872803	97.865	167.6104
88.509560	97.967	169.2421
89.150940	98.193	170.3698
89.796967	98.424	169.9663
90.447670	98.470	168.2190
91.103088	98.261	166.3652
91.763260	97.907	165.3804
92.428215	97.567	165.1523
93.097992	97.305	164.9989
93.772614	97.100	164.6409
94.452133	96.945	164.1812
95.136566	96.844	163.6699
95.825966	96.784	163.1327
96.520363	96.751	162.6536
97.219788	96.733	162.2926
97.924286	96.713	162.0911
98.633881	96.684	162.0862
99.348625	96.647	162.2319
100.068542	96.600	162.4245
100.793686	96.539	162.6025
101.524078	96.469	162.7195
102.259766	96.396	162.7042
103.000778	96.321	162.5304
103.747162	96.245	162.2519
104.498962	96.173	161.9503
105.256203	96.114	161.6861
106.018929	96.071	161.4606
106.787186	96.035	161.2572
107.561012	95.992	161.1426
108.340446	95.946	161.1823
109.125526	95.902	161.2915
109.916290	95.851	161.3659
110.712791	95.787	161.4301
111.515060	95.715	161.5073
112.323143	95.641	161.5533
113.137085	95.566	161.5819
113.956924	95.497	161.6429
114.782700	95.440	161.6941
115.614464	95.390	161.6749
116.452255	95.336	161.6426
117.296112	95.281	161.6740
118.146095	95.235	161.7053
119.002228	95.192	161.6218
119.864563	95.135	161.4511
120.733154	95.064	161.3200
121.608040	94.988	161.2782
122.489258	94.913	161.3015
123.376869	94.835	161.4184
124.270905	94.760	161.7040
125.171425	94.700	162.1351
126.078468	94.663	162.5311
126.992081	94.628	162.7435
127.912323	94.576	162.8524
128.839233	94.517	163.0316
129.772842	94.475	163.2711
130.713242	94.459	163.3865
131.660431	94.448	163.2717
132.614502	94.412	163.0429
133.575485	94.344	162.9785
134.543427	94.266	163.2628
135.518387	94.207	163.7824
136.500412	94.169	164.2887
137.489548	94.137	164.6304
138.485855	94.095	164.7946
139.489380	94.035	164.8596
140.500168	93.965	164.9057
141.518295	93.893	164.9816
142.543793	93.827	165.1111
143.576721	93.769	165.3051
144.617142	93.720	165.5601
145.665100	93.675	165.8470
146.720642	93.630	166.1596
147.783844	93.586	166.4966
148.854752	93.546	166.8033
149.933411	93.508	167.0289
151.019897	93.469	167.2080
152.114243	93.431	167.4010
153.216522	93.397	167.6298
154.326797	93.367	167.9039
155.445114	93.340	168.2179
156.571533	93.313	168.5416
157.706116	93.283	168.8329
158.848923	93.244	169.0953
160.000000	93.202	169.3725
161.159424	93.164	169.6693
162.327255	93.134	169.9722
163.503540	93.112	170.2666
164.688354	93.093	170.5551
165.881760	93.072	170.8624
167.083801	93.052	171.1771
168.294571	93.030	171.4539
169.514099	93.004	171.7114
170.742462	92.974	171.9868
171.979736	92.943	172.2808
173.225967	92.913	172.5974
174.481232	92.884	172.9213
175.745605	92.855	173.2200
177.019119	92.826	173.5043
178.301880	92.803	173.8120
179.593933	92.790	174.1227
180.895340	92.784	174.4493
182.206177	92.781	174.8300
183.526520	92.773	175.2803
184.856430	92.759	175.7898
186.195984	92.742	176.2797
187.545227	92.723	176.6631
188.904266	92.708	176.9516
190.273132	92.705	177.1912
191.651932	92.717	177.4147
193.040726	92.739	177.6629
194.439575	92.760	177.9454
195.848572	92.772	178.2503
197.267761	92.770	178.5467
198.697250	92.757	178.8226
200.137085	92.742	179.1210
201.587372	92.737	179.4735
203.048157	92.747	179.8436
204.519531	92.763	-179.7980
206.001556	92.778	-179.4353
207.494324	92.792	-179.0836
208.997925	92.806	-178.7988
210.512405	92.816	-178.6067
212.037857	92.818	-178.4608
213.574371	92.811	-178.2693
215.122025	92.803	-177.9930
216.680893	92.799	-177.6690
218.251053	92.799	-177.3506
219.832581	92.799	-177.0565
221.425583	92.799	-176.7924
223.030121	92.799	-176.5724
224.646286	92.803	-176.3974
226.274170	92.813	-176.2348
227.913849	92.829	-176.0494
229.565399	92.849	-175.8220
231.228928	92.868	-175.5679
232.904510	92.886	-175.3392
234.592224	92.901	-175.1700
236.292191	92.914	-175.0309
238.004456	92.926	-174.8661
239.729126	92.938	-174.6428
241.466309	92.948	-174.3788
243.216080	92.959	-174.1226
244.978516	92.972	-173.8909
246.753738	92.989	-173.6719
248.541809	93.009	-173.4463
250.342850	93.026	-173.2141
252.156937	93.038	-173.0051
253.984161	93.048	-172.8244
255.824646	93.061	-172.6371
257.678467	93.082	-172.4241
259.545685	93.110	-172.2119
261.426483	93.136	-172.0409
263.320862	93.155	-171.9094
265.229004	93.171	-171.7790
267.150970	93.189	-171.6272
269.086853	93.210	-171.4700
271.036774	93.226	-171.3136
273.000824	93.236	-171.1443
274.979095	93.246	-170.9773
276.971710	93.262	-170.8429
278.978760	93.283	-170.7479
281.000336	93.307	-170.6660
283.036591	93.331	-170.5960
285.087585	93.349	-170.5327
287.153442	93.361	-170.4605
289.234283	93.369	-170.3696
291.330200	93.376	-170.2534
293.441284	93.382	-170.1388
295.567688	93.384	-170.0128
297.709503	93.381	-169.8478
299.866821	93.374	-169.6333
302.039795	93.363	-169.4058
304.228485	93.351	-169.1841
306.433044	93.342	-169.0159
308.653595	93.340	-168.8522
310.890228	93.348	-168.6502
313.143066	93.362	-168.3243
315.412231	93.383	-167.9060
317.697845	93.406	-167.5161
320.000000	93.436	-167.1232
322.318848	93.476	-166.7681
324.654510	93.522	-166.4096
327.007080	93.576	-166.0067
329.376709	93.641	-165.7493
331.763519	93.705	-165.6168
334.167603	93.769	-165.4221
336.589142	93.840	-165.2875
339.028198	93.903	-165.4389
341.484924	93.939	-165.7164
343.959473	93.961	-165.8246
346.451935	93.996	-165.7560
348.962463	94.052	-165.7429
351.491211	94.117	-165.9595
354.038239	94.169	-166.3583
356.603760	94.196	-166.7697
359.187866	94.202	-167.0996
361.790680	94.196	-167.3277
364.412354	94.187	-167.4646
367.053040	94.180	-167.5289
369.712860	94.179	-167.5362
372.391968	94.184	-167.5198
375.090454	94.187	-167.4805
377.808533	94.184	-167.3841
380.546265	94.175	-167.2455
383.303864	94.161	-167.1405
386.081451	94.145	-167.1311
388.879150	94.133	-167.1987
391.697144	94.129	-167.2399
394.535522	94.131	-167.1850
397.394501	94.132	-167.0851
400.274170	94.133	-167.0241
403.174744	94.135	-167.0037
406.096313	94.139	-166.9733
409.039062	94.141	-166.9166
412.003113	94.141	-166.8543
414.988647	94.138	-166.8012
417.995850	94.136	-166.7566
421.024811	94.134	-166.7159
424.075714	94.133	-166.6647
427.148743	94.132	-166.5917
430.244049	94.132	-166.5067
433.361786	94.131	-166.4224
436.502106	94.129	-166.3478
439.665161	94.126	-166.2815
442.851166	94.123	-166.2095
446.060242	94.120	-166.1211
449.292572	94.119	-166.0224
452.548340	94.119	-165.9226
455.827698	94.119	-165.8276
459.130798	94.119	-165.7384
462.457855	94.120	-165.6488
465.809021	94.120	-165.5533
469.184448	94.119	-165.4535
472.584381	94.116	-165.3527
476.008911	94.113	-165.2485
479.458252	94.111	-165.1389
482.932617	94.111	-165.0280
486.432159	94.110	-164.9207
489.957031	94.110	-164.8130
493.507477	94.109	-164.6985
497.083618	94.109	-164.5792
500.685699	94.108	-164.4597
504.313873	94.106	-164.3410
507.968323	94.105	-164.2199
511.649292	94.104	-164.0963
515.356934	94.103	-163.9727
519.091370	94.102	-163.8467
522.852966	94.102	-163.7137
526.641724	94.102	-163.5763
530.458008	94.103	-163.4447
534.301941	94.104	-163.3151
538.173706	94.104	-163.1783
542.073547	94.103	-163.0340
546.001648	94.103	-162.8876
549.958191	94.104	-162.7414
553.943420	94.105	-162.5916
557.957520	94.106	-162.4381
562.000671	94.107	-162.2816
566.073181	94.108	-162.1252
570.175171	94.109	-161.9712
574.306885	94.109	-161.8169
578.468567	94.109	-161.6587
582.660400	94.110	-161.4955
586.882568	94.111	-161.3297
591.135376	94.113	-161.1572
595.419006	94.115	-160.9793
599.733643	94.117	-160.8046
604.079590	94.120	-160.6369
608.456970	94.122	-160.4715
612.866089	94.124	-160.3020
617.307190	94.125	-160.1244
621.780457	94.127	-159.9397
626.286133	94.129	-159.7496
630.824463	94.132	-159.5553
635.395691	94.135	-159.3570
640.000000	94.139	-159.1574
644.637695	94.143	-158.9600
649.309021	94.147	-158.7612
654.014160	94.151	-158.5571
658.753418	94.155	-158.3484
663.527039	94.159	-158.1337
668.335205	94.163	-157.9174
673.178284	94.166	-157.7030
678.056396	94.169	-157.4886
682.969849	94.173	-157.2697
687.918945	94.179	-157.0458
692.903870	94.185	-156.8214
697.924927	94.191	-156.5941
702.982422	94.197	-156.3566
708.076477	94.202	-156.1132
713.207520	94.207	-155.8757
718.375732	94.213	-155.6426
723.581360	94.220	-155.4050
728.824707	94.228	-155.1664
734.106079	94.236	-154.9294
739.425720	94.244	-154.6854
744.783936	94.252	-154.4283
750.180908	94.260	-154.1617
755.617065	94.269	-153.8885
761.092529	94.279	-153.6160
766.607727	94.290	-153.3465
772.162903	94.301	-153.0757
777.758301	94.312	-152.8013
783.394287	94.323	-152.5217
789.071045	94.336	-152.2394
794.789001	94.348	-151.9510
800.548340	94.361	-151.6561
806.349487	94.373	-151.3637
812.192627	94.386	-151.0751
818.078125	94.402	-150.7843
824.006226	94.419	-150.4903
829.977295	94.436	-150.1903
835.991699	94.453	-149.8826
842.049622	94.470	-149.5663
848.151428	94.487	-149.2444
854.297485	94.505	-148.9236
860.488098	94.524	-148.6078
866.723572	94.543	-148.2943
873.004211	94.563	-147.9805
879.330322	94.583	-147.6632
885.702332	94.604	-147.3408
892.120483	94.625	-147.0120
898.585144	94.649	-146.6775
905.096680	94.676	-146.3398
911.655396	94.704	-146.0042
918.261597	94.732	-145.6762
924.915710	94.762	-145.3542
931.618042	94.791	-145.0341
938.368896	94.819	-144.7156
945.168762	94.843	-144.3991
952.017822	94.861	-144.0822
958.916504	94.874	-143.7609
965.865234	94.887	-143.4357
972.864319	94.906	-143.1119
979.914062	94.935	-142.7981
987.014954	94.973	-142.5013
994.167236	95.018	-142.2207
1001.371399	95.066	-141.9475
1008.627747	95.116	-141.6677
1015.936646	95.167	-141.3755
1023.298584	95.216	-141.0812
1030.713867	95.261	-140.7984
1038.182739	95.305	-140.5356
1045.705933	95.348	-140.2859
1053.283447	95.389	-140.0380
1060.916016	95.430	-139.7899
1068.603882	95.470	-139.5457
1076.347412	95.510	-139.3067
1084.147095	95.549	-139.0696
1092.003296	95.588	-138.8356
1099.916382	95.626	-138.6106
1107.886841	95.665	-138.3987
1115.915039	95.704	-138.2008
1124.001343	95.744	-138.0140
1132.146362	95.783	-137.8320
1140.350342	95.821	-137.6524
1148.613770	95.857	-137.4739
1156.937134	95.891	-137.2939
1165.320801	95.923	-137.1115
1173.765137	95.956	-136.9310
1182.270752	95.990	-136.7562
1190.838013	96.024	-136.5890
1199.467285	96.057	-136.4248
1208.159180	96.089	-136.2554
1216.913940	96.121	-136.0772
1225.732178	96.153	-135.8941
1234.614380	96.186	-135.7128
1243.560913	96.221	-135.5369
1252.572266	96.256	-135.3619
1261.648926	96.293	-135.1857
1270.791382	96.331	-135.0122
1280.000000	96.369	-134.8435
1289.275391	96.407	-134.6767
1298.618042	96.447	-134.5094
1308.028320	96.487	-134.3432
1317.506836	96.527	-134.1762
1327.054077	96.566	-134.0038
1336.670410	96.605	-133.8204
1346.356567	96.643	-133.6228
1356.112793	96.683	-133.4198
1365.939697	96.724	-133.2273
1375.837891	96.767	-133.0476
1385.807739	96.810	-132.8697
1395.849854	96.854	-132.6901
1405.964844	96.897	-132.5091
1416.152954	96.941	-132.3223
1426.415039	96.987	-132.1307
1436.751465	97.032	-131.9361
1447.162720	97.079	-131.7401
1457.649414	97.126	-131.5459
1468.212158	97.175	-131.3567
1478.851440	97.225	-131.1770
1489.567871	97.275	-131.0064
1500.361816	97.324	-130.8360
1511.234131	97.372	-130.6557
1522.185059	97.420	-130.4688
1533.215454	97.469	-130.2894
1544.325806	97.519	-130.1252
1555.516602	97.571	-129.9712
1566.788574	97.623	-129.8247
1578.142090	97.674	-129.6909
1589.578003	97.723	-129.5687
1601.096680	97.768	-129.4423
1612.698975	97.810	-129.2949
1624.385254	97.850	-129.1243
1636.156250	97.888	-128.9358
1648.012451	97.926	-128.7288
1659.954590	97.965	-128.4932
1671.983398	98.007	-128.2260
1684.099243	98.054	-127.9324
1696.302856	98.105	-127.6232
1708.594971	98.162	-127.3117
1720.976196	98.225	-127.0100
1733.447144	98.293	-126.7239
1746.008423	98.366	-126.4600
1758.660645	98.443	-126.2262
1771.404663	98.521	-126.0288
1784.240967	98.600	-125.8697
1797.170288	98.677	-125.7453
1810.193359	98.750	-125.6475
1823.310791	98.819	-125.5654
1836.523193	98.885	-125.4816
1849.831421	98.946	-125.3764
1863.236084	99.004	-125.2371
1876.737793	99.061	-125.0574
1890.337524	99.120	-124.8368
1904.035645	99.185	-124.5777
1917.833008	99.258	-124.2915
1931.730469	99.340	-124.0024
1945.728638	99.431	-123.7331
1959.828125	99.530	-123.5009
1974.029907	99.635	-123.3151
1988.334473	99.743	-123.1816
2002.742798	99.852	-123.1039
2017.255493	99.961	-123.0803
2031.873291	100.070	-123.1043
2046.597168	100.176	-123.1691
2061.427734	100.280	-123.2696
2076.365479	100.379	-123.4013
2091.411865	100.474	-123.5593
2106.566895	100.566	-123.7405
2121.832031	100.654	-123.9438
2137.207764	100.739	-124.1634
2152.694824	100.821	-124.3950
2168.294189	100.899	-124.6366
2184.006592	100.971	-124.8807
2199.832764	101.038	-125.1179
2215.773682	101.100	-125.3446
2231.830078	101.158	-125.5634
2248.002686	101.215	-125.7746
2264.292725	101.271	-125.9759
2280.700684	101.326	-126.1655
2297.227539	101.381	-126.3441
2313.874268	101.435	-126.5121
2330.641602	101.488	-126.6714
2347.530273	101.542	-126.8250
2364.541504	101.596	-126.9777
2381.676025	101.650	-127.1334
2398.934570	101.703	-127.2844
2416.318359	101.755	-127.4249
2433.827881	101.806	-127.5628
2451.464355	101.856	-127.7083
2469.228760	101.907	-127.8582
2487.121826	101.958	-128.0032
2505.144531	102.009	-128.1404
2523.297852	102.058	-128.2700
2541.582764	102.107	-128.3932
2560.000000	102.157	-128.5101
2578.550781	102.207	-128.6215
2597.236084	102.260	-128.7279
2616.056641	102.314	-128.8313
2635.013672	102.371	-128.9367
2654.108154	102.430	-129.0468
2673.340820	102.490	-129.1592
2692.713135	102.552	-129.2750
2712.225586	102.617	-129.4040
2731.879395	102.684	-129.5573
2751.675781	102.753	-129.7410
2771.615479	102.823	-129.9576
2791.699707	102.893	-130.2088
2811.929688	102.961	-130.4942
2832.305908	103.027	-130.8103
2852.830078	103.088	-131.1523
2873.502930	103.145	-131.5146
2894.325439	103.197	-131.8888
2915.298828	103.245	-132.2650
2936.424316	103.289	-132.6370
2957.702881	103.332	-133.0062
2979.135742	103.373	-133.3785
3000.723633	103.412	-133.7505
3022.468262	103.447	-134.1165
3044.370117	103.479	-134.4839
3066.430908	103.509	-134.8637
3088.651611	103.539	-135.2540
3111.033203	103.569	-135.6514
3133.577148	103.597	-136.0546
3156.284180	103.625	-136.4612
3179.156006	103.652	-136.8669
3202.193359	103.678	-137.2658
3225.397949	103.701	-137.6534
3248.770508	103.722	-138.0277
3272.312500	103.742	-138.3849
3296.024902	103.760	-138.7192
3319.909180	103.777	-139.0273
3343.966797	103.791	-139.3073
3368.198486	103.802	-139.5606
3392.605713	103.813	-139.7943
3417.189941	103.821	-140.0118
3441.952393	103.825	-140.2036
3466.894287	103.826	-140.3702
3492.016846	103.825	-140.5284
3517.321289	103.826	-140.6862
3542.809326	103.830	-140.8441
3568.481934	103.837	-141.0079
3594.340576	103.846	-141.1823
3620.386719	103.859	-141.3681
3646.621582	103.876	-141.5683
3673.046387	103.898	-141.7882
3699.662842	103.923	-142.0239
3726.472168	103.950	-142.2726
3753.475586	103.980	-142.5394
3780.675049	104.013	-142.8251
3808.071289	104.047	-143.1242
3835.666016	104.079	-143.4326
3863.460938	104.109	-143.7466
3891.457275	104.137	-144.0610
3919.656250	104.160	-144.3740
3948.059814	104.179	-144.6876
3976.668945	104.190	-145.0014
4005.485596	104.190	-145.3067
4034.510986	104.179	-145.5954
4063.746582	104.158	-145.8681
4093.194336	104.130	-146.1240
4122.855469	104.099	-146.3616
4152.730957	104.065	-146.5847
4182.823730	104.031	-146.8035
4213.133789	103.996	-147.0298
4243.664062	103.961	-147.2688
4274.415527	103.925	-147.5206
4305.389648	103.889	-147.7833
4336.588379	103.854	-148.0531
4368.013184	103.820	-148.3237
4399.665527	103.785	-148.5918
4431.547363	103.751	-148.8602
4463.660156	103.717	-149.1307
4496.005371	103.682	-149.4012
4528.585449	103.646	-149.6694
4561.401367	103.608	-149.9365
4594.455078	103.570	-150.2009
4627.748535	103.529	-150.4597
4661.283203	103.486	-150.7094
4695.060547	103.442	-150.9443
4729.083008	103.396	-151.1589
4763.352051	103.349	-151.3525
4797.869141	103.301	-151.5220
4832.636719	103.255	-151.6603
4867.655762	103.209	-151.7685
4902.928711	103.165	-151.8519
4938.457520	103.125	-151.9108
4974.243652	103.086	-151.9458
5010.289062	103.050	-151.9589
5046.595703	103.015	-151.9537
5083.165527	102.982	-151.9328
5120.000000	102.950	-151.8983
5157.101562	102.918	-151.8527
5194.472168	102.886	-151.7975
5232.113281	102.852	-151.7332
5270.027344	102.818	-151.6606
5308.216309	102.784	-151.5797
5346.681641	102.748	-151.4881
5385.426270	102.712	-151.3882
5424.451172	102.678	-151.2852
5463.758789	102.646	-151.1793
5503.351562	102.617	-151.0699
5543.230957	102.593	-150.9573
5583.399414	102.574	-150.8400
5623.859375	102.561	-150.7172
5664.611816	102.555	-150.5888
5705.660156	102.556	-150.4550
5747.005859	102.563	-150.3191
5788.650879	102.578	-150.1880
5830.597656	102.600	-150.0679
5872.848633	102.632	-149.9606
5915.405762	102.672	-149.8725
5958.271484	102.718	-149.8154
6001.447266	102.769	-149.7917
6044.936523	102.820	-149.7952
6088.740234	102.873	-149.8372
6132.861816	102.932	-149.9337
6177.303223	102.999	-150.0923
6222.066406	103.075	-150.3215
6267.154297	103.158	-150.6294
6312.568359	103.247	-151.0253
6358.312012	103.341	-151.5200
6404.386719	103.439	-152.1252
6450.795898	103.540	-152.8546
6497.541016	103.644	-153.7257
6544.625000	103.749	-154.7522
6592.049805	103.853	-155.9428
6639.818359	103.952	-157.3097
6687.933594	104.043	-158.8647
6736.396973	104.119	-160.6138
6785.211426	104.176	-162.5590
6834.379883	104.210	-164.6949
6883.904785	104.214	-167.0062
6933.788574	104.185	-169.4693
6984.033691	104.118	-172.0535
7034.642578	104.009	-174.7206
7085.618652	103.857	-177.4268
7136.963867	103.660	179.8706
7188.681152	103.418	177.2060
7240.773438	103.134	174.6104
7293.243164	102.809	172.1122
7346.092773	102.445	169.7416
7399.325684	102.046	167.5310
7452.944336	101.614	165.5113
7506.951172	101.154	163.7064
7561.350098	100.670	162.1354
7616.142578	100.167	160.8084
7671.332031	99.651	159.7241
7726.921875	99.126	158.8775
7782.914551	98.598	158.2603
7839.312500	98.073	157.8566
7896.119629	97.556	157.6435
7953.337891	97.052	157.5969
8010.971191	96.563	157.6977
8069.021973	96.088	157.9329
8127.493164	95.628	158.2886
8186.388672	95.184	158.7506
8245.710938	94.755	159.3089
8305.461914	94.342	159.9594
8365.647461	93.947	160.6985
8426.267578	93.568	161.5167
8487.328125	93.205	162.4036
8548.831055	92.855	163.3471
8610.779297	92.517	164.3349
8673.176758	92.190	165.3609
8736.026367	91.873	166.4307
8799.331055	91.566	167.5511
8863.094727	91.269	168.7202
8927.320312	90.983	169.9309
8992.010742	90.706	171.1782
9057.170898	90.435	172.4656
9122.802734	90.170	173.8057
9188.910156	89.911	175.2086
9255.497070	89.656	176.6758
9322.566406	89.406	178.2097
9390.121094	89.163	179.8181
9458.166016	88.931	-178.4922
9526.704102	88.712	-176.7150
9595.738281	88.510	-174.8534
9665.273438	88.324	-172.9212
9735.311523	88.155	-170.9274
9805.857422	88.005	-168.8696
9876.915039	87.878	-166.7530
9948.487305	87.774	-164.6024
10020.578125	87.694	-162.4425
10093.191406	87.640	-160.2910
10166.331055	87.611	-158.1499
10240.000000	87.608	-156.0189
10314.203125	87.629	-153.9114
10388.944336	87.676	-151.8421
10464.226562	87.746	-149.8232
10540.054688	87.839	-147.8686
10616.432617	87.957	-145.9916
10693.363281	88.101	-144.2051
10770.852539	88.271	-142.5255
10848.902344	88.464	-140.9793
10927.517578	88.676	-139.6013
11006.703125	88.907	-138.4230
11086.461914	89.153	-137.4706
11166.798828	89.410	-136.7634
11247.718750	89.673	-136.3177
11329.223633	89.933	-136.1371
11411.320312	90.180	-136.2046
11494.011719	90.403	-136.4869
11577.301758	90.595	-136.9312
11661.195312	90.751	-137.4501
11745.697266	90.874	-137.9215
11830.811523	90.973	-138.2160
11916.542969	91.068	-138.2397
12002.894531	91.185	-137.9501
12089.873047	91.354	-137.3616
12177.480469	91.609	-136.5621
12265.723633	91.978	-135.7297
12354.606445	92.478	-135.1207
12444.132812	93.114	-135.0414
12534.308594	93.876	-135.8248
12625.136719	94.732	-137.7977
12716.624023	95.626	-141.2343
12808.773438	96.484	-146.2881
12901.591797	97.223	-152.9286
12995.082031	97.759	-160.9049
13089.250000	98.032	-169.7488
13184.099609	98.017	-178.8429
13279.636719	97.730	172.4402
13375.867188	97.228	164.5936
13472.793945	96.589	157.8969
13570.422852	95.897	152.4088
13668.759766	95.226	148.0156
13767.809570	94.632	144.4962
13867.577148	94.165	141.5952
13968.067383	93.865	139.0675
14069.285156	93.760	136.6883
14171.237305	93.853	134.2583
14273.927734	94.127	131.5954
14377.362305	94.567	128.4988
14481.546875	95.160	124.7135
14586.486328	95.901	119.9086
14692.185547	96.778	113.6909
14798.651367	97.748	105.6495
14905.888672	98.719	95.4313
15013.902344	99.553	82.8591
15122.700195	100.092	68.1078
15232.285156	100.195	51.8361
15342.664062	99.781	35.1312
15453.843750	98.857	19.1909
15565.829102	97.510	4.9285
15678.625000	95.871	-7.2110
15792.239258	94.085	-17.2134
15906.675781	92.277	-25.3561
16021.942383	90.529	-32.0491
16138.043945	88.881	-37.6969
16254.986328	87.351	-42.6318
16372.777344	85.962	-47.1168
16491.421875	84.748	-51.3518
16610.923828	83.738	-55.4622
16731.294922	82.928	-59.5281
16852.535156	82.276	-63.6302
16974.656250	81.736	-67.8385
17097.662109	81.272	-72.2072
17221.558594	80.863	-76.7871
17346.353516	80.497	-81.6489
17472.052734	80.168	-86.8496
17598.662109	79.871	-92.3891
17726.189453	79.605	-98.2585
17854.640625	79.367	-104.5281
17984.021484	79.152	-111.2839
18114.341797	78.962	-118.5701
18245.605469	78.794	-126.4485
18377.820312	78.647	-134.9990
18510.994141	78.518	-144.3005
18645.132812	78.409	-154.4689
18780.242188	78.330	-165.6182
18916.332031	78.300	-177.8279
19053.408203	78.337	168.8417
19191.476562	78.434	154.3480
19330.546875	78.554	138.6487
19470.623047	78.633	121.6094
19611.714844	78.614	103.1673
19753.830078	78.470	83.7198
19896.974609	78.252	65.1304
