* Measurement data measured by REW V5.31
* Source: Input device not selected, no input selected, L, volume: no control. Timing signal peak level -40.6 dBFS, measurement signal peak level -40.6 dBFS
* Format: 1M Log Swept Sine, 1 sweep at 0.0 dBFS using an acoustic timing reference
* Dated: 29-Apr-2024 10:57:11
* REW Settings:
*  C-weighting compensation: Off
*  Target level: 75.0 dB
* Note: ; Delay -0.0332 ms (-11 mm, -0.45 in) using estimated IR delay relative to Acoustic reference played from  R with no timing offset
* Measurement: Zero Red Stock Narrow L1
* Smoothing: 1/24 octave
* Frequency Step: 1/96 octave
* Start Frequency: 20.000 Hz
*
* Freq(Hz)	SPL(dB)	Phase(degrees)
20.000000	98.082	-104.7999
20.144928	98.174	-105.1686
20.290907	98.271	-105.6088
20.437943	98.370	-106.1287
20.586044	98.464	-106.7301
20.735220	98.549	-107.4041
20.885475	98.622	-108.1288
21.036821	98.681	-108.8818
21.189262	98.726	-109.6356
21.342808	98.757	-110.3608
21.497467	98.776	-111.0387
21.653246	98.788	-111.6522
21.810154	98.797	-112.1942
21.968201	98.807	-112.6692
22.127390	98.821	-113.0874
22.287735	98.841	-113.4668
22.449242	98.869	-113.8301
22.611917	98.903	-114.1948
22.775772	98.943	-114.5779
22.940815	98.985	-114.9880
23.107054	99.026	-115.4258
23.274498	99.066	-115.8871
23.443153	99.102	-116.3616
23.613033	99.136	-116.8385
23.784142	99.167	-117.3091
23.956491	99.197	-117.7680
24.130091	99.229	-118.2173
24.304947	99.264	-118.6643
24.481071	99.303	-119.1199
24.658470	99.344	-119.5984
24.837156	99.388	-120.1100
25.017136	99.430	-120.6619
25.198421	99.470	-121.2532
25.381020	99.503	-121.8754
25.564941	99.529	-122.5151
25.750195	99.547	-123.1526
25.936790	99.557	-123.7709
26.124741	99.561	-124.3541
26.314051	99.564	-124.8953
26.504732	99.567	-125.3956
26.696796	99.575	-125.8657
26.890253	99.589	-126.3241
27.085112	99.608	-126.7917
27.281382	99.632	-127.2889
27.479073	99.657	-127.8278
27.678198	99.679	-128.4120
27.878765	99.694	-129.0311
28.080786	99.700	-129.6659
28.284271	99.696	-130.2870
28.489231	99.682	-130.8655
28.695675	99.662	-131.3732
28.903616	99.642	-131.7950
29.113064	99.627	-132.1296
29.324028	99.625	-132.3954
29.536524	99.639	-132.6265
29.750557	99.671	-132.8701
29.966141	99.721	-133.1726
30.183289	99.782	-133.5744
30.402010	99.847	-134.0954
30.622314	99.908	-134.7351
30.844217	99.957	-135.4691
31.067726	99.990	-136.2586
31.292856	100.005	-137.0522
31.519617	100.004	-137.8031
31.748020	99.992	-138.4729
31.978081	99.976	-139.0427
32.209808	99.964	-139.5154
32.443211	99.961	-139.9150
32.678310	99.971	-140.2788
32.915108	99.991	-140.6450
33.153625	100.019	-141.0448
33.393871	100.049	-141.4904
33.635857	100.077	-141.9773
33.879597	100.098	-142.4855
34.125103	100.111	-142.9909
34.372387	100.119	-143.4718
34.621464	100.123	-143.9156
34.872345	100.127	-144.3224
35.125042	100.132	-144.7010
35.379574	100.140	-145.0658
35.635948	100.150	-145.4284
35.894180	100.161	-145.7957
36.154285	100.172	-146.1693
36.416275	100.183	-146.5492
36.680161	100.194	-146.9380
36.945961	100.208	-147.3435
37.213688	100.223	-147.7791
37.483353	100.240	-148.2587
37.754974	100.256	-148.7905
38.028561	100.267	-149.3736
38.304131	100.272	-149.9954
38.581699	100.270	-150.6367
38.861279	100.261	-151.2791
39.142883	100.249	-151.9120
39.426529	100.237	-152.5387
39.712231	100.226	-153.1754
40.000000	100.216	-153.8417
40.289856	100.202	-154.5485
40.581814	100.178	-155.2843
40.875885	100.139	-156.0066
41.172089	100.083	-156.6482
41.470440	100.016	-157.1338
41.770950	99.950	-157.4055
42.073643	99.901	-157.4539
42.378525	99.889	-157.3436
42.685616	99.922	-157.2024
42.994934	99.997	-157.1798
43.306492	100.097	-157.3919
43.620308	100.198	-157.8793
43.936401	100.277	-158.5930
44.254780	100.319	-159.4149
44.575470	100.323	-160.2054
44.898483	100.300	-160.8537
45.223835	100.267	-161.3123
45.551544	100.241	-161.6086
45.881630	100.232	-161.8266
46.214108	100.240	-162.0655
46.548996	100.255	-162.3936
46.886307	100.264	-162.8220
47.226067	100.258	-163.3109
47.568283	100.236	-163.7975
47.912983	100.203	-164.2280
48.260181	100.167	-164.5798
48.609894	100.136	-164.8680
48.962143	100.117	-165.1344
49.316940	100.109	-165.4278
49.674313	100.107	-165.7824
50.034271	100.105	-166.2039
50.396843	100.098	-166.6696
50.762039	100.084	-167.1415
51.129883	100.066	-167.5871
51.500389	100.049	-167.9964
51.873581	100.037	-168.3848
52.249481	100.029	-168.7776
52.628101	100.022	-169.1882
53.009464	100.012	-169.6058
53.393593	99.997	-170.0026
53.780506	99.981	-170.3570
54.170223	99.968	-170.6730
54.562763	99.959	-170.9797
54.958145	99.953	-171.3100
55.356396	99.945	-171.6777
55.757530	99.930	-172.0708
56.161572	99.907	-172.4636
56.568542	99.878	-172.8358
56.978462	99.847	-173.1810
57.391350	99.817	-173.5023
57.807232	99.789	-173.8076
58.226128	99.766	-174.1121
58.648056	99.749	-174.4419
59.073048	99.737	-174.8253
59.501114	99.723	-175.2706
59.932281	99.700	-175.7502
60.366577	99.669	-176.2125
60.804020	99.634	-176.6172
61.244629	99.602	-176.9638
61.688435	99.578	-177.2879
62.135452	99.560	-177.6264
62.585712	99.541	-177.9870
63.039234	99.519	-178.3508
63.496040	99.494	-178.6986
63.956161	99.468	-179.0297
64.419617	99.443	-179.3572
64.886421	99.416	-179.6894
65.356621	99.388	179.9771
65.830215	99.358	179.6483
66.307251	99.329	179.3207
66.787743	99.301	178.9819
67.271713	99.274	178.6212
67.759193	99.244	178.2408
68.250206	99.211	177.8580
68.744774	99.175	177.4951
69.242928	99.140	177.1656
69.744690	99.107	176.8638
70.250084	99.078	176.5711
70.759148	99.050	176.2764
71.271896	99.019	175.9898
71.788361	98.986	175.7307
72.308571	98.954	175.5003
72.832550	98.925	175.2715
73.360321	98.896	175.0110
73.891922	98.864	174.7108
74.427376	98.825	174.3912
74.966705	98.781	174.0741
75.509949	98.737	173.7635
76.057121	98.694	173.4510
76.608261	98.653	173.1320
77.163399	98.616	172.8089
77.722557	98.581	172.4849
78.285767	98.549	172.1637
78.853058	98.518	171.8541
79.424461	98.486	171.5676
80.000000	98.454	171.3121
80.579712	98.420	171.0878
81.163628	98.384	170.8859
81.751770	98.343	170.6924
82.344177	98.297	170.4953
82.940880	98.244	170.2849
83.541901	98.186	170.0498
84.147285	98.123	169.7832
84.757050	98.059	169.4873
85.371231	98.001	169.1458
85.989868	97.955	168.7178
86.612984	97.919	168.1963
87.240616	97.894	167.6060
87.872803	97.889	166.8789
88.509560	97.880	165.8815
89.150940	97.815	164.7465
89.796967	97.672	164.0005
90.447670	97.513	164.0963
91.103088	97.427	164.8206
91.763260	97.426	165.5190
92.428215	97.451	165.8766
93.097992	97.457	166.0334
93.772614	97.444	166.1385
94.452133	97.414	166.1934
95.136566	97.368	166.1959
95.825966	97.310	166.1611
96.520363	97.248	166.0710
97.219788	97.183	165.9144
97.924286	97.118	165.7142
98.633881	97.055	165.5001
99.348625	96.996	165.2982
100.068542	96.944	165.1243
100.793686	96.897	164.9714
101.524078	96.853	164.8292
102.259766	96.806	164.7016
103.000778	96.754	164.5968
103.747162	96.696	164.5193
104.498962	96.634	164.4636
105.256203	96.572	164.4118
106.018929	96.510	164.3547
106.787186	96.451	164.2972
107.561012	96.400	164.2268
108.340446	96.356	164.1194
109.125526	96.313	163.9864
109.916290	96.270	163.8627
110.712791	96.226	163.7596
111.515060	96.179	163.6771
112.323143	96.127	163.6356
113.137085	96.072	163.6500
113.956924	96.019	163.6934
114.782700	95.968	163.7177
115.614464	95.913	163.7024
116.452255	95.852	163.6685
117.296112	95.786	163.6468
118.146095	95.718	163.6529
119.002228	95.651	163.6884
119.864563	95.591	163.7316
120.733154	95.536	163.7464
121.608040	95.483	163.7238
122.489258	95.430	163.6821
123.376869	95.378	163.6377
124.270905	95.326	163.6071
125.171425	95.275	163.6057
126.078468	95.226	163.6349
126.992081	95.178	163.6883
127.912323	95.128	163.7589
128.839233	95.075	163.8379
129.772842	95.017	163.9191
130.713242	94.953	164.0105
131.660431	94.886	164.1268
132.614502	94.822	164.2647
133.575485	94.764	164.4011
134.543427	94.709	164.5174
135.518387	94.657	164.6219
136.500412	94.604	164.7382
137.489548	94.550	164.8745
138.485855	94.497	165.0310
139.489380	94.442	165.2135
140.500168	94.388	165.4165
141.518295	94.336	165.6257
142.543793	94.283	165.8401
143.576721	94.232	166.0590
144.617142	94.181	166.2657
145.665100	94.128	166.4570
146.720642	94.071	166.6543
147.783844	94.014	166.8684
148.854752	93.961	167.0866
149.933411	93.912	167.2950
151.019897	93.867	167.4992
152.114243	93.826	167.7102
153.216522	93.789	167.9364
154.326797	93.754	168.1838
155.445114	93.720	168.4500
156.571533	93.685	168.7322
157.706116	93.650	169.0266
158.848923	93.613	169.3282
160.000000	93.578	169.6290
161.159424	93.543	169.9277
162.327255	93.512	170.2306
163.503540	93.484	170.5352
164.688354	93.457	170.8370
165.881760	93.430	171.1251
167.083801	93.400	171.3987
168.294571	93.369	171.6713
169.514099	93.338	171.9520
170.742462	93.310	172.2378
171.979736	93.285	172.5148
173.225967	93.257	172.7840
174.481232	93.225	173.0797
175.745605	93.188	173.4372
177.019119	93.154	173.8434
178.301880	93.125	174.2180
179.593933	93.098	174.5159
180.895340	93.072	174.7871
182.206177	93.051	175.0814
183.526520	93.039	175.4125
184.856430	93.035	175.7687
186.195984	93.037	176.1320
187.545227	93.041	176.4840
188.904266	93.042	176.8062
190.273132	93.039	177.0952
191.651932	93.033	177.3724
193.040726	93.028	177.6537
194.439575	93.026	177.9352
195.848572	93.023	178.2206
197.267761	93.021	178.5278
198.697250	93.019	178.8621
200.137085	93.017	179.2104
201.587372	93.016	179.5593
203.048157	93.014	179.9050
204.519531	93.012	-179.7550
206.001556	93.014	-179.4290
207.494324	93.019	-179.1290
208.997925	93.027	-178.8565
210.512405	93.037	-178.5979
212.037857	93.048	-178.3340
213.574371	93.059	-178.0599
215.122025	93.068	-177.7842
216.680893	93.077	-177.5109
218.251053	93.086	-177.2478
219.832581	93.095	-177.0078
221.425583	93.102	-176.7796
223.030121	93.108	-176.5399
224.646286	93.115	-176.2856
226.274170	93.124	-176.0293
227.913849	93.135	-175.7785
229.565399	93.149	-175.5434
231.228928	93.162	-175.3267
232.904510	93.176	-175.1155
234.592224	93.190	-174.9037
236.292191	93.205	-174.6971
238.004456	93.220	-174.4988
239.729126	93.234	-174.3063
241.466309	93.245	-174.1145
243.216080	93.255	-173.9191
244.978516	93.265	-173.7247
246.753738	93.277	-173.5411
248.541809	93.292	-173.3673
250.342850	93.309	-173.1946
252.156937	93.326	-173.0136
253.984161	93.342	-172.8240
255.824646	93.355	-172.6361
257.678467	93.366	-172.4567
259.545685	93.378	-172.2830
261.426483	93.392	-172.1057
263.320862	93.406	-171.9221
265.229004	93.421	-171.7361
267.150970	93.434	-171.5529
269.086853	93.448	-171.3735
271.036774	93.463	-171.1906
273.000824	93.480	-170.9941
274.979095	93.498	-170.7842
276.971710	93.515	-170.5709
278.978760	93.533	-170.3729
281.000336	93.553	-170.2023
283.036591	93.575	-170.0578
285.087585	93.598	-169.9321
287.153442	93.623	-169.8124
289.234283	93.647	-169.6944
291.330200	93.668	-169.5753
293.441284	93.687	-169.4492
295.567688	93.704	-169.3211
297.709503	93.721	-169.1972
299.866821	93.738	-169.0745
302.039795	93.756	-168.9460
304.228485	93.773	-168.8080
306.433044	93.790	-168.6620
308.653595	93.808	-168.5159
310.890228	93.827	-168.3735
313.143066	93.848	-168.2269
315.412231	93.872	-168.0767
317.697845	93.900	-167.9348
320.000000	93.930	-167.8049
322.318848	93.962	-167.6867
324.654510	93.994	-167.5806
327.007080	94.026	-167.4915
329.376709	94.058	-167.4322
331.763519	94.090	-167.4056
334.167603	94.119	-167.3995
336.589142	94.147	-167.4050
339.028198	94.171	-167.4209
341.484924	94.193	-167.4516
343.959473	94.212	-167.4944
346.451935	94.228	-167.5429
348.962463	94.243	-167.5950
351.491211	94.256	-167.6471
354.038239	94.269	-167.6907
356.603760	94.282	-167.7185
359.187866	94.294	-167.7323
361.790680	94.301	-167.7350
364.412354	94.307	-167.7282
367.053040	94.311	-167.7162
369.712860	94.315	-167.7029
372.391968	94.317	-167.6916
375.090454	94.319	-167.6855
377.808533	94.321	-167.6841
380.546265	94.323	-167.6793
383.303864	94.325	-167.6613
386.081451	94.327	-167.6276
388.879150	94.329	-167.5851
391.697144	94.331	-167.5414
394.535522	94.334	-167.5043
397.394501	94.336	-167.4745
400.274170	94.337	-167.4422
403.174744	94.339	-167.4019
406.096313	94.340	-167.3535
409.039062	94.341	-167.2986
412.003113	94.341	-167.2398
414.988647	94.341	-167.1797
417.995850	94.343	-167.1214
421.024811	94.345	-167.0590
424.075714	94.346	-166.9870
427.148743	94.346	-166.9124
430.244049	94.345	-166.8394
433.361786	94.344	-166.7648
436.502106	94.343	-166.6922
439.665161	94.342	-166.6252
442.851166	94.342	-166.5568
446.060242	94.341	-166.4803
449.292572	94.340	-166.3994
452.548340	94.339	-166.3195
455.827698	94.338	-166.2397
459.130798	94.338	-166.1589
462.457855	94.339	-166.0764
465.809021	94.340	-165.9913
469.184448	94.340	-165.9063
472.584381	94.339	-165.8206
476.008911	94.338	-165.7277
479.458252	94.336	-165.6248
482.932617	94.334	-165.5157
486.432159	94.332	-165.4075
489.957031	94.331	-165.3048
493.507477	94.330	-165.2029
497.083618	94.328	-165.0969
500.685699	94.326	-164.9887
504.313873	94.324	-164.8800
507.968323	94.321	-164.7689
511.649292	94.320	-164.6544
515.356934	94.319	-164.5368
519.091370	94.319	-164.4138
522.852966	94.318	-164.2852
526.641724	94.317	-164.1555
530.458008	94.315	-164.0288
534.301941	94.314	-163.9021
538.173706	94.313	-163.7709
542.073547	94.313	-163.6344
546.001648	94.312	-163.4958
549.958191	94.312	-163.3585
553.943420	94.311	-163.2231
557.957520	94.309	-163.0852
562.000671	94.308	-162.9438
566.073181	94.308	-162.7993
570.175171	94.309	-162.6469
574.306885	94.309	-162.4885
578.468567	94.309	-162.3298
582.660400	94.308	-162.1710
586.882568	94.307	-162.0077
591.135376	94.306	-161.8406
595.419006	94.306	-161.6741
599.733643	94.307	-161.5078
604.079590	94.307	-161.3378
608.456970	94.308	-161.1634
612.866089	94.309	-160.9847
617.307190	94.311	-160.8046
621.780457	94.312	-160.6254
626.286133	94.313	-160.4415
630.824463	94.314	-160.2483
635.395691	94.315	-160.0512
640.000000	94.317	-159.8560
644.637695	94.317	-159.6637
649.309021	94.318	-159.4731
654.014160	94.320	-159.2818
658.753418	94.323	-159.0824
663.527039	94.326	-158.8708
668.335205	94.328	-158.6514
673.178284	94.328	-158.4302
678.056396	94.329	-158.2076
682.969849	94.331	-157.9791
687.918945	94.334	-157.7486
692.903870	94.339	-157.5217
697.924927	94.343	-157.2958
702.982422	94.347	-157.0677
708.076477	94.352	-156.8358
713.207520	94.358	-156.5990
718.375732	94.365	-156.3512
723.581360	94.372	-156.0904
728.824707	94.380	-155.8249
734.106079	94.389	-155.5631
739.425720	94.397	-155.3031
744.783936	94.404	-155.0404
750.180908	94.412	-154.7749
755.617065	94.420	-154.5057
761.092529	94.428	-154.2328
766.607727	94.438	-153.9614
772.162903	94.448	-153.6946
777.758301	94.459	-153.4269
783.394287	94.470	-153.1542
789.071045	94.481	-152.8723
794.789001	94.492	-152.5804
800.548340	94.503	-152.2854
806.349487	94.516	-151.9919
812.192627	94.530	-151.6940
818.078125	94.545	-151.3866
824.006226	94.561	-151.0700
829.977295	94.578	-150.7489
835.991699	94.597	-150.4337
842.049622	94.615	-150.1300
848.151428	94.633	-149.8265
854.297485	94.651	-149.5116
860.488098	94.669	-149.1879
866.723572	94.689	-148.8633
873.004211	94.709	-148.5415
879.330322	94.730	-148.2226
885.702332	94.752	-147.9046
892.120483	94.775	-147.5847
898.585144	94.800	-147.2600
905.096680	94.825	-146.9314
911.655396	94.851	-146.6025
918.261597	94.878	-146.2730
924.915710	94.906	-145.9401
931.618042	94.936	-145.6053
938.368896	94.964	-145.2778
945.168762	94.989	-144.9611
952.017822	95.008	-144.6474
958.916504	95.020	-144.3301
965.865234	95.033	-144.0078
972.864319	95.051	-143.6873
979.914062	95.080	-143.3757
987.014954	95.119	-143.0721
994.167236	95.164	-142.7716
1001.371399	95.213	-142.4686
1008.627747	95.263	-142.1630
1015.936646	95.314	-141.8627
1023.298584	95.363	-141.5787
1030.713867	95.411	-141.3128
1038.182739	95.456	-141.0580
1045.705933	95.500	-140.8045
1053.283447	95.543	-140.5477
1060.916016	95.584	-140.2924
1068.603882	95.624	-140.0441
1076.347412	95.664	-139.8073
1084.147095	95.705	-139.5806
1092.003296	95.746	-139.3608
1099.916382	95.786	-139.1505
1107.886841	95.825	-138.9476
1115.915039	95.864	-138.7486
1124.001343	95.904	-138.5516
1132.146362	95.944	-138.3559
1140.350342	95.984	-138.1687
1148.613770	96.022	-137.9944
1156.937134	96.059	-137.8274
1165.320801	96.096	-137.6617
1173.765137	96.132	-137.4980
1182.270752	96.167	-137.3371
1190.838013	96.201	-137.1782
1199.467285	96.235	-137.0208
1208.159180	96.269	-136.8625
1216.913940	96.302	-136.7028
1225.732178	96.335	-136.5462
1234.614380	96.369	-136.3957
1243.560913	96.405	-136.2514
1252.572266	96.441	-136.1129
1261.648926	96.477	-135.9759
1270.791382	96.513	-135.8334
1280.000000	96.548	-135.6847
1289.275391	96.584	-135.5314
1298.618042	96.621	-135.3756
1308.028320	96.659	-135.2234
1317.506836	96.698	-135.0735
1327.054077	96.736	-134.9206
1336.670410	96.775	-134.7625
1346.356567	96.814	-134.5965
1356.112793	96.853	-134.4236
1365.939697	96.892	-134.2470
1375.837891	96.930	-134.0673
1385.807739	96.969	-133.8850
1395.849854	97.008	-133.7042
1405.964844	97.049	-133.5271
1416.152954	97.092	-133.3540
1426.415039	97.135	-133.1824
1436.751465	97.179	-133.0076
1447.162720	97.222	-132.8303
1457.649414	97.266	-132.6535
1468.212158	97.310	-132.4822
1478.851440	97.355	-132.3207
1489.567871	97.399	-132.1629
1500.361816	97.442	-131.9973
1511.234131	97.484	-131.8156
1522.185059	97.527	-131.6178
1533.215454	97.570	-131.4137
1544.325806	97.615	-131.2111
1555.516602	97.662	-131.0034
1566.788574	97.713	-130.7878
1578.142090	97.768	-130.5758
1589.578003	97.827	-130.3758
1601.096680	97.889	-130.1910
1612.698975	97.953	-130.0276
1624.385254	98.017	-129.9007
1636.156250	98.078	-129.8218
1648.012451	98.137	-129.7878
1659.954590	98.191	-129.7811
1671.983398	98.239	-129.7841
1684.099243	98.281	-129.7857
1696.302856	98.319	-129.7775
1708.594971	98.352	-129.7529
1720.976196	98.380	-129.7055
1733.447144	98.405	-129.6303
1746.008423	98.427	-129.5249
1758.660645	98.447	-129.3907
1771.404663	98.465	-129.2264
1784.240967	98.483	-129.0261
1797.170288	98.501	-128.7841
1810.193359	98.520	-128.4996
1823.310791	98.542	-128.1808
1836.523193	98.566	-127.8298
1849.831421	98.592	-127.4391
1863.236084	98.621	-127.0036
1876.737793	98.654	-126.5268
1890.337524	98.692	-126.0129
1904.035645	98.736	-125.4596
1917.833008	98.788	-124.8636
1931.730469	98.849	-124.2257
1945.728638	98.923	-123.5486
1959.828125	99.011	-122.8399
1974.029907	99.118	-122.1156
1988.334473	99.246	-121.4068
2002.742798	99.394	-120.7596
2017.255493	99.562	-120.2281
2031.873291	99.743	-119.8565
2046.597168	99.930	-119.6658
2061.427734	100.114	-119.6466
2076.365479	100.288	-119.7630
2091.411865	100.448	-119.9724
2106.566895	100.593	-120.2376
2121.832031	100.726	-120.5324
2137.207764	100.851	-120.8419
2152.694824	100.968	-121.1634
2168.294189	101.080	-121.4990
2184.006592	101.184	-121.8420
2199.832764	101.282	-122.1819
2215.773682	101.374	-122.5179
2231.830078	101.461	-122.8536
2248.002686	101.545	-123.1888
2264.292725	101.626	-123.5241
2280.700684	101.703	-123.8588
2297.227539	101.777	-124.1896
2313.874268	101.847	-124.5139
2330.641602	101.913	-124.8315
2347.530273	101.977	-125.1415
2364.541504	102.039	-125.4430
2381.676025	102.099	-125.7373
2398.934570	102.157	-126.0169
2416.318359	102.212	-126.2758
2433.827881	102.264	-126.5204
2451.464355	102.315	-126.7620
2469.228760	102.366	-127.0002
2487.121826	102.417	-127.2277
2505.144531	102.468	-127.4427
2523.297852	102.517	-127.6421
2541.582764	102.566	-127.8232
2560.000000	102.614	-127.9862
2578.550781	102.664	-128.1307
2597.236084	102.717	-128.2544
2616.056641	102.775	-128.3625
2635.013672	102.838	-128.4678
2654.108154	102.907	-128.5811
2673.340820	102.982	-128.7098
2692.713135	103.062	-128.8672
2712.225586	103.146	-129.0720
2731.879395	103.231	-129.3384
2751.675781	103.314	-129.6683
2771.615479	103.395	-130.0533
2791.699707	103.470	-130.4815
2811.929688	103.538	-130.9413
2832.305908	103.599	-131.4195
2852.830078	103.653	-131.9037
2873.502930	103.702	-132.3875
2894.325439	103.745	-132.8670
2915.298828	103.785	-133.3409
2936.424316	103.821	-133.8103
2957.702881	103.855	-134.2769
2979.135742	103.887	-134.7437
3000.723633	103.914	-135.2030
3022.468262	103.936	-135.6464
3044.370117	103.955	-136.0793
3066.430908	103.971	-136.5087
3088.651611	103.986	-136.9297
3111.033203	104.000	-137.3359
3133.577148	104.013	-137.7258
3156.284180	104.027	-138.0992
3179.156006	104.042	-138.4566
3202.193359	104.058	-138.7978
3225.397949	104.076	-139.1198
3248.770508	104.095	-139.4208
3272.312500	104.117	-139.7011
3296.024902	104.140	-139.9618
3319.909180	104.164	-140.2040
3343.966797	104.187	-140.4312
3368.198486	104.211	-140.6469
3392.605713	104.235	-140.8581
3417.189941	104.258	-141.0684
3441.952393	104.279	-141.2706
3466.894287	104.296	-141.4709
3492.016846	104.311	-141.6914
3517.321289	104.327	-141.9379
3542.809326	104.343	-142.2035
3568.481934	104.360	-142.4853
3594.340576	104.377	-142.7807
3620.386719	104.394	-143.0866
3646.621582	104.412	-143.4038
3673.046387	104.433	-143.7341
3699.662842	104.453	-144.0725
3726.472168	104.475	-144.4149
3753.475586	104.498	-144.7623
3780.675049	104.524	-145.1134
3808.071289	104.551	-145.4649
3835.666016	104.578	-145.8151
3863.460938	104.603	-146.1619
3891.457275	104.626	-146.5031
3919.656250	104.646	-146.8370
3948.059814	104.663	-147.1639
3976.668945	104.675	-147.4853
4005.485596	104.677	-147.7999
4034.510986	104.670	-148.1069
4063.746582	104.655	-148.4126
4093.194336	104.635	-148.7207
4122.855469	104.609	-149.0308
4152.730957	104.578	-149.3426
4182.823730	104.542	-149.6559
4213.133789	104.504	-149.9712
4243.664062	104.465	-150.2890
4274.415527	104.425	-150.6085
4305.389648	104.386	-150.9286
4336.588379	104.346	-151.2485
4368.013184	104.305	-151.5639
4399.665527	104.264	-151.8708
4431.547363	104.223	-152.1708
4463.660156	104.183	-152.4635
4496.005371	104.143	-152.7458
4528.585449	104.104	-153.0169
4561.401367	104.064	-153.2780
4594.455078	104.024	-153.5278
4627.748535	103.985	-153.7652
4661.283203	103.946	-153.9922
4695.060547	103.909	-154.2081
4729.083008	103.874	-154.4133
4763.352051	103.840	-154.6113
4797.869141	103.807	-154.8035
4832.636719	103.775	-154.9881
4867.655762	103.742	-155.1675
4902.928711	103.712	-155.3430
4938.457520	103.683	-155.5132
4974.243652	103.655	-155.6772
5010.289062	103.627	-155.8322
5046.595703	103.598	-155.9762
5083.165527	103.568	-156.1073
5120.000000	103.537	-156.2240
5157.101562	103.502	-156.3275
5194.472168	103.465	-156.4193
5232.113281	103.425	-156.4995
5270.027344	103.383	-156.5682
5308.216309	103.338	-156.6265
5346.681641	103.291	-156.6720
5385.426270	103.244	-156.7030
5424.451172	103.196	-156.7222
5463.758789	103.149	-156.7293
5503.351562	103.104	-156.7227
5543.230957	103.062	-156.7033
5583.399414	103.024	-156.6725
5623.859375	102.991	-156.6311
5664.611816	102.964	-156.5790
5705.660156	102.942	-156.5161
5747.005859	102.925	-156.4432
5788.650879	102.912	-156.3621
5830.597656	102.905	-156.2751
5872.848633	102.904	-156.1844
5915.405762	102.910	-156.0924
5958.271484	102.921	-156.0038
6001.447266	102.935	-155.9166
6044.936523	102.950	-155.8254
6088.740234	102.967	-155.7451
6132.861816	102.990	-155.6888
6177.303223	103.021	-155.6576
6222.066406	103.059	-155.6575
6267.154297	103.105	-155.6963
6312.568359	103.158	-155.7798
6358.312012	103.218	-155.9158
6404.386719	103.286	-156.1132
6450.795898	103.360	-156.3810
6497.541016	103.442	-156.7280
6544.625000	103.529	-157.1618
6592.049805	103.621	-157.6853
6639.818359	103.719	-158.3044
6687.933594	103.821	-159.0306
6736.396973	103.926	-159.8769
6785.211426	104.034	-160.8563
6834.379883	104.142	-161.9795
6883.904785	104.249	-163.2535
6933.788574	104.353	-164.6872
6984.033691	104.452	-166.2912
7034.642578	104.544	-168.0731
7085.618652	104.628	-170.0414
7136.963867	104.699	-172.2089
7188.681152	104.754	-174.5891
7240.773438	104.788	-177.1948
7293.243164	104.795	179.9633
7346.092773	104.766	176.8871
7399.325684	104.695	173.5965
7452.944336	104.572	170.1279
7506.951172	104.390	166.5275
7561.350098	104.144	162.8505
7616.142578	103.829	159.1610
7671.332031	103.442	155.5333
7726.921875	102.983	152.0498
7782.914551	102.455	148.7951
7839.312500	101.863	145.8484
7896.119629	101.218	143.2775
7953.337891	100.534	141.1330
8010.971191	99.826	139.4460
8069.021973	99.107	138.2270
8127.493164	98.390	137.4587
8186.388672	97.685	137.1077
8245.710938	97.002	137.1321
8305.461914	96.348	137.4824
8365.647461	95.726	138.1122
8426.267578	95.138	138.9803
8487.328125	94.583	140.0462
8548.831055	94.061	141.2726
8610.779297	93.572	142.6259
8673.176758	93.114	144.0802
8736.026367	92.687	145.6166
8799.331055	92.289	147.2179
8863.094727	91.916	148.8691
8927.320312	91.567	150.5645
8992.010742	91.240	152.3000
9057.170898	90.935	154.0640
9122.802734	90.650	155.8445
9188.910156	90.385	157.6405
9255.497070	90.136	159.4533
9322.566406	89.902	161.2768
9390.121094	89.682	163.1045
9458.166016	89.479	164.9449
9526.704102	89.293	166.8038
9595.738281	89.125	168.6714
9665.273438	88.974	170.5386
9735.311523	88.840	172.3972
9805.857422	88.725	174.2450
9876.915039	88.628	176.0883
9948.487305	88.550	177.9253
10020.578125	88.492	179.7509
10093.191406	88.452	-178.4430
10166.331055	88.430	-176.6662
10240.000000	88.428	-174.9228
10314.203125	88.446	-173.2266
10388.944336	88.484	-171.5950
10464.226562	88.540	-170.0261
10540.054688	88.616	-168.5237
10616.432617	88.713	-167.1068
10693.363281	88.828	-165.7969
10770.852539	88.962	-164.6140
10848.902344	89.113	-163.5733
10927.517578	89.276	-162.6927
11006.703125	89.445	-161.9987
11086.461914	89.617	-161.5065
11166.798828	89.787	-161.2142
11247.718750	89.947	-161.1052
11329.223633	90.089	-161.1436
11411.320312	90.208	-161.2696
11494.011719	90.301	-161.3992
11577.301758	90.373	-161.4373
11661.195312	90.433	-161.2932
11745.697266	90.498	-160.8943
11830.811523	90.588	-160.2052
11916.542969	90.725	-159.2405
12002.894531	90.937	-158.0676
12089.873047	91.247	-156.8081
12177.480469	91.675	-155.6440
12265.723633	92.234	-154.8030
12354.606445	92.929	-154.5478
12444.132812	93.751	-155.1662
12534.308594	94.675	-156.9581
12625.136719	95.657	-160.2120
12716.624023	96.633	-165.1595
12808.773438	97.515	-171.8959
12901.591797	98.209	179.7007
12995.082031	98.629	170.0209
13089.250000	98.717	159.6996
13184.099609	98.464	149.4919
13279.636719	97.912	140.0898
13375.867188	97.137	131.9706
13472.793945	96.238	125.3350
13570.422852	95.306	120.1382
13668.759766	94.416	116.1804
13767.809570	93.624	113.1873
13867.577148	92.971	110.8632
13968.067383	92.491	108.9260
14069.285156	92.203	107.1278
14171.237305	92.098	105.2689
14273.927734	92.141	103.2097
14377.362305	92.300	100.8698
14481.546875	92.550	98.1932
14586.486328	92.887	95.1000
14692.185547	93.323	91.4669
14798.651367	93.880	87.1185
14905.888672	94.571	81.8092
15013.902344	95.392	75.2122
15122.700195	96.305	66.9402
15232.285156	97.235	56.6258
15342.664062	98.059	44.0569
15453.843750	98.622	29.3363
15565.829102	98.778	13.0090
15678.625000	98.438	-3.9553
15792.239258	97.596	-20.4243
15906.675781	96.327	-35.4700
16021.942383	94.748	-48.5873
16138.043945	92.990	-59.6952
16254.986328	91.175	-69.0192
16372.777344	89.415	-76.9227
16491.421875	87.806	-83.7872
16610.923828	86.421	-89.9429
16731.294922	85.279	-95.6404
16852.535156	84.348	-101.0717
16974.656250	83.572	-106.3949
17097.662109	82.908	-111.7436
17221.558594	82.326	-117.2064
17346.353516	81.811	-122.8260
17472.052734	81.349	-128.6556
17598.662109	80.931	-134.7396
17726.189453	80.548	-141.1242
17854.640625	80.195	-147.9012
17984.021484	79.871	-155.1484
18114.341797	79.575	-162.9321
18245.605469	79.307	-171.2916
18377.820312	79.064	179.7662
18510.994141	78.845	170.1672
18645.132812	78.654	159.7789
18780.242188	78.496	148.4953
18916.332031	78.382	136.2559
19053.408203	78.325	123.0024
19191.476562	78.322	108.6398
19330.546875	78.345	93.0893
19470.623047	78.343	76.3158
19611.714844	78.264	58.4166
19753.830078	78.084	39.8653
19896.974609	77.853	22.3322
