* Measurement data measured by REW V5.31
* Source: Input device not selected, no input selected, L, volume: no control. Timing signal peak level -41.5 dBFS, measurement signal peak level -40.3 dBFS
* Format: 1M Log Swept Sine, 1 sweep at 0.0 dBFS using an acoustic timing reference
* Dated: 29-Apr-2024 10:39:53
* REW Settings:
*  C-weighting compensation: Off
*  Target level: 75.0 dB
* Note: ; Delay -0.0339 ms (-12 mm, -0.46 in) using estimated IR delay relative to Acoustic reference played from  R with no timing offset
* Measurement: Zero Red Stock Wide R2
* Smoothing: 1/24 octave
* Frequency Step: 1/96 octave
* Start Frequency: 20.000 Hz
*
* Freq(Hz)	SPL(dB)	Phase(degrees)
20.000000	99.014	-112.1783
20.144928	99.039	-112.7889
20.290907	99.058	-113.3666
20.437943	99.074	-113.9067
20.586044	99.088	-114.4055
20.735220	99.101	-114.8636
20.885475	99.116	-115.2857
21.036821	99.134	-115.6783
21.189262	99.155	-116.0516
21.342808	99.181	-116.4175
21.497467	99.210	-116.7856
21.653246	99.243	-117.1662
21.810154	99.278	-117.5654
21.968201	99.313	-117.9856
22.127390	99.347	-118.4264
22.287735	99.380	-118.8837
22.449242	99.411	-119.3511
22.611917	99.441	-119.8239
22.775772	99.470	-120.2976
22.940815	99.500	-120.7718
23.107054	99.531	-121.2506
23.274498	99.566	-121.7410
23.443153	99.603	-122.2545
23.613033	99.643	-122.8025
23.784142	99.684	-123.3936
23.956491	99.724	-124.0329
24.130091	99.759	-124.7163
24.304947	99.786	-125.4324
24.481071	99.805	-126.1630
24.658470	99.814	-126.8823
24.837156	99.814	-127.5665
25.017136	99.809	-128.1915
25.198421	99.803	-128.7454
25.381020	99.801	-129.2271
25.564941	99.810	-129.6510
25.750195	99.833	-130.0479
25.936790	99.870	-130.4532
26.124741	99.921	-130.9088
26.314051	99.981	-131.4427
26.504732	100.043	-132.0707
26.696796	100.099	-132.7860
26.890253	100.143	-133.5622
27.085112	100.172	-134.3590
27.281382	100.184	-135.1278
27.479073	100.185	-135.8266
27.678198	100.181	-136.4260
27.878765	100.179	-136.9231
28.080786	100.188	-137.3382
28.284271	100.212	-137.7192
28.489231	100.252	-138.1178
28.695675	100.301	-138.5838
28.903616	100.351	-139.1372
29.113064	100.390	-139.7665
29.324028	100.409	-140.4234
29.536524	100.407	-141.0373
29.750557	100.387	-141.5272
29.966141	100.359	-141.8349
30.183289	100.342	-141.9430
30.402010	100.353	-141.8983
30.622314	100.404	-141.8081
30.844217	100.497	-141.8189
31.067726	100.619	-142.0613
31.292856	100.747	-142.6202
31.519617	100.855	-143.4907
31.748020	100.916	-144.5906
31.978081	100.914	-145.7602
32.209808	100.848	-146.8152
32.443211	100.729	-147.5562
32.678310	100.586	-147.8434
32.915108	100.459	-147.6349
33.153625	100.390	-147.0407
33.393871	100.406	-146.3071
33.635857	100.506	-145.7406
33.879597	100.661	-145.6095
34.125103	100.826	-146.0228
34.372387	100.956	-146.9375
34.621464	101.016	-148.1735
34.872345	100.992	-149.4916
35.125042	100.890	-150.6427
35.379574	100.735	-151.4074
35.635948	100.565	-151.6777
35.894180	100.423	-151.4790
36.154285	100.344	-150.9870
36.416275	100.340	-150.4662
36.680161	100.395	-150.1518
36.945961	100.480	-150.1803
37.213688	100.562	-150.5505
37.483353	100.621	-151.1608
37.754974	100.650	-151.8757
38.028561	100.657	-152.5741
38.304131	100.658	-153.1956
38.581699	100.669	-153.7513
38.861279	100.698	-154.2990
39.142883	100.744	-154.9102
39.426529	100.799	-155.6291
39.712231	100.853	-156.4533
40.000000	100.899	-157.3460
40.289856	100.937	-158.2588
40.581814	100.973	-159.1568
40.875885	101.010	-160.0367
41.172089	101.052	-160.9197
41.470440	101.096	-161.8310
41.770950	101.133	-162.7793
42.073643	101.157	-163.7413
42.378525	101.160	-164.6633
42.685616	101.143	-165.4819
42.994934	101.112	-166.1473
43.306492	101.075	-166.6399
43.620308	101.041	-166.9761
43.936401	101.013	-167.1994
44.254780	100.991	-167.3576
44.575470	100.970	-167.4794
44.898483	100.943	-167.5668
45.223835	100.911	-167.6041
45.551544	100.875	-167.5779
45.881630	100.841	-167.4966
46.214108	100.813	-167.3996
46.548996	100.794	-167.3489
46.886307	100.779	-167.4051
47.226067	100.758	-167.5985
47.568283	100.722	-167.9155
47.912983	100.666	-168.3047
48.260181	100.590	-168.7013
48.609894	100.502	-169.0561
48.962143	100.414	-169.3548
49.316940	100.335	-169.6195
49.674313	100.269	-169.8918
50.034271	100.218	-170.2082
50.396843	100.178	-170.5847
50.762039	100.148	-171.0181
51.129883	100.127	-171.4978
51.500389	100.115	-172.0174
51.873581	100.111	-172.5741
52.249481	100.112	-173.1611
52.628101	100.115	-173.7617
53.009464	100.118	-174.3542
53.393593	100.122	-174.9215
53.780506	100.124	-175.4577
54.170223	100.123	-175.9589
54.562763	100.114	-176.4102
54.958145	100.097	-176.7820
55.356396	100.075	-177.0490
55.757530	100.056	-177.2188
56.161572	100.046	-177.3468
56.568542	100.045	-177.5123
56.978462	100.042	-177.7695
57.391350	100.026	-178.1110
57.807232	99.992	-178.4769
58.226128	99.944	-178.8035
58.648056	99.892	-179.0713
59.073048	99.845	-179.3147
59.501114	99.805	-179.5867
59.932281	99.766	-179.9128
60.366577	99.725	179.7260
60.804020	99.682	179.3675
61.244629	99.643	179.0317
61.688435	99.613	178.7045
62.135452	99.591	178.3522
62.585712	99.575	177.9497
63.039234	99.557	177.4984
63.496040	99.531	177.0278
63.956161	99.495	176.5838
64.419617	99.452	176.2089
64.886421	99.406	175.9216
65.356621	99.366	175.7061
65.830215	99.331	175.5238
66.307251	99.301	175.3406
66.787743	99.272	175.1434
67.271713	99.242	174.9326
67.759193	99.212	174.7057
68.250206	99.180	174.4601
68.744774	99.144	174.2070
69.242928	99.107	173.9677
69.744690	99.073	173.7430
70.250084	99.047	173.4973
70.759148	99.022	173.1940
71.271896	98.993	172.8485
71.788361	98.956	172.5245
72.308571	98.919	172.2662
72.832550	98.892	172.0469
73.360321	98.874	171.8011
73.891922	98.858	171.4958
74.427376	98.835	171.1496
74.966705	98.804	170.7922
75.509949	98.765	170.4409
76.057121	98.715	170.1176
76.608261	98.658	169.8541
77.163399	98.600	169.6540
77.722557	98.548	169.4722
78.285767	98.499	169.2592
78.853058	98.449	169.0101
79.424461	98.398	168.7489
80.000000	98.352	168.4800
80.579712	98.310	168.1868
81.163628	98.272	167.8698
81.751770	98.236	167.5505
82.344177	98.203	167.2469
82.940880	98.170	166.9815
83.541901	98.136	166.7986
84.147285	98.104	166.7130
84.757050	98.076	166.6665
85.371231	98.035	166.6208
85.989868	97.970	166.6453
86.612984	97.884	166.8035
87.240616	97.785	167.0432
87.872803	97.659	167.4094
88.509560	97.523	168.1899
89.150940	97.459	169.4007
89.796967	97.525	170.2704
90.447670	97.645	169.9531
91.103088	97.682	168.5995
91.763260	97.594	167.0801
92.428215	97.455	165.9877
93.097992	97.340	165.2673
93.772614	97.263	164.6535
94.452133	97.207	164.0887
95.136566	97.162	163.6465
95.825966	97.122	163.3835
96.520363	97.091	163.3041
97.219788	97.070	163.3209
97.924286	97.049	163.3064
98.633881	97.010	163.2297
99.348625	96.946	163.1610
100.068542	96.868	163.1520
100.793686	96.789	163.1799
101.524078	96.720	163.1763
102.259766	96.663	163.0678
103.000778	96.611	162.8295
103.747162	96.554	162.5226
104.498962	96.488	162.2524
105.256203	96.419	162.0937
106.018929	96.352	162.0707
106.787186	96.293	162.1636
107.561012	96.245	162.3076
108.340446	96.206	162.4196
109.125526	96.169	162.4431
109.916290	96.126	162.3676
110.712791	96.073	162.2179
111.515060	96.010	162.0320
112.323143	95.941	161.8417
113.137085	95.866	161.6724
113.956924	95.789	161.5501
114.782700	95.710	161.4974
115.614464	95.633	161.5199
116.452255	95.560	161.5970
117.296112	95.490	161.6974
118.146095	95.420	161.8069
119.002228	95.350	161.9243
119.864563	95.283	162.0314
120.733154	95.220	162.0939
121.608040	95.156	162.0990
122.489258	95.093	162.0753
123.376869	95.032	162.0636
124.270905	94.979	162.0690
125.171425	94.935	162.0763
126.078468	94.893	162.1046
126.992081	94.849	162.2045
127.912323	94.803	162.4123
128.839233	94.757	162.7258
129.772842	94.711	163.1139
130.713242	94.665	163.5120
131.660431	94.615	163.8342
132.614502	94.554	164.0530
133.575485	94.481	164.2168
134.543427	94.404	164.3795
135.518387	94.335	164.5433
136.500412	94.277	164.6817
137.489548	94.225	164.7986
138.485855	94.173	164.9308
139.489380	94.117	165.1191
140.500168	94.055	165.3626
141.518295	93.983	165.6448
142.543793	93.901	165.9813
143.576721	93.813	166.3767
144.617142	93.726	166.8403
145.665100	93.646	167.3853
146.720642	93.581	167.9865
147.783844	93.532	168.6290
148.854752	93.501	169.2909
149.933411	93.487	169.9284
151.019897	93.487	170.5427
152.114243	93.503	171.1138
153.216522	93.534	171.5803
154.326797	93.573	171.9386
155.445114	93.616	172.1974
156.571533	93.657	172.3462
157.706116	93.685	172.4357
158.848923	93.702	172.5333
160.000000	93.711	172.6327
161.159424	93.712	172.7151
162.327255	93.704	172.8177
163.503540	93.692	172.9624
164.688354	93.679	173.1127
165.881760	93.659	173.2523
167.083801	93.630	173.4229
168.294571	93.597	173.6484
169.514099	93.565	173.8885
170.742462	93.532	174.0976
171.979736	93.496	174.2797
173.225967	93.454	174.4814
174.481232	93.414	174.7350
175.745605	93.382	175.0273
177.019119	93.358	175.3215
178.301880	93.340	175.5919
179.593933	93.324	175.8341
180.895340	93.309	176.0675
182.206177	93.295	176.3194
183.526520	93.285	176.5993
184.856430	93.280	176.8961
186.195984	93.282	177.1870
187.545227	93.288	177.4638
188.904266	93.295	177.7339
190.273132	93.302	178.0024
191.651932	93.307	178.2702
193.040726	93.309	178.5372
194.439575	93.309	178.8013
195.848572	93.306	179.0656
197.267761	93.303	179.3345
198.697250	93.302	179.6071
200.137085	93.303	179.8774
201.587372	93.307	-179.8635
203.048157	93.310	-179.6154
204.519531	93.314	-179.3706
206.001556	93.318	-179.1277
207.494324	93.323	-178.8853
208.997925	93.328	-178.6359
210.512405	93.334	-178.3748
212.037857	93.340	-178.1120
213.574371	93.346	-177.8590
215.122025	93.351	-177.6186
216.680893	93.356	-177.3834
218.251053	93.362	-177.1417
219.832581	93.370	-176.8944
221.425583	93.379	-176.6539
223.030121	93.389	-176.4279
224.646286	93.398	-176.2147
226.274170	93.407	-176.0073
227.913849	93.418	-175.8096
229.565399	93.431	-175.6230
231.228928	93.444	-175.4385
232.904510	93.458	-175.2511
234.592224	93.472	-175.0621
236.292191	93.485	-174.8712
238.004456	93.499	-174.6762
239.729126	93.515	-174.4800
241.466309	93.531	-174.2852
243.216080	93.547	-174.0964
244.978516	93.561	-173.9195
246.753738	93.575	-173.7588
248.541809	93.588	-173.6203
250.342850	93.602	-173.4981
252.156937	93.617	-173.3709
253.984161	93.633	-173.2275
255.824646	93.650	-173.0779
257.678467	93.665	-172.9347
259.545685	93.680	-172.7934
261.426483	93.695	-172.6533
263.320862	93.709	-172.5239
265.229004	93.722	-172.4086
267.150970	93.734	-172.2952
269.086853	93.748	-172.1713
271.036774	93.764	-172.0381
273.000824	93.781	-171.9053
274.979095	93.798	-171.7857
276.971710	93.815	-171.6876
278.978760	93.830	-171.6050
281.000336	93.844	-171.5244
283.036591	93.857	-171.4342
285.087585	93.868	-171.3380
287.153442	93.878	-171.2500
289.234283	93.887	-171.1716
291.330200	93.898	-171.0903
293.441284	93.910	-171.0008
295.567688	93.922	-170.9132
297.709503	93.934	-170.8283
299.866821	93.945	-170.7353
302.039795	93.956	-170.6328
304.228485	93.967	-170.5285
306.433044	93.975	-170.4317
308.653595	93.982	-170.3501
310.890228	93.990	-170.2754
313.143066	93.998	-170.1893
315.412231	94.006	-170.0866
317.697845	94.012	-169.9817
320.000000	94.016	-169.8867
322.318848	94.019	-169.7952
324.654510	94.023	-169.7003
327.007080	94.028	-169.6047
329.376709	94.033	-169.5109
331.763519	94.036	-169.4117
334.167603	94.038	-169.2950
336.589142	94.039	-169.1661
339.028198	94.039	-169.0383
341.484924	94.038	-168.9070
343.959473	94.038	-168.7578
346.451935	94.037	-168.5867
348.962463	94.036	-168.3959
351.491211	94.036	-168.1891
354.038239	94.040	-167.9742
356.603760	94.049	-167.7579
359.187866	94.063	-167.5364
361.790680	94.081	-167.3014
364.412354	94.101	-167.0502
367.053040	94.125	-166.7894
369.712860	94.150	-166.5326
372.391968	94.180	-166.2874
375.090454	94.216	-166.0547
377.808533	94.259	-165.8400
380.546265	94.308	-165.6624
383.303864	94.361	-165.5508
386.081451	94.415	-165.5147
388.879150	94.467	-165.5427
391.697144	94.512	-165.6174
394.535522	94.548	-165.7313
397.394501	94.576	-165.8680
400.274170	94.596	-166.0072
403.174744	94.613	-166.1388
406.096313	94.626	-166.2567
409.039062	94.634	-166.3623
412.003113	94.636	-166.4574
414.988647	94.635	-166.5360
417.995850	94.631	-166.5945
421.024811	94.627	-166.6371
424.075714	94.622	-166.6635
427.148743	94.618	-166.6701
430.244049	94.614	-166.6600
433.361786	94.611	-166.6355
436.502106	94.609	-166.6009
439.665161	94.607	-166.5632
442.851166	94.603	-166.5208
446.060242	94.599	-166.4703
449.292572	94.596	-166.4169
452.548340	94.594	-166.3626
455.827698	94.593	-166.3046
459.130798	94.591	-166.2435
462.457855	94.588	-166.1798
465.809021	94.586	-166.1127
469.184448	94.585	-166.0418
472.584381	94.585	-165.9670
476.008911	94.583	-165.8869
479.458252	94.580	-165.7965
482.932617	94.577	-165.6960
486.432159	94.575	-165.5963
489.957031	94.573	-165.5031
493.507477	94.571	-165.4090
497.083618	94.569	-165.3084
500.685699	94.567	-165.2048
504.313873	94.566	-165.0986
507.968323	94.565	-164.9883
511.649292	94.564	-164.8734
515.356934	94.563	-164.7555
519.091370	94.563	-164.6371
522.852966	94.562	-164.5165
526.641724	94.561	-164.3945
530.458008	94.560	-164.2728
534.301941	94.561	-164.1522
538.173706	94.561	-164.0289
542.073547	94.561	-163.9021
546.001648	94.561	-163.7755
549.958191	94.561	-163.6500
553.943420	94.562	-163.5226
557.957520	94.563	-163.3919
562.000671	94.563	-163.2565
566.073181	94.564	-163.1181
570.175171	94.564	-162.9789
574.306885	94.565	-162.8380
578.468567	94.565	-162.6956
582.660400	94.564	-162.5512
586.882568	94.564	-162.4022
591.135376	94.563	-162.2474
595.419006	94.564	-162.0848
599.733643	94.565	-161.9161
604.079590	94.567	-161.7460
608.456970	94.569	-161.5793
612.866089	94.571	-161.4155
617.307190	94.573	-161.2514
621.780457	94.575	-161.0855
626.286133	94.577	-160.9149
630.824463	94.578	-160.7376
635.395691	94.579	-160.5564
640.000000	94.580	-160.3714
644.637695	94.582	-160.1792
649.309021	94.584	-159.9830
654.014160	94.587	-159.7890
658.753418	94.591	-159.6011
663.527039	94.596	-159.4167
668.335205	94.601	-159.2252
673.178284	94.604	-159.0188
678.056396	94.608	-158.8035
682.969849	94.612	-158.5907
687.918945	94.616	-158.3838
692.903870	94.620	-158.1767
697.924927	94.623	-157.9633
702.982422	94.627	-157.7431
708.076477	94.632	-157.5178
713.207520	94.637	-157.2908
718.375732	94.643	-157.0616
723.581360	94.649	-156.8308
728.824707	94.655	-156.6012
734.106079	94.662	-156.3717
739.425720	94.669	-156.1340
744.783936	94.678	-155.8818
750.180908	94.687	-155.6212
755.617065	94.696	-155.3633
761.092529	94.705	-155.1060
766.607727	94.715	-154.8471
772.162903	94.725	-154.5849
777.758301	94.736	-154.3168
783.394287	94.747	-154.0455
789.071045	94.758	-153.7710
794.789001	94.768	-153.4912
800.548340	94.780	-153.2106
806.349487	94.793	-152.9301
812.192627	94.807	-152.6453
818.078125	94.821	-152.3576
824.006226	94.837	-152.0678
829.977295	94.853	-151.7759
835.991699	94.871	-151.4811
842.049622	94.888	-151.1810
848.151428	94.905	-150.8722
854.297485	94.923	-150.5549
860.488098	94.941	-150.2357
866.723572	94.960	-149.9194
873.004211	94.981	-149.6066
879.330322	95.001	-149.2936
885.702332	95.021	-148.9775
892.120483	95.042	-148.6585
898.585144	95.064	-148.3381
905.096680	95.089	-148.0210
911.655396	95.116	-147.7077
918.261597	95.143	-147.3900
924.915710	95.172	-147.0635
931.618042	95.202	-146.7326
938.368896	95.231	-146.4100
945.168762	95.257	-146.1036
952.017822	95.277	-145.8031
958.916504	95.291	-145.4975
965.865234	95.304	-145.1886
972.864319	95.322	-144.8812
979.914062	95.351	-144.5750
987.014954	95.389	-144.2723
994.167236	95.435	-143.9797
1001.371399	95.484	-143.6963
1008.627747	95.536	-143.4144
1015.936646	95.588	-143.1310
1023.298584	95.639	-142.8531
1030.713867	95.688	-142.5898
1038.182739	95.735	-142.3402
1045.705933	95.780	-142.0939
1053.283447	95.823	-141.8459
1060.916016	95.865	-141.6031
1068.603882	95.905	-141.3738
1076.347412	95.947	-141.1606
1084.147095	95.989	-140.9579
1092.003296	96.030	-140.7570
1099.916382	96.070	-140.5562
1107.886841	96.110	-140.3595
1115.915039	96.149	-140.1735
1124.001343	96.188	-140.0007
1132.146362	96.227	-139.8331
1140.350342	96.266	-139.6656
1148.613770	96.305	-139.5003
1156.937134	96.343	-139.3388
1165.320801	96.379	-139.1798
1173.765137	96.415	-139.0240
1182.270752	96.451	-138.8756
1190.838013	96.486	-138.7335
1199.467285	96.520	-138.5909
1208.159180	96.553	-138.4459
1216.913940	96.586	-138.3038
1225.732178	96.620	-138.1699
1234.614380	96.654	-138.0449
1243.560913	96.689	-137.9202
1252.572266	96.724	-137.7891
1261.648926	96.759	-137.6518
1270.791382	96.795	-137.5132
1280.000000	96.832	-137.3770
1289.275391	96.869	-137.2414
1298.618042	96.907	-137.1017
1308.028320	96.947	-136.9598
1317.506836	96.987	-136.8173
1327.054077	97.027	-136.6728
1336.670410	97.068	-136.5219
1346.356567	97.108	-136.3626
1356.112793	97.148	-136.1999
1365.939697	97.189	-136.0391
1375.837891	97.232	-135.8782
1385.807739	97.277	-135.7167
1395.849854	97.322	-135.5591
1405.964844	97.369	-135.4077
1416.152954	97.417	-135.2621
1426.415039	97.465	-135.1250
1436.751465	97.515	-134.9982
1447.162720	97.565	-134.8785
1457.649414	97.615	-134.7641
1468.212158	97.666	-134.6596
1478.851440	97.716	-134.5704
1489.567871	97.764	-134.4904
1500.361816	97.810	-134.4100
1511.234131	97.855	-134.3276
1522.185059	97.898	-134.2471
1533.215454	97.940	-134.1718
1544.325806	97.981	-134.0988
1555.516602	98.021	-134.0240
1566.788574	98.060	-133.9477
1578.142090	98.098	-133.8725
1589.578003	98.133	-133.7934
1601.096680	98.167	-133.7024
1612.698975	98.198	-133.5920
1624.385254	98.227	-133.4621
1636.156250	98.255	-133.3194
1648.012451	98.283	-133.1642
1659.954590	98.313	-132.9886
1671.983398	98.343	-132.7883
1684.099243	98.372	-132.5642
1696.302856	98.403	-132.3176
1708.594971	98.435	-132.0477
1720.976196	98.469	-131.7503
1733.447144	98.505	-131.4242
1746.008423	98.546	-131.0686
1758.660645	98.592	-130.6812
1771.404663	98.647	-130.2640
1784.240967	98.711	-129.8266
1797.170288	98.786	-129.3846
1810.193359	98.873	-128.9536
1823.310791	98.973	-128.5547
1836.523193	99.083	-128.2114
1849.831421	99.202	-127.9404
1863.236084	99.325	-127.7536
1876.737793	99.448	-127.6624
1890.337524	99.569	-127.6717
1904.035645	99.685	-127.7701
1917.833008	99.792	-127.9340
1931.730469	99.891	-128.1416
1945.728638	99.979	-128.3713
1959.828125	100.058	-128.6045
1974.029907	100.129	-128.8298
1988.334473	100.194	-129.0400
2002.742798	100.252	-129.2293
2017.255493	100.305	-129.3933
2031.873291	100.355	-129.5337
2046.597168	100.402	-129.6541
2061.427734	100.448	-129.7538
2076.365479	100.495	-129.8322
2091.411865	100.541	-129.8890
2106.566895	100.589	-129.9225
2121.832031	100.638	-129.9338
2137.207764	100.689	-129.9286
2152.694824	100.742	-129.9149
2168.294189	100.798	-129.8977
2184.006592	100.857	-129.8743
2199.832764	100.918	-129.8468
2215.773682	100.983	-129.8268
2231.830078	101.050	-129.8257
2248.002686	101.120	-129.8474
2264.292725	101.191	-129.8928
2280.700684	101.262	-129.9576
2297.227539	101.331	-130.0344
2313.874268	101.399	-130.1199
2330.641602	101.465	-130.2132
2347.530273	101.530	-130.3099
2364.541504	101.596	-130.4072
2381.676025	101.662	-130.5058
2398.934570	101.727	-130.5962
2416.318359	101.791	-130.6691
2433.827881	101.856	-130.7312
2451.464355	101.923	-130.7995
2469.228760	101.994	-130.8822
2487.121826	102.069	-130.9825
2505.144531	102.147	-131.1091
2523.297852	102.227	-131.2647
2541.582764	102.306	-131.4488
2560.000000	102.384	-131.6638
2578.550781	102.460	-131.9098
2597.236084	102.533	-132.1816
2616.056641	102.604	-132.4739
2635.013672	102.672	-132.7837
2654.108154	102.736	-133.1045
2673.340820	102.798	-133.4281
2692.713135	102.855	-133.7520
2712.225586	102.910	-134.0789
2731.879395	102.963	-134.4095
2751.675781	103.015	-134.7422
2771.615479	103.065	-135.0769
2791.699707	103.113	-135.4147
2811.929688	103.158	-135.7550
2832.305908	103.202	-136.0933
2852.830078	103.245	-136.4259
2873.502930	103.286	-136.7531
2894.325439	103.327	-137.0760
2915.298828	103.369	-137.3958
2936.424316	103.411	-137.7151
2957.702881	103.456	-138.0398
2979.135742	103.502	-138.3790
3000.723633	103.549	-138.7327
3022.468262	103.593	-139.1001
3044.370117	103.637	-139.4931
3066.430908	103.679	-139.9223
3088.651611	103.721	-140.3821
3111.033203	103.761	-140.8653
3133.577148	103.799	-141.3694
3156.284180	103.835	-141.8912
3179.156006	103.868	-142.4244
3202.193359	103.898	-142.9608
3225.397949	103.925	-143.4941
3248.770508	103.949	-144.0206
3272.312500	103.971	-144.5365
3296.024902	103.990	-145.0378
3319.909180	104.006	-145.5244
3343.966797	104.018	-145.9971
3368.198486	104.025	-146.4551
3392.605713	104.028	-146.9042
3417.189941	104.026	-147.3475
3441.952393	104.017	-147.7720
3466.894287	104.000	-148.1744
3492.016846	103.977	-148.5684
3517.321289	103.952	-148.9594
3542.809326	103.926	-149.3443
3568.481934	103.899	-149.7221
3594.340576	103.871	-150.0915
3620.386719	103.844	-150.4510
3646.621582	103.816	-150.8019
3673.046387	103.790	-151.1468
3699.662842	103.765	-151.4790
3726.472168	103.742	-151.7926
3753.475586	103.720	-152.0907
3780.675049	103.701	-152.3753
3808.071289	103.685	-152.6440
3835.666016	103.670	-152.8958
3863.460938	103.654	-153.1286
3891.457275	103.638	-153.3400
3919.656250	103.622	-153.5315
3948.059814	103.605	-153.7072
3976.668945	103.584	-153.8736
4005.485596	103.557	-154.0339
4034.510986	103.521	-154.1901
4063.746582	103.476	-154.3490
4093.194336	103.424	-154.5092
4122.855469	103.366	-154.6600
4152.730957	103.303	-154.7935
4182.823730	103.237	-154.9068
4213.133789	103.170	-155.0033
4243.664062	103.105	-155.0891
4274.415527	103.042	-155.1669
4305.389648	102.981	-155.2386
4336.588379	102.923	-155.3068
4368.013184	102.867	-155.3710
4399.665527	102.812	-155.4300
4431.547363	102.760	-155.4851
4463.660156	102.709	-155.5374
4496.005371	102.661	-155.5858
4528.585449	102.614	-155.6298
4561.401367	102.569	-155.6704
4594.455078	102.524	-155.7052
4627.748535	102.480	-155.7318
4661.283203	102.437	-155.7509
4695.060547	102.396	-155.7615
4729.083008	102.356	-155.7626
4763.352051	102.318	-155.7571
4797.869141	102.282	-155.7448
4832.636719	102.246	-155.7197
4867.655762	102.211	-155.6833
4902.928711	102.179	-155.6398
4938.457520	102.151	-155.5876
4974.243652	102.124	-155.5242
5010.289062	102.098	-155.4494
5046.595703	102.073	-155.3640
5083.165527	102.049	-155.2693
5120.000000	102.026	-155.1682
5157.101562	102.001	-155.0615
5194.472168	101.975	-154.9478
5232.113281	101.947	-154.8280
5270.027344	101.918	-154.7028
5308.216309	101.889	-154.5724
5346.681641	101.858	-154.4367
5385.426270	101.826	-154.2989
5424.451172	101.794	-154.1626
5463.758789	101.764	-154.0275
5503.351562	101.736	-153.8907
5543.230957	101.711	-153.7486
5583.399414	101.689	-153.6004
5623.859375	101.671	-153.4482
5664.611816	101.659	-153.2928
5705.660156	101.650	-153.1342
5747.005859	101.647	-152.9709
5788.650879	101.647	-152.8020
5830.597656	101.654	-152.6293
5872.848633	101.666	-152.4560
5915.405762	101.685	-152.2888
5958.271484	101.708	-152.1338
6001.447266	101.732	-151.9886
6044.936523	101.755	-151.8449
6088.740234	101.780	-151.7108
6132.861816	101.808	-151.5981
6177.303223	101.844	-151.5102
6222.066406	101.885	-151.4514
6267.154297	101.932	-151.4265
6312.568359	101.985	-151.4382
6358.312012	102.043	-151.4932
6404.386719	102.108	-151.5999
6450.795898	102.179	-151.7659
6497.541016	102.258	-151.9996
6544.625000	102.343	-152.3076
6592.049805	102.435	-152.6978
6639.818359	102.531	-153.1832
6687.933594	102.633	-153.7736
6736.396973	102.738	-154.4806
6785.211426	102.846	-155.3206
6834.379883	102.955	-156.3066
6883.904785	103.063	-157.4480
6933.788574	103.166	-158.7542
6984.033691	103.262	-160.2336
7034.642578	103.349	-161.8914
7085.618652	103.422	-163.7320
7136.963867	103.477	-165.7586
7188.681152	103.510	-167.9698
7240.773438	103.516	-170.3576
7293.243164	103.489	-172.9141
7346.092773	103.424	-175.6202
7399.325684	103.316	-178.4393
7452.944336	103.160	178.6768
7506.951172	102.953	175.7819
7561.350098	102.695	172.9301
7616.142578	102.388	170.1713
7671.332031	102.038	167.5505
7726.921875	101.648	165.1047
7782.914551	101.225	162.8610
7839.312500	100.776	160.8359
7896.119629	100.309	159.0352
7953.337891	99.830	157.4512
8010.971191	99.346	156.0704
8069.021973	98.859	154.8812
8127.493164	98.374	153.8719
8186.388672	97.894	153.0319
8245.710938	97.421	152.3527
8305.461914	96.956	151.8196
8365.647461	96.499	151.4175
8426.267578	96.052	151.1382
8487.328125	95.614	150.9737
8548.831055	95.186	150.9119
8610.779297	94.766	150.9369
8673.176758	94.356	151.0328
8736.026367	93.953	151.1921
8799.331055	93.560	151.4133
8863.094727	93.174	151.6943
8927.320312	92.794	152.0296
8992.010742	92.419	152.4143
9057.170898	92.047	152.8491
9122.802734	91.676	153.3405
9188.910156	91.305	153.8960
9255.497070	90.930	154.5295
9322.566406	90.551	155.2543
9390.121094	90.172	156.0760
9458.166016	89.797	157.0070
9526.704102	89.430	158.0566
9595.738281	89.070	159.2324
9665.273438	88.719	160.5405
9735.311523	88.381	161.9738
9805.857422	88.059	163.5155
9876.915039	87.758	165.1522
9948.487305	87.479	166.8727
10020.578125	87.223	168.6666
10093.191406	86.991	170.5222
10166.331055	86.781	172.4250
10240.000000	86.595	174.3518
10314.203125	86.431	176.2852
10388.944336	86.289	178.2183
10464.226562	86.166	-179.8559
10540.054688	86.064	-177.9527
10616.432617	85.984	-176.0809
10693.363281	85.925	-174.2324
10770.852539	85.883	-172.3874
10848.902344	85.858	-170.5525
10927.517578	85.849	-168.7604
11006.703125	85.855	-167.0384
11086.461914	85.874	-165.3950
11166.798828	85.907	-163.8238
11247.718750	85.954	-162.3193
11329.223633	86.013	-160.8866
11411.320312	86.082	-159.5337
11494.011719	86.158	-158.2645
11577.301758	86.238	-157.0762
11661.195312	86.321	-155.9520
11745.697266	86.403	-154.8644
11830.811523	86.484	-153.7797
11916.542969	86.566	-152.6618
12002.894531	86.652	-151.4675
12089.873047	86.749	-150.1546
12177.480469	86.866	-148.7105
12265.723633	87.016	-147.1338
12354.606445	87.210	-145.4537
12444.132812	87.458	-143.7299
12534.308594	87.765	-142.0105
12625.136719	88.137	-140.3425
12716.624023	88.579	-138.7805
12808.773438	89.095	-137.3893
12901.591797	89.695	-136.2395
12995.082031	90.390	-135.4060
13089.250000	91.191	-134.9803
13184.099609	92.112	-135.0935
13279.636719	93.168	-135.9449
13375.867188	94.366	-137.8116
13472.793945	95.700	-141.0544
13570.422852	97.127	-146.1050
13668.759766	98.563	-153.3766
13767.809570	99.884	-163.1219
13867.577148	100.947	-175.2689
13968.067383	101.619	170.7132
14069.285156	101.817	155.8188
14171.237305	101.536	141.2614
14273.927734	100.859	128.0668
14377.362305	99.919	116.7948
14481.546875	98.858	107.5247
14586.486328	97.787	99.9967
14692.185547	96.779	93.7944
14798.651367	95.873	88.5031
14905.888672	95.080	83.7923
15013.902344	94.394	79.4229
15122.700195	93.803	75.2223
15232.285156	93.302	71.0513
15342.664062	92.885	66.7907
15453.843750	92.544	62.3288
15565.829102	92.267	57.5593
15678.625000	92.052	52.3874
15792.239258	91.898	46.7233
15906.675781	91.802	40.4675
16021.942383	91.748	33.4992
16138.043945	91.724	25.6989
16254.986328	91.734	16.9648
16372.777344	91.786	7.2401
16491.421875	91.885	-3.4752
16610.923828	92.007	-15.1201
16731.294922	92.093	-27.5546
16852.535156	92.078	-40.5673
16974.656250	91.921	-53.9065
17097.662109	91.611	-67.3040
17221.558594	91.161	-80.5139
17346.353516	90.598	-93.3605
17472.052734	89.953	-105.7661
17598.662109	89.263	-117.7323
17726.189453	88.558	-129.3157
17854.640625	87.866	-140.6218
17984.021484	87.204	-151.7871
18114.341797	86.585	-162.9547
18245.605469	86.015	-174.2598
18377.820312	85.494	174.1591
18510.994141	85.023	162.1677
18645.132812	84.600	149.6389
18780.242188	84.230	136.4327
18916.332031	83.927	122.4280
19053.408203	83.703	107.5352
19191.476562	83.552	91.6667
19330.546875	83.444	74.7398
19470.623047	83.327	56.6935
19611.714844	83.143	37.5716
19753.830078	82.863	17.7812
19896.974609	82.540	-0.8493
