* Measurement data measured by REW V5.31
* Source: Input device not selected, no input selected, L, volume: no control. Timing signal peak level -41.6 dBFS, measurement signal peak level -41.2 dBFS
* Format: 1M Log Swept Sine, 1 sweep at 0.0 dBFS using an acoustic timing reference
* Dated: 29-Apr-2024 10:39:12
* REW Settings:
*  C-weighting compensation: Off
*  Target level: 75.0 dB
* Note: ; Delay -0.0361 ms (-12 mm, -0.49 in) using estimated IR delay relative to Acoustic reference played from  R with no timing offset
* Measurement: Zero Red Stock Wide R1
* Smoothing: 1/24 octave
* Frequency Step: 1/96 octave
* Start Frequency: 20.000 Hz
*
* Freq(Hz)	SPL(dB)	Phase(degrees)
20.000000	98.885	-112.5904
20.144928	98.903	-113.0862
20.290907	98.922	-113.5373
20.437943	98.944	-113.9506
20.586044	98.970	-114.3367
20.735220	99.002	-114.7064
20.885475	99.039	-115.0749
21.036821	99.082	-115.4553
21.189262	99.129	-115.8585
21.342808	99.178	-116.2940
21.497467	99.227	-116.7650
21.653246	99.274	-117.2713
21.810154	99.319	-117.8091
21.968201	99.359	-118.3696
22.127390	99.393	-118.9427
22.287735	99.423	-119.5178
22.449242	99.448	-120.0834
22.611917	99.470	-120.6322
22.775772	99.490	-121.1591
22.940815	99.511	-121.6632
23.107054	99.533	-122.1487
23.274498	99.559	-122.6224
23.443153	99.589	-123.0950
23.613033	99.623	-123.5776
23.784142	99.660	-124.0799
23.956491	99.700	-124.6101
24.130091	99.739	-125.1709
24.304947	99.777	-125.7612
24.481071	99.811	-126.3755
24.658470	99.841	-127.0037
24.837156	99.866	-127.6353
25.017136	99.886	-128.2577
25.198421	99.902	-128.8616
25.381020	99.917	-129.4391
25.564941	99.930	-129.9879
25.750195	99.944	-130.5091
25.936790	99.960	-131.0076
26.124741	99.979	-131.4910
26.314051	100.001	-131.9668
26.504732	100.025	-132.4422
26.696796	100.050	-132.9212
26.890253	100.075	-133.4052
27.085112	100.100	-133.8930
27.281382	100.124	-134.3814
27.479073	100.147	-134.8675
27.678198	100.169	-135.3492
27.878765	100.190	-135.8264
28.080786	100.211	-136.3008
28.284271	100.232	-136.7752
28.489231	100.252	-137.2525
28.695675	100.270	-137.7336
28.903616	100.286	-138.2172
29.113064	100.300	-138.6994
29.324028	100.311	-139.1752
29.536524	100.321	-139.6402
29.750557	100.329	-140.0931
29.966141	100.339	-140.5364
30.183289	100.350	-140.9781
30.402010	100.363	-141.4279
30.622314	100.378	-141.8961
30.844217	100.392	-142.3883
31.067726	100.404	-142.9036
31.292856	100.411	-143.4332
31.519617	100.414	-143.9638
31.748020	100.415	-144.4815
31.978081	100.414	-144.9787
32.209808	100.417	-145.4594
32.443211	100.426	-145.9413
32.678310	100.442	-146.4520
32.915108	100.462	-147.0195
33.153625	100.481	-147.6635
33.393871	100.492	-148.3809
33.635857	100.489	-149.1441
33.879597	100.465	-149.8983
34.125103	100.422	-150.5783
34.372387	100.366	-151.1210
34.621464	100.307	-151.4842
34.872345	100.260	-151.6688
35.125042	100.239	-151.7212
35.379574	100.251	-151.7312
35.635948	100.294	-151.7991
35.894180	100.358	-152.0051
36.154285	100.430	-152.3891
36.416275	100.494	-152.9362
36.680161	100.540	-153.5931
36.945961	100.564	-154.2871
37.213688	100.569	-154.9481
37.483353	100.563	-155.5350
37.754974	100.554	-156.0392
38.028561	100.548	-156.4812
38.304131	100.548	-156.8967
38.581699	100.550	-157.3140
38.861279	100.552	-157.7441
39.142883	100.550	-158.1788
39.426529	100.543	-158.5999
39.712231	100.535	-158.9951
40.000000	100.527	-159.3667
40.289856	100.524	-159.7313
40.581814	100.523	-160.1120
40.875885	100.523	-160.5226
41.172089	100.520	-160.9600
41.470440	100.513	-161.4076
41.770950	100.502	-161.8458
42.073643	100.491	-162.2662
42.378525	100.483	-162.6801
42.685616	100.479	-163.1129
42.994934	100.477	-163.5870
43.306492	100.471	-164.1069
43.620308	100.455	-164.6508
43.936401	100.429	-165.1756
44.254780	100.395	-165.6362
44.575470	100.361	-166.0084
44.898483	100.335	-166.3019
45.223835	100.322	-166.5560
45.551544	100.323	-166.8231
45.881630	100.335	-167.1474
46.214108	100.349	-167.5504
46.548996	100.360	-168.0274
46.886307	100.363	-168.5548
47.226067	100.356	-169.1004
47.568283	100.338	-169.6313
47.912983	100.311	-170.1187
48.260181	100.280	-170.5426
48.609894	100.249	-170.8984
48.962143	100.223	-171.2008
49.316940	100.206	-171.4813
49.674313	100.195	-171.7754
50.034271	100.187	-172.1053
50.396843	100.177	-172.4691
50.762039	100.161	-172.8437
51.129883	100.141	-173.2030
51.500389	100.121	-173.5367
51.873581	100.105	-173.8589
52.249481	100.093	-174.1983
52.628101	100.083	-174.5777
53.009464	100.072	-174.9988
53.393593	100.055	-175.4436
53.780506	100.034	-175.8897
54.170223	100.010	-176.3260
54.562763	99.986	-176.7570
54.958145	99.960	-177.1930
55.356396	99.931	-177.6364
55.757530	99.897	-178.0755
56.161572	99.859	-178.4892
56.568542	99.817	-178.8569
56.978462	99.775	-179.1673
57.391350	99.737	-179.4230
57.807232	99.708	-179.6422
58.226128	99.688	-179.8572
58.648056	99.675	179.8958
59.073048	99.666	179.5938
59.501114	99.653	179.2416
59.932281	99.633	178.8687
60.366577	99.607	178.5065
60.804020	99.579	178.1628
61.244629	99.554	177.8172
61.688435	99.529	177.4446
62.135452	99.499	177.0437
62.585712	99.463	176.6433
63.039234	99.422	176.2792
63.496040	99.383	175.9628
63.956161	99.350	175.6713
64.419617	99.325	175.3656
64.886421	99.302	175.0199
65.356621	99.277	174.6397
65.830215	99.244	174.2593
66.307251	99.205	173.9204
66.787743	99.164	173.6443
67.271713	99.127	173.4159
67.759193	99.094	173.1942
68.250206	99.063	172.9474
68.744774	99.026	172.6779
69.242928	98.982	172.4113
69.744690	98.934	172.1632
70.250084	98.885	171.9229
70.759148	98.837	171.6680
71.271896	98.789	171.3874
71.788361	98.740	171.0852
72.308571	98.691	170.7741
72.832550	98.643	170.4722
73.360321	98.601	170.1937
73.891922	98.570	169.9274
74.427376	98.550	169.6357
74.966705	98.535	169.2951
75.509949	98.515	168.9345
76.057121	98.487	168.6151
76.608261	98.455	168.3715
77.163399	98.422	168.1914
77.722557	98.387	168.0514
78.285767	98.348	167.9442
78.853058	98.308	167.8522
79.424461	98.268	167.7244
80.000000	98.224	167.5135
80.579712	98.168	167.2335
81.163628	98.103	166.9451
81.751770	98.041	166.6754
82.344177	97.991	166.3883
82.940880	97.952	166.0512
83.541901	97.920	165.6962
84.147285	97.894	165.3745
84.757050	97.875	165.1045
85.371231	97.854	164.9230
85.989868	97.827	164.9085
86.612984	97.798	165.0995
87.240616	97.767	165.5107
87.872803	97.741	166.2536
88.509560	97.764	167.3319
89.150940	97.877	168.1957
89.796967	98.024	168.0699
90.447670	98.071	166.9056
91.103088	97.951	165.4886
91.763260	97.726	164.5510
92.428215	97.499	164.1193
93.097992	97.312	163.8155
93.772614	97.157	163.4789
94.452133	97.034	163.1649
95.136566	96.950	162.8642
95.825966	96.895	162.5435
96.520363	96.856	162.2364
97.219788	96.827	161.9753
97.924286	96.798	161.7665
98.633881	96.759	161.6328
99.348625	96.711	161.5930
100.068542	96.657	161.6225
100.793686	96.600	161.6655
101.524078	96.540	161.6719
102.259766	96.477	161.6219
103.000778	96.411	161.5269
103.747162	96.347	161.4052
104.498962	96.285	161.2645
105.256203	96.226	161.1156
106.018929	96.166	160.9835
106.787186	96.105	160.8879
107.561012	96.041	160.8356
108.340446	95.975	160.8247
109.125526	95.907	160.8353
109.916290	95.838	160.8383
110.712791	95.768	160.8290
111.515060	95.698	160.8138
112.323143	95.633	160.7794
113.137085	95.570	160.7210
113.956924	95.508	160.6667
114.782700	95.449	160.6383
115.614464	95.394	160.6233
116.452255	95.337	160.6073
117.296112	95.277	160.6046
118.146095	95.213	160.6335
119.002228	95.149	160.6837
119.864563	95.086	160.7355
120.733154	95.024	160.7877
121.608040	94.961	160.8462
122.489258	94.899	160.9168
123.376869	94.837	161.0085
124.270905	94.773	161.1257
125.171425	94.706	161.2712
126.078468	94.637	161.4496
126.992081	94.568	161.6544
127.912323	94.501	161.8651
128.839233	94.437	162.0606
129.772842	94.375	162.2255
130.713242	94.312	162.3617
131.660431	94.244	162.4974
132.614502	94.170	162.6767
133.575485	94.094	162.9408
134.543427	94.022	163.2946
135.518387	93.960	163.6888
136.500412	93.907	164.0563
137.489548	93.857	164.3637
138.485855	93.805	164.6277
139.489380	93.749	164.8962
140.500168	93.690	165.2165
141.518295	93.632	165.6125
142.543793	93.579	166.0877
143.576721	93.529	166.6288
144.617142	93.484	167.2317
145.665100	93.446	167.8950
146.720642	93.421	168.5686
147.783844	93.410	169.1936
148.854752	93.412	169.7440
149.933411	93.425	170.1985
151.019897	93.445	170.5524
152.114243	93.465	170.8310
153.216522	93.482	171.0511
154.326797	93.491	171.2062
155.445114	93.489	171.2853
156.571533	93.475	171.2877
157.706116	93.454	171.2253
158.848923	93.432	171.1197
160.000000	93.418	171.0035
161.159424	93.413	170.9265
162.327255	93.417	170.9452
163.503540	93.424	171.0919
164.688354	93.427	171.3541
165.881760	93.417	171.6797
167.083801	93.390	172.0153
168.294571	93.347	172.3291
169.514099	93.297	172.6007
170.742462	93.248	172.8227
171.979736	93.207	173.0190
173.225967	93.174	173.2210
174.481232	93.147	173.4544
175.745605	93.120	173.7317
177.019119	93.093	174.0298
178.301880	93.065	174.3113
179.593933	93.037	174.5630
180.895340	93.012	174.8040
182.206177	92.996	175.0656
183.526520	92.990	175.3542
184.856430	92.991	175.6561
186.195984	92.993	175.9648
187.545227	92.995	176.2730
188.904266	92.998	176.5655
190.273132	93.001	176.8381
191.651932	93.004	177.1034
193.040726	93.008	177.3791
194.439575	93.011	177.6724
195.848572	93.012	177.9737
197.267761	93.012	178.2667
198.697250	93.011	178.5452
200.137085	93.009	178.8123
201.587372	93.008	179.0773
203.048157	93.008	179.3467
204.519531	93.007	179.6185
206.001556	93.007	179.8894
207.494324	93.007	-179.8467
208.997925	93.008	-179.5973
210.512405	93.012	-179.3596
212.037857	93.018	-179.1259
213.574371	93.027	-178.8891
215.122025	93.035	-178.6456
216.680893	93.043	-178.4002
218.251053	93.047	-178.1574
219.832581	93.051	-177.9207
221.425583	93.054	-177.6930
223.030121	93.060	-177.4739
224.646286	93.067	-177.2565
226.274170	93.075	-177.0300
227.913849	93.085	-176.7931
229.565399	93.097	-176.5615
231.228928	93.110	-176.3483
232.904510	93.122	-176.1494
234.592224	93.135	-175.9541
236.292191	93.146	-175.7551
238.004456	93.158	-175.5522
239.729126	93.170	-175.3573
241.466309	93.184	-175.1784
243.216080	93.198	-175.0105
244.978516	93.212	-174.8451
246.753738	93.226	-174.6760
248.541809	93.240	-174.5000
250.342850	93.254	-174.3198
252.156937	93.269	-174.1483
253.984161	93.284	-173.9966
255.824646	93.298	-173.8596
257.678467	93.312	-173.7212
259.545685	93.326	-173.5771
261.426483	93.341	-173.4359
263.320862	93.355	-173.3033
265.229004	93.369	-173.1832
267.150970	93.383	-173.0738
269.086853	93.397	-172.9673
271.036774	93.410	-172.8565
273.000824	93.421	-172.7361
274.979095	93.430	-172.6063
276.971710	93.439	-172.4740
278.978760	93.449	-172.3436
281.000336	93.460	-172.2234
283.036591	93.470	-172.1096
285.087585	93.481	-171.9973
287.153442	93.491	-171.8856
289.234283	93.501	-171.7765
291.330200	93.510	-171.6668
293.441284	93.519	-171.5567
295.567688	93.526	-171.4400
297.709503	93.534	-171.3185
299.866821	93.542	-171.1967
302.039795	93.551	-171.0762
304.228485	93.560	-170.9646
306.433044	93.569	-170.8526
308.653595	93.577	-170.7390
310.890228	93.584	-170.6234
313.143066	93.590	-170.4970
315.412231	93.598	-170.3566
317.697845	93.608	-170.2238
320.000000	93.617	-170.1088
322.318848	93.624	-169.9885
324.654510	93.630	-169.8655
327.007080	93.636	-169.7706
329.376709	93.638	-169.6908
331.763519	93.637	-169.5696
334.167603	93.638	-169.3903
336.589142	93.642	-169.2001
339.028198	93.647	-169.0332
341.484924	93.649	-168.8752
343.959473	93.648	-168.6786
346.451935	93.649	-168.4178
348.962463	93.657	-168.1055
351.491211	93.676	-167.7708
354.038239	93.705	-167.4389
356.603760	93.746	-167.1178
359.187866	93.800	-166.8302
361.790680	93.860	-166.6053
364.412354	93.919	-166.4216
367.053040	93.973	-166.2415
369.712860	94.024	-166.0848
372.391968	94.069	-166.0270
375.090454	94.107	-166.0988
377.808533	94.138	-166.2424
380.546265	94.166	-166.3763
383.303864	94.191	-166.4757
386.081451	94.213	-166.5784
388.879150	94.231	-166.6913
391.697144	94.246	-166.7796
394.535522	94.257	-166.8416
397.394501	94.265	-166.9084
400.274170	94.268	-166.9921
403.174744	94.268	-167.0719
406.096313	94.267	-167.1348
409.039062	94.265	-167.1879
412.003113	94.264	-167.2325
414.988647	94.264	-167.2617
417.995850	94.262	-167.2675
421.024811	94.261	-167.2455
424.075714	94.260	-167.2055
427.148743	94.258	-167.1610
430.244049	94.254	-167.1144
433.361786	94.249	-167.0692
436.502106	94.244	-167.0307
439.665161	94.240	-166.9948
442.851166	94.236	-166.9522
446.060242	94.233	-166.8980
449.292572	94.230	-166.8331
452.548340	94.227	-166.7619
455.827698	94.224	-166.6855
459.130798	94.221	-166.6003
462.457855	94.220	-166.5087
465.809021	94.218	-166.4209
469.184448	94.216	-166.3402
472.584381	94.214	-166.2589
476.008911	94.212	-166.1682
479.458252	94.211	-166.0671
482.932617	94.210	-165.9605
486.432159	94.210	-165.8500
489.957031	94.209	-165.7369
493.507477	94.209	-165.6291
497.083618	94.208	-165.5265
500.685699	94.206	-165.4185
504.313873	94.205	-165.3015
507.968323	94.202	-165.1812
511.649292	94.200	-165.0621
515.356934	94.198	-164.9415
519.091370	94.196	-164.8156
522.852966	94.194	-164.6859
526.641724	94.194	-164.5556
530.458008	94.195	-164.4234
534.301941	94.195	-164.2883
538.173706	94.194	-164.1551
542.073547	94.193	-164.0279
546.001648	94.193	-163.9028
549.958191	94.194	-163.7702
553.943420	94.194	-163.6254
557.957520	94.194	-163.4732
562.000671	94.194	-163.3194
566.073181	94.195	-163.1680
570.175171	94.196	-163.0184
574.306885	94.196	-162.8685
578.468567	94.197	-162.7184
582.660400	94.197	-162.5655
586.882568	94.197	-162.4091
591.135376	94.198	-162.2505
595.419006	94.199	-162.0899
599.733643	94.200	-161.9252
604.079590	94.201	-161.7522
608.456970	94.202	-161.5710
612.866089	94.204	-161.3925
617.307190	94.206	-161.2197
621.780457	94.207	-161.0457
626.286133	94.208	-160.8675
630.824463	94.210	-160.6846
635.395691	94.213	-160.4988
640.000000	94.216	-160.3126
644.637695	94.219	-160.1278
649.309021	94.223	-159.9467
654.014160	94.227	-159.7649
658.753418	94.231	-159.5735
663.527039	94.235	-159.3677
668.335205	94.238	-159.1523
673.178284	94.241	-158.9343
678.056396	94.243	-158.7161
682.969849	94.246	-158.4976
687.918945	94.252	-158.2770
692.903870	94.258	-158.0530
697.924927	94.264	-157.8276
702.982422	94.270	-157.6045
708.076477	94.275	-157.3835
713.207520	94.280	-157.1609
718.375732	94.285	-156.9310
723.581360	94.291	-156.6914
728.824707	94.296	-156.4459
734.106079	94.302	-156.2016
739.425720	94.309	-155.9596
744.783936	94.316	-155.7163
750.180908	94.323	-155.4684
755.617065	94.331	-155.2126
761.092529	94.340	-154.9494
766.607727	94.348	-154.6834
772.162903	94.358	-154.4165
777.758301	94.368	-154.1473
783.394287	94.378	-153.8755
789.071045	94.389	-153.6051
794.789001	94.400	-153.3364
800.548340	94.412	-153.0639
806.349487	94.425	-152.7826
812.192627	94.439	-152.4933
818.078125	94.454	-152.1981
824.006226	94.469	-151.8962
829.977295	94.485	-151.5917
835.991699	94.501	-151.2882
842.049622	94.518	-150.9820
848.151428	94.535	-150.6723
854.297485	94.553	-150.3638
860.488098	94.571	-150.0561
866.723572	94.591	-149.7466
873.004211	94.611	-149.4355
879.330322	94.631	-149.1249
885.702332	94.651	-148.8127
892.120483	94.671	-148.4947
898.585144	94.692	-148.1741
905.096680	94.715	-147.8556
911.655396	94.741	-147.5383
918.261597	94.769	-147.2196
924.915710	94.798	-146.9019
931.618042	94.828	-146.5885
938.368896	94.855	-146.2782
945.168762	94.876	-145.9678
952.017822	94.891	-145.6531
958.916504	94.902	-145.3362
965.865234	94.913	-145.0225
972.864319	94.930	-144.7194
979.914062	94.957	-144.4297
987.014954	94.995	-144.1479
994.167236	95.039	-143.8670
1001.371399	95.087	-143.5842
1008.627747	95.136	-143.2979
1015.936646	95.184	-143.0155
1023.298584	95.231	-142.7469
1030.713867	95.276	-142.4919
1038.182739	95.320	-142.2413
1045.705933	95.360	-141.9895
1053.283447	95.399	-141.7404
1060.916016	95.437	-141.4966
1068.603882	95.475	-141.2624
1076.347412	95.513	-141.0427
1084.147095	95.550	-140.8323
1092.003296	95.587	-140.6242
1099.916382	95.624	-140.4202
1107.886841	95.661	-140.2189
1115.915039	95.698	-140.0204
1124.001343	95.733	-139.8327
1132.146362	95.767	-139.6583
1140.350342	95.800	-139.4920
1148.613770	95.832	-139.3294
1156.937134	95.864	-139.1662
1165.320801	95.896	-139.0004
1173.765137	95.928	-138.8394
1182.270752	95.960	-138.6872
1190.838013	95.992	-138.5387
1199.467285	96.021	-138.3890
1208.159180	96.050	-138.2369
1216.913940	96.077	-138.0805
1225.732178	96.105	-137.9205
1234.614380	96.135	-137.7631
1243.560913	96.165	-137.6115
1252.572266	96.196	-137.4628
1261.648926	96.228	-137.3133
1270.791382	96.260	-137.1590
1280.000000	96.291	-136.9994
1289.275391	96.322	-136.8410
1298.618042	96.353	-136.6847
1308.028320	96.385	-136.5235
1317.506836	96.416	-136.3517
1327.054077	96.448	-136.1687
1336.670410	96.480	-135.9751
1346.356567	96.512	-135.7710
1356.112793	96.546	-135.5616
1365.939697	96.582	-135.3536
1375.837891	96.620	-135.1472
1385.807739	96.661	-134.9393
1395.849854	96.703	-134.7328
1405.964844	96.747	-134.5331
1416.152954	96.792	-134.3466
1426.415039	96.838	-134.1776
1436.751465	96.884	-134.0266
1447.162720	96.930	-133.8917
1457.649414	96.975	-133.7688
1468.212158	97.019	-133.6601
1478.851440	97.062	-133.5689
1489.567871	97.101	-133.4877
1500.361816	97.138	-133.4056
1511.234131	97.172	-133.3166
1522.185059	97.202	-133.2206
1533.215454	97.229	-133.1249
1544.325806	97.255	-133.0308
1555.516602	97.280	-132.9275
1566.788574	97.303	-132.8104
1578.142090	97.324	-132.6855
1589.578003	97.341	-132.5515
1601.096680	97.353	-132.3961
1612.698975	97.362	-132.2087
1624.385254	97.367	-131.9885
1636.156250	97.368	-131.7391
1648.012451	97.368	-131.4563
1659.954590	97.368	-131.1258
1671.983398	97.369	-130.7348
1684.099243	97.371	-130.2750
1696.302856	97.377	-129.7429
1708.594971	97.389	-129.1402
1720.976196	97.410	-128.4741
1733.447144	97.443	-127.7575
1746.008423	97.490	-127.0075
1758.660645	97.553	-126.2466
1771.404663	97.632	-125.5075
1784.240967	97.725	-124.8286
1797.170288	97.828	-124.2377
1810.193359	97.935	-123.7406
1823.310791	98.038	-123.3221
1836.523193	98.135	-122.9429
1849.831421	98.224	-122.5471
1863.236084	98.309	-122.0867
1876.737793	98.397	-121.5402
1890.337524	98.497	-120.9146
1904.035645	98.618	-120.2387
1917.833008	98.765	-119.5653
1931.730469	98.939	-118.9685
1945.728638	99.135	-118.5212
1959.828125	99.344	-118.2753
1974.029907	99.555	-118.2513
1988.334473	99.757	-118.4391
2002.742798	99.941	-118.8020
2017.255493	100.103	-119.2896
2031.873291	100.240	-119.8475
2046.597168	100.354	-120.4259
2061.427734	100.446	-120.9805
2076.365479	100.521	-121.4792
2091.411865	100.582	-121.9035
2106.566895	100.635	-122.2436
2121.832031	100.683	-122.4960
2137.207764	100.731	-122.6626
2152.694824	100.783	-122.7543
2168.294189	100.842	-122.7907
2184.006592	100.908	-122.7881
2199.832764	100.983	-122.7643
2215.773682	101.068	-122.7472
2231.830078	101.161	-122.7657
2248.002686	101.261	-122.8351
2264.292725	101.365	-122.9596
2280.700684	101.469	-123.1386
2297.227539	101.570	-123.3663
2313.874268	101.668	-123.6348
2330.641602	101.761	-123.9356
2347.530273	101.852	-124.2601
2364.541504	101.938	-124.6052
2381.676025	102.021	-124.9709
2398.934570	102.099	-125.3453
2416.318359	102.171	-125.7176
2433.827881	102.237	-126.0893
2451.464355	102.299	-126.4671
2469.228760	102.358	-126.8446
2487.121826	102.414	-127.2135
2505.144531	102.467	-127.5738
2523.297852	102.517	-127.9252
2541.582764	102.565	-128.2653
2560.000000	102.611	-128.5926
2578.550781	102.656	-128.9087
2597.236084	102.700	-129.2135
2616.056641	102.744	-129.5056
2635.013672	102.790	-129.7883
2654.108154	102.836	-130.0645
2673.340820	102.881	-130.3349
2692.713135	102.927	-130.6012
2712.225586	102.974	-130.8697
2731.879395	103.022	-131.1473
2751.675781	103.071	-131.4368
2771.615479	103.120	-131.7395
2791.699707	103.170	-132.0566
2811.929688	103.218	-132.3903
2832.305908	103.266	-132.7404
2852.830078	103.311	-133.1050
2873.502930	103.353	-133.4810
2894.325439	103.393	-133.8644
2915.298828	103.431	-134.2523
2936.424316	103.468	-134.6445
2957.702881	103.503	-135.0434
2979.135742	103.536	-135.4511
3000.723633	103.566	-135.8576
3022.468262	103.591	-136.2513
3044.370117	103.614	-136.6376
3066.430908	103.636	-137.0278
3088.651611	103.659	-137.4216
3111.033203	103.683	-137.8172
3133.577148	103.708	-138.2161
3156.284180	103.733	-138.6227
3179.156006	103.760	-139.0384
3202.193359	103.787	-139.4606
3225.397949	103.814	-139.8874
3248.770508	103.840	-140.3188
3272.312500	103.865	-140.7513
3296.024902	103.888	-141.1794
3319.909180	103.909	-141.6003
3343.966797	103.925	-142.0122
3368.198486	103.936	-142.4151
3392.605713	103.944	-142.8161
3417.189941	103.945	-143.2163
3441.952393	103.939	-143.6015
3466.894287	103.925	-143.9674
3492.016846	103.906	-144.3271
3517.321289	103.884	-144.6853
3542.809326	103.860	-145.0355
3568.481934	103.835	-145.3750
3594.340576	103.809	-145.7041
3620.386719	103.784	-146.0231
3646.621582	103.760	-146.3327
3673.046387	103.737	-146.6331
3699.662842	103.716	-146.9179
3726.472168	103.695	-147.1830
3753.475586	103.678	-147.4325
3780.675049	103.665	-147.6699
3808.071289	103.656	-147.8941
3835.666016	103.648	-148.1039
3863.460938	103.641	-148.2990
3891.457275	103.633	-148.4788
3919.656250	103.626	-148.6440
3948.059814	103.617	-148.8005
3976.668945	103.604	-148.9566
4005.485596	103.584	-149.1126
4034.510986	103.554	-149.2647
4063.746582	103.515	-149.4140
4093.194336	103.469	-149.5590
4122.855469	103.417	-149.6920
4152.730957	103.360	-149.8069
4182.823730	103.300	-149.9027
4213.133789	103.238	-149.9835
4243.664062	103.178	-150.0523
4274.415527	103.121	-150.1122
4305.389648	103.066	-150.1675
4336.588379	103.013	-150.2204
4368.013184	102.963	-150.2693
4399.665527	102.915	-150.3134
4431.547363	102.870	-150.3547
4463.660156	102.827	-150.3930
4496.005371	102.786	-150.4256
4528.585449	102.745	-150.4503
4561.401367	102.707	-150.4672
4594.455078	102.669	-150.4758
4627.748535	102.634	-150.4768
4661.283203	102.601	-150.4720
4695.060547	102.570	-150.4617
4729.083008	102.541	-150.4453
4763.352051	102.514	-150.4237
4797.869141	102.489	-150.3979
4832.636719	102.465	-150.3672
4867.655762	102.442	-150.3339
4902.928711	102.423	-150.2985
4938.457520	102.406	-150.2575
4974.243652	102.392	-150.2095
5010.289062	102.379	-150.1529
5046.595703	102.366	-150.0865
5083.165527	102.353	-150.0107
5120.000000	102.341	-149.9271
5157.101562	102.327	-149.8368
5194.472168	102.312	-149.7421
5232.113281	102.296	-149.6433
5270.027344	102.279	-149.5406
5308.216309	102.262	-149.4344
5346.681641	102.245	-149.3235
5385.426270	102.227	-149.2121
5424.451172	102.211	-149.1033
5463.758789	102.196	-148.9945
5503.351562	102.185	-148.8857
5543.230957	102.178	-148.7805
5583.399414	102.174	-148.6799
5623.859375	102.177	-148.5837
5664.611816	102.185	-148.4937
5705.660156	102.199	-148.4102
5747.005859	102.217	-148.3311
5788.650879	102.240	-148.2554
5830.597656	102.268	-148.1850
5872.848633	102.302	-148.1255
5915.405762	102.342	-148.0822
5958.271484	102.390	-148.0624
6001.447266	102.439	-148.0671
6044.936523	102.488	-148.0892
6088.740234	102.538	-148.1409
6132.861816	102.593	-148.2351
6177.303223	102.654	-148.3744
6222.066406	102.722	-148.5671
6267.154297	102.797	-148.8221
6312.568359	102.877	-149.1460
6358.312012	102.963	-149.5479
6404.386719	103.053	-150.0386
6450.795898	103.149	-150.6286
6497.541016	103.248	-151.3302
6544.625000	103.349	-152.1537
6592.049805	103.450	-153.1091
6639.818359	103.550	-154.2114
6687.933594	103.647	-155.4721
6736.396973	103.738	-156.8988
6785.211426	103.819	-158.4980
6834.379883	103.886	-160.2734
6883.904785	103.935	-162.2230
6933.788574	103.961	-164.3394
6984.033691	103.960	-166.6097
7034.642578	103.928	-169.0151
7085.618652	103.863	-171.5287
7136.963867	103.760	-174.1221
7188.681152	103.619	-176.7707
7240.773438	103.439	-179.4496
7293.243164	103.217	177.8691
7346.092773	102.952	175.2214
7399.325684	102.646	172.6499
7452.944336	102.297	170.1978
7506.951172	101.911	167.9009
7561.350098	101.491	165.7889
7616.142578	101.042	163.8838
7671.332031	100.571	162.1986
7726.921875	100.083	160.7356
7782.914551	99.582	159.4922
7839.312500	99.074	158.4618
7896.119629	98.565	157.6296
7953.337891	98.060	156.9779
8010.971191	97.563	156.4901
8069.021973	97.075	156.1535
8127.493164	96.598	155.9559
8186.388672	96.133	155.8862
8245.710938	95.681	155.9357
8305.461914	95.242	156.0929
8365.647461	94.816	156.3452
8426.267578	94.403	156.6784
8487.328125	94.002	157.0808
8548.831055	93.611	157.5511
8610.779297	93.232	158.0822
8673.176758	92.864	158.6572
8736.026367	92.507	159.2675
8799.331055	92.160	159.9113
8863.094727	91.820	160.5894
8927.320312	91.485	161.3024
8992.010742	91.156	162.0432
9057.170898	90.829	162.8088
9122.802734	90.504	163.6118
9188.910156	90.178	164.4757
9255.497070	89.850	165.4151
9322.566406	89.519	166.4314
9390.121094	89.188	167.5250
9458.166016	88.860	168.7081
9526.704102	88.536	169.9991
9595.738281	88.221	171.4108
9665.273438	87.918	172.9467
9735.311523	87.628	174.5995
9805.857422	87.355	176.3527
9876.915039	87.101	178.1865
9948.487305	86.868	-179.9154
10020.578125	86.657	-177.9544
10093.191406	86.468	-175.9413
10166.331055	86.303	-173.8900
10240.000000	86.160	-171.8107
10314.203125	86.036	-169.7102
10388.944336	85.930	-167.5996
10464.226562	85.847	-165.4953
10540.054688	85.789	-163.4143
10616.432617	85.755	-161.3650
10693.363281	85.743	-159.3478
10770.852539	85.748	-157.3658
10848.902344	85.772	-155.4404
10927.517578	85.814	-153.5759
11006.703125	85.872	-151.7690
11086.461914	85.943	-150.0286
11166.798828	86.028	-148.3644
11247.718750	86.128	-146.7796
11329.223633	86.240	-145.2846
11411.320312	86.361	-143.8918
11494.011719	86.489	-142.6025
11577.301758	86.622	-141.4115
11661.195312	86.758	-140.2962
11745.697266	86.894	-139.2184
11830.811523	87.030	-138.1399
11916.542969	87.169	-137.0222
12002.894531	87.316	-135.8214
12089.873047	87.478	-134.5015
12177.480469	87.666	-133.0482
12265.723633	87.895	-131.4724
12354.606445	88.179	-129.8063
12444.132812	88.530	-128.1084
12534.308594	88.959	-126.4555
12625.136719	89.475	-124.9312
12716.624023	90.088	-123.6247
12808.773438	90.808	-122.6379
12901.591797	91.648	-122.1033
12995.082031	92.623	-122.2037
13089.250000	93.743	-123.1896
13184.099609	95.008	-125.3884
13279.636719	96.389	-129.2032
13375.867188	97.816	-135.0616
13472.793945	99.179	-143.2995
13570.422852	100.333	-153.9976
13668.759766	101.132	-166.8193
13767.809570	101.462	179.0540
13867.577148	101.287	164.7887
13968.067383	100.671	151.5366
14069.285156	99.753	140.0751
14171.237305	98.702	130.6818
14273.927734	97.658	123.2203
14377.362305	96.710	117.3058
14481.546875	95.891	112.4781
14586.486328	95.200	108.3170
14692.185547	94.623	104.4951
14798.651367	94.149	100.7899
14905.888672	93.768	97.0672
15013.902344	93.471	93.2407
15122.700195	93.254	89.2280
15232.285156	93.117	84.9311
15342.664062	93.063	80.2451
15453.843750	93.083	75.0503
15565.829102	93.170	69.2066
15678.625000	93.315	62.5552
15792.239258	93.508	54.9292
15906.675781	93.718	46.1734
16021.942383	93.898	36.1803
16138.043945	93.994	24.9385
16254.986328	93.961	12.5640
16372.777344	93.769	-0.6776
16491.421875	93.413	-14.3976
16610.923828	92.905	-28.1565
16731.294922	92.259	-41.5501
16852.535156	91.499	-54.2794
16974.656250	90.657	-66.1949
17097.662109	89.779	-77.2936
17221.558594	88.904	-87.6742
17346.353516	88.062	-97.4861
17472.052734	87.266	-106.8971
17598.662109	86.522	-116.0684
17726.189453	85.833	-125.1444
17854.640625	85.198	-134.2535
17984.021484	84.616	-143.5132
18114.341797	84.084	-153.0416
18245.605469	83.597	-162.9610
18377.820312	83.151	-173.3831
18510.994141	82.742	175.6081
18645.132812	82.371	163.9337
18780.242188	82.040	151.4918
18916.332031	81.757	138.1924
19053.408203	81.528	123.9377
19191.476562	81.351	108.6135
19330.546875	81.198	92.1953
19470.623047	81.017	74.7216
19611.714844	80.753	56.2249
19753.830078	80.386	37.0145
19896.974609	79.989	18.8219
