* Measurement data measured by REW V5.31
* Source: Input device not selected, no input selected, L, volume: no control. Timing signal peak level -40.5 dBFS, measurement signal peak level -40.4 dBFS
* Format: 1M Log Swept Sine, 1 sweep at 0.0 dBFS using an acoustic timing reference
* Dated: 29-Apr-2024 11:12:57
* REW Settings:
*  C-weighting compensation: Off
*  Target level: 75.0 dB
* Note: ; Delay -0.0332 ms (-11 mm, -0.45 in) using estimated IR delay relative to Acoustic reference played from  R with no timing offset
* Measurement: Zero Red Spring L1
* Smoothing: 1/24 octave
* Frequency Step: 1/96 octave
* Start Frequency: 20.000 Hz
*
* Freq(Hz)	SPL(dB)	Phase(degrees)
20.000000	97.901	-103.7993
20.144928	97.995	-104.5325
20.290907	98.076	-105.3171
20.437943	98.144	-106.1270
20.586044	98.198	-106.9309
20.735220	98.239	-107.7049
20.885475	98.270	-108.4218
21.036821	98.293	-109.0618
21.189262	98.314	-109.6175
21.342808	98.338	-110.0881
21.497467	98.368	-110.4851
21.653246	98.409	-110.8329
21.810154	98.462	-111.1568
21.968201	98.527	-111.4895
22.127390	98.601	-111.8597
22.287735	98.681	-112.2848
22.449242	98.761	-112.7753
22.611917	98.837	-113.3264
22.775772	98.904	-113.9210
22.940815	98.961	-114.5374
23.107054	99.006	-115.1433
23.274498	99.040	-115.7115
23.443153	99.068	-116.2188
23.613033	99.094	-116.6517
23.784142	99.125	-117.0159
23.956491	99.166	-117.3307
24.130091	99.221	-117.6320
24.304947	99.291	-117.9675
24.481071	99.374	-118.3827
24.658470	99.464	-118.9226
24.837156	99.555	-119.6115
25.017136	99.635	-120.4581
25.198421	99.696	-121.4473
25.381020	99.728	-122.5408
25.564941	99.725	-123.6869
25.750195	99.684	-124.8108
25.936790	99.605	-125.8383
26.124741	99.490	-126.6810
26.314051	99.351	-127.2658
26.504732	99.199	-127.5278
26.696796	99.055	-127.4380
26.890253	98.938	-127.0094
27.085112	98.868	-126.3099
27.281382	98.861	-125.4621
27.479073	98.922	-124.6214
27.678198	99.047	-123.9495
27.878765	99.222	-123.5793
28.080786	99.425	-123.5917
28.284271	99.635	-124.0086
28.489231	99.831	-124.8013
28.695675	99.997	-125.8987
28.903616	100.122	-127.2130
29.113064	100.202	-128.6401
29.324028	100.239	-130.0848
29.536524	100.236	-131.4605
29.750557	100.204	-132.7003
29.966141	100.154	-133.7651
30.183289	100.098	-134.6451
30.402010	100.046	-135.3585
30.622314	100.006	-135.9449
30.844217	99.980	-136.4525
31.067726	99.966	-136.9227
31.292856	99.961	-137.3840
31.519617	99.961	-137.8447
31.748020	99.963	-138.2998
31.978081	99.967	-138.7377
32.209808	99.975	-139.1530
32.443211	99.989	-139.5514
32.678310	100.011	-139.9519
32.915108	100.040	-140.3790
33.153625	100.072	-140.8551
33.393871	100.103	-141.3870
33.635857	100.126	-141.9639
33.879597	100.139	-142.5567
34.125103	100.140	-143.1313
34.372387	100.134	-143.6590
34.621464	100.126	-144.1281
34.872345	100.122	-144.5499
35.125042	100.124	-144.9521
35.379574	100.132	-145.3682
35.635948	100.143	-145.8174
35.894180	100.152	-146.2973
36.154285	100.154	-146.7834
36.416275	100.153	-147.2436
36.680161	100.154	-147.6609
36.945961	100.165	-148.0487
37.213688	100.194	-148.4610
37.483353	100.239	-148.9733
37.754974	100.292	-149.6508
38.028561	100.338	-150.5196
38.304131	100.356	-151.5394
38.581699	100.336	-152.6084
38.861279	100.274	-153.5894
39.142883	100.178	-154.3392
39.426529	100.073	-154.7600
39.712231	99.985	-154.8472
40.000000	99.941	-154.6973
40.289856	99.951	-154.4839
40.581814	100.008	-154.3955
40.875885	100.090	-154.5509
41.172089	100.169	-154.9615
41.470440	100.225	-155.5483
41.770950	100.248	-156.1807
42.073643	100.243	-156.7277
42.378525	100.227	-157.1102
42.685616	100.217	-157.3298
42.994934	100.227	-157.4592
43.306492	100.259	-157.6058
43.620308	100.306	-157.8630
43.936401	100.350	-158.2689
44.254780	100.379	-158.7926
44.575470	100.385	-159.3582
44.898483	100.371	-159.8876
45.223835	100.348	-160.3389
45.551544	100.327	-160.7260
45.881630	100.315	-161.1092
46.214108	100.309	-161.5583
46.548996	100.297	-162.1059
46.886307	100.267	-162.7182
47.226067	100.214	-163.3034
47.568283	100.145	-163.7576
47.912983	100.079	-164.0258
48.260181	100.035	-164.1439
48.609894	100.029	-164.2338
48.962143	100.056	-164.4447
49.316940	100.100	-164.8771
49.674313	100.135	-165.5366
50.034271	100.145	-166.3416
50.396843	100.122	-167.1676
50.762039	100.071	-167.8967
51.129883	100.004	-168.4491
51.500389	99.935	-168.7906
51.873581	99.875	-168.9267
52.249481	99.838	-168.8992
52.628101	99.833	-168.7899
53.009464	99.866	-168.7170
53.393593	99.928	-168.8079
53.780506	100.001	-169.1523
54.170223	100.065	-169.7663
54.562763	100.097	-170.5902
54.958145	100.088	-171.5174
55.356396	100.035	-172.4306
55.757530	99.945	-173.2247
56.161572	99.826	-173.8154
56.568542	99.694	-174.1460
56.978462	99.568	-174.2043
57.391350	99.466	-174.0404
57.807232	99.402	-173.7598
58.226128	99.375	-173.4815
58.648056	99.380	-173.2895
59.073048	99.407	-173.2208
59.501114	99.449	-173.2899
59.932281	99.499	-173.5094
60.366577	99.547	-173.8740
60.804020	99.582	-174.3316
61.244629	99.599	-174.7924
61.688435	99.608	-175.1883
62.135452	99.618	-175.5313
62.585712	99.632	-175.8978
63.039234	99.636	-176.3355
63.496040	99.613	-176.7897
63.956161	99.562	-177.1372
64.419617	99.502	-177.3056
64.886421	99.451	-177.3595
65.356621	99.414	-177.4476
65.830215	99.374	-177.6635
66.307251	99.316	-177.9698
66.787743	99.242	-178.2695
67.271713	99.166	-178.5322
67.759193	99.103	-178.8331
68.250206	99.050	-179.2645
68.744774	98.996	-179.8323
69.242928	98.936	179.5431
69.744690	98.880	178.9351
70.250084	98.840	178.3445
70.759148	98.818	177.7263
71.271896	98.807	177.0654
71.788361	98.799	176.4078
72.308571	98.791	175.8195
72.832550	98.786	175.3317
73.360321	98.787	174.9315
73.891922	98.788	174.5937
74.427376	98.784	174.3107
74.966705	98.773	174.0877
75.509949	98.754	173.9167
76.057121	98.731	173.7623
76.608261	98.701	173.5796
77.163399	98.662	173.3479
77.722557	98.612	173.0774
78.285767	98.558	172.7812
78.853058	98.505	172.4516
79.424461	98.455	172.0740
80.000000	98.409	171.6565
80.579712	98.366	171.2328
81.163628	98.328	170.8385
81.751770	98.296	170.4962
82.344177	98.269	170.2137
82.940880	98.244	169.9849
83.541901	98.217	169.8011
84.147285	98.183	169.6617
84.757050	98.138	169.5515
85.371231	98.083	169.4219
85.989868	98.011	169.2322
86.612984	97.918	168.9755
87.240616	97.807	168.6156
87.872803	97.669	168.1232
88.509560	97.487	167.6855
89.150940	97.287	167.6976
89.796967	97.154	168.2511
90.447670	97.151	168.7791
91.103088	97.231	168.6507
91.763260	97.298	167.9231
92.428215	97.320	167.0827
93.097992	97.317	166.4288
93.772614	97.304	165.9709
94.452133	97.284	165.6808
95.136566	97.257	165.5483
95.825966	97.230	165.4959
96.520363	97.197	165.4268
97.219788	97.151	165.3050
97.924286	97.089	165.1414
98.633881	97.017	164.9570
99.348625	96.940	164.7637
100.068542	96.867	164.5556
100.793686	96.799	164.3264
101.524078	96.738	164.0858
102.259766	96.681	163.8528
103.000778	96.625	163.6511
103.747162	96.570	163.5052
104.498962	96.515	163.4205
105.256203	96.459	163.3730
106.018929	96.400	163.3314
106.787186	96.336	163.2857
107.561012	96.267	163.2381
108.340446	96.196	163.1787
109.125526	96.125	163.0944
109.916290	96.054	162.9871
110.712791	95.983	162.8671
111.515060	95.912	162.7482
112.323143	95.838	162.6545
113.137085	95.763	162.6042
113.956924	95.687	162.5886
114.782700	95.608	162.5897
115.614464	95.526	162.6036
116.452255	95.440	162.6251
117.296112	95.351	162.6320
118.146095	95.258	162.6158
119.002228	95.160	162.6109
119.864563	95.061	162.6562
120.733154	94.964	162.7517
121.608040	94.870	162.8894
122.489258	94.775	163.0836
123.376869	94.679	163.3484
124.270905	94.579	163.6883
125.171425	94.476	164.1142
126.078468	94.370	164.6494
126.992081	94.270	165.3072
127.912323	94.184	166.0626
128.839233	94.119	166.8645
129.772842	94.076	167.6822
130.713242	94.056	168.5285
131.660431	94.067	169.4066
132.614502	94.114	170.2311
133.575485	94.187	170.8770
134.543427	94.268	171.2895
135.518387	94.340	171.5034
136.500412	94.395	171.5893
137.489548	94.435	171.5854
138.485855	94.460	171.4998
139.489380	94.473	171.3550
140.500168	94.475	171.1703
141.518295	94.467	170.9621
142.543793	94.450	170.7711
143.576721	94.428	170.6268
144.617142	94.401	170.5262
145.665100	94.370	170.4538
146.720642	94.332	170.3944
147.783844	94.284	170.3585
148.854752	94.231	170.3653
149.933411	94.175	170.4116
151.019897	94.122	170.4801
152.114243	94.072	170.5646
153.216522	94.025	170.6760
154.326797	93.982	170.8234
155.445114	93.943	171.0054
156.571533	93.909	171.2181
157.706116	93.877	171.4494
158.848923	93.848	171.6820
160.000000	93.819	171.9003
161.159424	93.791	172.0924
162.327255	93.762	172.2642
163.503540	93.730	172.4374
164.688354	93.697	172.6371
165.881760	93.662	172.8783
167.083801	93.625	173.1591
168.294571	93.587	173.4701
169.514099	93.546	173.8045
170.742462	93.504	174.1421
171.979736	93.462	174.4626
173.225967	93.421	174.7735
174.481232	93.387	175.0778
175.745605	93.360	175.3497
177.019119	93.336	175.6055
178.301880	93.314	175.9063
179.593933	93.298	176.2538
180.895340	93.289	176.6083
182.206177	93.286	176.9263
183.526520	93.284	177.1937
184.856430	93.281	177.4358
186.195984	93.278	177.6730
187.545227	93.275	177.9171
188.904266	93.271	178.1828
190.273132	93.268	178.4750
191.651932	93.265	178.7786
193.040726	93.263	179.0808
194.439575	93.262	179.3734
195.848572	93.260	179.6425
197.267761	93.258	179.8922
198.697250	93.253	-179.8556
200.137085	93.247	-179.5883
201.587372	93.242	-179.3106
203.048157	93.237	-179.0320
204.519531	93.232	-178.7538
206.001556	93.230	-178.4763
207.494324	93.231	-178.2077
208.997925	93.235	-177.9527
210.512405	93.240	-177.7043
212.037857	93.246	-177.4564
213.574371	93.252	-177.2154
215.122025	93.257	-176.9796
216.680893	93.261	-176.7361
218.251053	93.267	-176.4833
219.832581	93.275	-176.2298
221.425583	93.283	-175.9789
223.030121	93.291	-175.7341
224.646286	93.300	-175.4965
226.274170	93.309	-175.2713
227.913849	93.320	-175.0632
229.565399	93.330	-174.8677
231.228928	93.338	-174.6799
232.904510	93.343	-174.4981
234.592224	93.345	-174.3181
236.292191	93.348	-174.1354
238.004456	93.352	-173.9496
239.729126	93.360	-173.7638
241.466309	93.369	-173.5871
243.216080	93.378	-173.4187
244.978516	93.386	-173.2454
246.753738	93.393	-173.0599
248.541809	93.399	-172.8680
250.342850	93.403	-172.6733
252.156937	93.404	-172.4756
253.984161	93.402	-172.2710
255.824646	93.398	-172.0587
257.678467	93.394	-171.8361
259.545685	93.389	-171.6002
261.426483	93.386	-171.3467
263.320862	93.384	-171.0749
265.229004	93.384	-170.7888
267.150970	93.384	-170.4873
269.086853	93.382	-170.1553
271.036774	93.378	-169.7778
273.000824	93.374	-169.3505
274.979095	93.376	-168.8821
276.971710	93.386	-168.3783
278.978760	93.406	-167.8456
281.000336	93.438	-167.2962
283.036591	93.480	-166.7424
285.087585	93.535	-166.1991
287.153442	93.603	-165.6724
289.234283	93.690	-165.1750
291.330200	93.796	-164.7474
293.441284	93.916	-164.4318
295.567688	94.040	-164.2538
297.709503	94.159	-164.2325
299.866821	94.268	-164.3681
302.039795	94.360	-164.6269
304.228485	94.434	-164.9622
306.433044	94.491	-165.3371
308.653595	94.533	-165.7219
310.890228	94.564	-166.0884
313.143066	94.588	-166.4107
315.412231	94.606	-166.6763
317.697845	94.619	-166.8899
320.000000	94.628	-167.0669
322.318848	94.635	-167.2179
324.654510	94.639	-167.3414
327.007080	94.642	-167.4330
329.376709	94.646	-167.4981
331.763519	94.650	-167.5500
334.167603	94.654	-167.5968
336.589142	94.658	-167.6445
339.028198	94.663	-167.6917
341.484924	94.669	-167.7328
343.959473	94.678	-167.7643
346.451935	94.686	-167.7863
348.962463	94.694	-167.8001
351.491211	94.699	-167.8138
354.038239	94.703	-167.8353
356.603760	94.707	-167.8644
359.187866	94.711	-167.8961
361.790680	94.715	-167.9245
364.412354	94.717	-167.9479
367.053040	94.718	-167.9682
369.712860	94.718	-167.9837
372.391968	94.717	-167.9885
375.090454	94.717	-167.9823
377.808533	94.719	-167.9692
380.546265	94.721	-167.9534
383.303864	94.725	-167.9422
386.081451	94.728	-167.9344
388.879150	94.729	-167.9222
391.697144	94.729	-167.9051
394.535522	94.728	-167.8838
397.394501	94.728	-167.8605
400.274170	94.729	-167.8397
403.174744	94.731	-167.8197
406.096313	94.732	-167.7963
409.039062	94.731	-167.7699
412.003113	94.729	-167.7426
414.988647	94.727	-167.7122
417.995850	94.725	-167.6813
421.024811	94.723	-167.6543
424.075714	94.722	-167.6232
427.148743	94.722	-167.5780
430.244049	94.722	-167.5229
433.361786	94.722	-167.4691
436.502106	94.722	-167.4194
439.665161	94.721	-167.3653
442.851166	94.719	-167.3007
446.060242	94.718	-167.2320
449.292572	94.717	-167.1680
452.548340	94.716	-167.1093
455.827698	94.714	-167.0509
459.130798	94.711	-166.9909
462.457855	94.708	-166.9313
465.809021	94.705	-166.8719
469.184448	94.703	-166.8065
472.584381	94.701	-166.7321
476.008911	94.699	-166.6498
479.458252	94.698	-166.5663
482.932617	94.697	-166.4875
486.432159	94.696	-166.4115
489.957031	94.694	-166.3310
493.507477	94.691	-166.2463
497.083618	94.688	-166.1562
500.685699	94.684	-166.0575
504.313873	94.681	-165.9527
507.968323	94.679	-165.8504
511.649292	94.677	-165.7549
515.356934	94.675	-165.6608
519.091370	94.674	-165.5654
522.852966	94.673	-165.4674
526.641724	94.671	-165.3624
530.458008	94.669	-165.2479
534.301941	94.665	-165.1298
538.173706	94.661	-165.0138
542.073547	94.658	-164.8985
546.001648	94.656	-164.7794
549.958191	94.655	-164.6559
553.943420	94.653	-164.5288
557.957520	94.651	-164.3987
562.000671	94.648	-164.2655
566.073181	94.645	-164.1316
570.175171	94.643	-164.0017
574.306885	94.641	-163.8711
578.468567	94.639	-163.7327
582.660400	94.638	-163.5868
586.882568	94.638	-163.4362
591.135376	94.638	-163.2815
595.419006	94.638	-163.1239
599.733643	94.637	-162.9665
604.079590	94.635	-162.8105
608.456970	94.634	-162.6514
612.866089	94.632	-162.4892
617.307190	94.630	-162.3260
621.780457	94.629	-162.1583
626.286133	94.629	-161.9845
630.824463	94.629	-161.8097
635.395691	94.629	-161.6353
640.000000	94.630	-161.4599
644.637695	94.631	-161.2834
649.309021	94.632	-161.1042
654.014160	94.633	-160.9190
658.753418	94.633	-160.7257
663.527039	94.634	-160.5266
668.335205	94.635	-160.3213
673.178284	94.636	-160.1140
678.056396	94.638	-159.9116
682.969849	94.639	-159.7115
687.918945	94.641	-159.5092
692.903870	94.643	-159.3018
697.924927	94.646	-159.0886
702.982422	94.649	-158.8683
708.076477	94.653	-158.6389
713.207520	94.658	-158.4067
718.375732	94.663	-158.1767
723.581360	94.668	-157.9477
728.824707	94.672	-157.7171
734.106079	94.677	-157.4835
739.425720	94.682	-157.2471
744.783936	94.688	-157.0080
750.180908	94.694	-156.7642
755.617065	94.702	-156.5106
761.092529	94.710	-156.2476
766.607727	94.719	-155.9796
772.162903	94.728	-155.7085
777.758301	94.736	-155.4339
783.394287	94.745	-155.1570
789.071045	94.755	-154.8823
794.789001	94.766	-154.6114
800.548340	94.777	-154.3396
806.349487	94.788	-154.0588
812.192627	94.799	-153.7646
818.078125	94.811	-153.4638
824.006226	94.824	-153.1661
829.977295	94.839	-152.8708
835.991699	94.855	-152.5713
842.049622	94.874	-152.2653
848.151428	94.892	-151.9563
854.297485	94.911	-151.6487
860.488098	94.930	-151.3394
866.723572	94.949	-151.0245
873.004211	94.968	-150.7054
879.330322	94.988	-150.3899
885.702332	95.008	-150.0787
892.120483	95.028	-149.7666
898.585144	95.051	-149.4491
905.096680	95.075	-149.1248
911.655396	95.102	-148.8002
918.261597	95.130	-148.4796
924.915710	95.160	-148.1633
931.618042	95.190	-147.8504
938.368896	95.219	-147.5390
945.168762	95.242	-147.2241
952.017822	95.258	-146.9073
958.916504	95.270	-146.5956
965.865234	95.281	-146.2895
972.864319	95.299	-145.9854
979.914062	95.328	-145.6819
987.014954	95.366	-145.3839
994.167236	95.412	-145.0948
1001.371399	95.461	-144.8095
1008.627747	95.512	-144.5238
1015.936646	95.563	-144.2433
1023.298584	95.612	-143.9789
1030.713867	95.660	-143.7319
1038.182739	95.706	-143.4942
1045.705933	95.750	-143.2572
1053.283447	95.792	-143.0174
1060.916016	95.833	-142.7809
1068.603882	95.874	-142.5550
1076.347412	95.916	-142.3425
1084.147095	95.958	-142.1409
1092.003296	95.999	-141.9449
1099.916382	96.039	-141.7495
1107.886841	96.078	-141.5538
1115.915039	96.117	-141.3623
1124.001343	96.156	-141.1790
1132.146362	96.197	-141.0054
1140.350342	96.237	-140.8399
1148.613770	96.276	-140.6847
1156.937134	96.314	-140.5369
1165.320801	96.350	-140.3890
1173.765137	96.385	-140.2413
1182.270752	96.419	-140.0986
1190.838013	96.453	-139.9645
1199.467285	96.487	-139.8392
1208.159180	96.521	-139.7176
1216.913940	96.555	-139.5924
1225.732178	96.588	-139.4618
1234.614380	96.622	-139.3347
1243.560913	96.656	-139.2154
1252.572266	96.691	-139.0966
1261.648926	96.726	-138.9695
1270.791382	96.760	-138.8346
1280.000000	96.795	-138.7011
1289.275391	96.831	-138.5723
1298.618042	96.868	-138.4433
1308.028320	96.906	-138.3138
1317.506836	96.944	-138.1848
1327.054077	96.982	-138.0504
1336.670410	97.021	-137.9060
1346.356567	97.060	-137.7547
1356.112793	97.099	-137.6012
1365.939697	97.138	-137.4503
1375.837891	97.177	-137.3040
1385.807739	97.217	-137.1566
1395.849854	97.259	-137.0065
1405.964844	97.301	-136.8552
1416.152954	97.345	-136.7045
1426.415039	97.389	-136.5544
1436.751465	97.433	-136.4038
1447.162720	97.479	-136.2555
1457.649414	97.526	-136.1114
1468.212158	97.574	-135.9748
1478.851440	97.622	-135.8526
1489.567871	97.670	-135.7428
1500.361816	97.716	-135.6357
1511.234131	97.761	-135.5270
1522.185059	97.806	-135.4179
1533.215454	97.850	-135.3123
1544.325806	97.896	-135.2098
1555.516602	97.941	-135.1056
1566.788574	97.987	-135.0005
1578.142090	98.033	-134.9007
1589.578003	98.079	-134.8034
1601.096680	98.125	-134.7007
1612.698975	98.171	-134.5943
1624.385254	98.215	-134.4948
1636.156250	98.258	-134.4093
1648.012451	98.301	-134.3342
1659.954590	98.343	-134.2618
1671.983398	98.384	-134.1905
1684.099243	98.423	-134.1189
1696.302856	98.461	-134.0420
1708.594971	98.498	-133.9552
1720.976196	98.532	-133.8595
1733.447144	98.566	-133.7588
1746.008423	98.597	-133.6518
1758.660645	98.628	-133.5320
1771.404663	98.657	-133.3945
1784.240967	98.685	-133.2370
1797.170288	98.714	-133.0600
1810.193359	98.743	-132.8615
1823.310791	98.772	-132.6418
1836.523193	98.802	-132.3940
1849.831421	98.832	-132.1090
1863.236084	98.863	-131.7818
1876.737793	98.897	-131.4129
1890.337524	98.935	-131.0051
1904.035645	98.982	-130.5579
1917.833008	99.038	-130.0744
1931.730469	99.105	-129.5667
1945.728638	99.185	-129.0483
1959.828125	99.279	-128.5382
1974.029907	99.387	-128.0647
1988.334473	99.507	-127.6571
2002.742798	99.637	-127.3380
2017.255493	99.773	-127.1221
2031.873291	99.910	-127.0154
2046.597168	100.044	-127.0107
2061.427734	100.173	-127.0906
2076.365479	100.293	-127.2339
2091.411865	100.405	-127.4201
2106.566895	100.509	-127.6329
2121.832031	100.604	-127.8608
2137.207764	100.692	-128.0921
2152.694824	100.775	-128.3201
2168.294189	100.853	-128.5418
2184.006592	100.926	-128.7486
2199.832764	100.995	-128.9339
2215.773682	101.063	-129.0980
2231.830078	101.129	-129.2489
2248.002686	101.197	-129.3943
2264.292725	101.266	-129.5378
2280.700684	101.336	-129.6814
2297.227539	101.407	-129.8280
2313.874268	101.476	-129.9823
2330.641602	101.545	-130.1453
2347.530273	101.614	-130.3130
2364.541504	101.683	-130.4872
2381.676025	101.751	-130.6736
2398.934570	101.816	-130.8611
2416.318359	101.878	-131.0356
2433.827881	101.939	-131.1985
2451.464355	102.000	-131.3602
2469.228760	102.063	-131.5230
2487.121826	102.129	-131.6851
2505.144531	102.196	-131.8511
2523.297852	102.265	-132.0265
2541.582764	102.335	-132.2155
2560.000000	102.405	-132.4197
2578.550781	102.475	-132.6412
2597.236084	102.545	-132.8825
2616.056641	102.614	-133.1444
2635.013672	102.683	-133.4273
2654.108154	102.749	-133.7287
2673.340820	102.813	-134.0411
2692.713135	102.874	-134.3581
2712.225586	102.932	-134.6771
2731.879395	102.988	-134.9965
2751.675781	103.043	-135.3159
2771.615479	103.098	-135.6359
2791.699707	103.154	-135.9582
2811.929688	103.211	-136.2880
2832.305908	103.268	-136.6315
2852.830078	103.326	-136.9938
2873.502930	103.384	-137.3786
2894.325439	103.440	-137.7880
2915.298828	103.495	-138.2238
2936.424316	103.548	-138.6868
2957.702881	103.598	-139.1775
2979.135742	103.644	-139.6959
3000.723633	103.684	-140.2305
3022.468262	103.716	-140.7660
3044.370117	103.743	-141.3010
3066.430908	103.766	-141.8397
3088.651611	103.785	-142.3749
3111.033203	103.802	-142.8979
3133.577148	103.817	-143.4083
3156.284180	103.831	-143.9093
3179.156006	103.845	-144.4012
3202.193359	103.860	-144.8810
3225.397949	103.875	-145.3475
3248.770508	103.891	-145.8024
3272.312500	103.908	-146.2469
3296.024902	103.926	-146.6823
3319.909180	103.943	-147.1111
3343.966797	103.957	-147.5360
3368.198486	103.969	-147.9608
3392.605713	103.977	-148.3926
3417.189941	103.980	-148.8336
3441.952393	103.976	-149.2733
3466.894287	103.963	-149.7090
3492.016846	103.944	-150.1512
3517.321289	103.919	-150.5984
3542.809326	103.891	-151.0394
3568.481934	103.860	-151.4696
3594.340576	103.827	-151.8866
3620.386719	103.792	-152.2880
3646.621582	103.757	-152.6752
3673.046387	103.724	-153.0486
3699.662842	103.691	-153.4022
3726.472168	103.660	-153.7340
3753.475586	103.632	-154.0476
3780.675049	103.607	-154.3437
3808.071289	103.585	-154.6216
3835.666016	103.564	-154.8825
3863.460938	103.542	-155.1245
3891.457275	103.519	-155.3463
3919.656250	103.494	-155.5500
3948.059814	103.467	-155.7399
3976.668945	103.436	-155.9189
4005.485596	103.398	-156.0833
4034.510986	103.350	-156.2295
4063.746582	103.294	-156.3607
4093.194336	103.233	-156.4791
4122.855469	103.167	-156.5835
4152.730957	103.097	-156.6747
4182.823730	103.025	-156.7541
4213.133789	102.951	-156.8212
4243.664062	102.877	-156.8750
4274.415527	102.806	-156.9158
4305.389648	102.736	-156.9456
4336.588379	102.669	-156.9659
4368.013184	102.604	-156.9730
4399.665527	102.542	-156.9643
4431.547363	102.482	-156.9437
4463.660156	102.426	-156.9151
4496.005371	102.372	-156.8785
4528.585449	102.321	-156.8319
4561.401367	102.272	-156.7762
4594.455078	102.224	-156.7113
4627.748535	102.179	-156.6374
4661.283203	102.137	-156.5556
4695.060547	102.096	-156.4654
4729.083008	102.058	-156.3655
4763.352051	102.022	-156.2592
4797.869141	101.990	-156.1481
4832.636719	101.959	-156.0272
4867.655762	101.931	-155.8979
4902.928711	101.907	-155.7625
4938.457520	101.885	-155.6203
4974.243652	101.866	-155.4734
5010.289062	101.848	-155.3216
5046.595703	101.832	-155.1612
5083.165527	101.816	-154.9925
5120.000000	101.800	-154.8168
5157.101562	101.783	-154.6326
5194.472168	101.765	-154.4373
5232.113281	101.747	-154.2306
5270.027344	101.728	-154.0160
5308.216309	101.710	-153.7980
5346.681641	101.691	-153.5754
5385.426270	101.672	-153.3492
5424.451172	101.656	-153.1218
5463.758789	101.642	-152.8920
5503.351562	101.631	-152.6596
5543.230957	101.624	-152.4261
5583.399414	101.622	-152.1920
5623.859375	101.626	-151.9568
5664.611816	101.636	-151.7217
5705.660156	101.652	-151.4902
5747.005859	101.674	-151.2652
5788.650879	101.701	-151.0474
5830.597656	101.735	-150.8361
5872.848633	101.775	-150.6315
5915.405762	101.822	-150.4387
5958.271484	101.873	-150.2657
6001.447266	101.927	-150.1108
6044.936523	101.979	-149.9624
6088.740234	102.032	-149.8311
6132.861816	102.090	-149.7294
6177.303223	102.154	-149.6566
6222.066406	102.223	-149.6156
6267.154297	102.299	-149.6126
6312.568359	102.380	-149.6503
6358.312012	102.466	-149.7328
6404.386719	102.560	-149.8675
6450.795898	102.661	-150.0616
6497.541016	102.770	-150.3222
6544.625000	102.885	-150.6559
6592.049805	103.005	-151.0686
6639.818359	103.132	-151.5739
6687.933594	103.264	-152.1854
6736.396973	103.402	-152.9104
6785.211426	103.544	-153.7564
6834.379883	103.690	-154.7344
6883.904785	103.837	-155.8571
6933.788574	103.984	-157.1351
6984.033691	104.128	-158.5751
7034.642578	104.269	-160.1820
7085.618652	104.404	-161.9612
7136.963867	104.532	-163.9204
7188.681152	104.651	-166.0685
7240.773438	104.759	-168.4173
7293.243164	104.854	-170.9828
7346.092773	104.931	-173.7787
7399.325684	104.986	-176.8143
7452.944336	105.013	179.9036
7506.951172	105.005	176.3687
7561.350098	104.957	172.5802
7616.142578	104.858	168.5440
7671.332031	104.700	164.2826
7726.921875	104.470	159.8437
7782.914551	104.157	155.3022
7839.312500	103.754	150.7591
7896.119629	103.259	146.3362
7953.337891	102.675	142.1630
8010.971191	102.011	138.3613
8069.021973	101.281	135.0303
8127.493164	100.502	132.2325
8186.388672	99.693	129.9957
8245.710938	98.873	128.3157
8305.461914	98.058	127.1607
8365.647461	97.260	126.4818
8426.267578	96.487	126.2159
8487.328125	95.746	126.2941
8548.831055	95.038	126.6568
8610.779297	94.367	127.2541
8673.176758	93.730	128.0390
8736.026367	93.126	128.9727
8799.331055	92.556	130.0244
8863.094727	92.016	131.1668
8927.320312	91.506	132.3768
8992.010742	91.021	133.6420
9057.170898	90.559	134.9521
9122.802734	90.117	136.2942
9188.910156	89.693	137.6609
9255.497070	89.286	139.0505
9322.566406	88.892	140.4701
9390.121094	88.511	141.9190
9458.166016	88.145	143.3893
9526.704102	87.794	144.8729
9595.738281	87.458	146.3634
9665.273438	87.136	147.8625
9735.311523	86.828	149.3686
9805.857422	86.532	150.8745
9876.915039	86.248	152.3865
9948.487305	85.977	153.9230
10020.578125	85.721	155.4805
10093.191406	85.481	157.0441
10166.331055	85.256	158.6110
10240.000000	85.043	160.1846
10314.203125	84.839	161.7628
10388.944336	84.645	163.3433
10464.226562	84.465	164.9241
10540.054688	84.299	166.5035
10616.432617	84.148	168.0800
10693.363281	84.010	169.6587
10770.852539	83.884	171.2301
10848.902344	83.769	172.7844
10927.517578	83.664	174.3358
11006.703125	83.571	175.8920
11086.461914	83.489	177.4388
11166.798828	83.416	178.9658
11247.718750	83.351	-179.5330
11329.223633	83.294	-178.0496
11411.320312	83.245	-176.5814
11494.011719	83.205	-175.1431
11577.301758	83.174	-173.7314
11661.195312	83.151	-172.3271
11745.697266	83.138	-170.9140
11830.811523	83.133	-169.4875
11916.542969	83.139	-168.0400
12002.894531	83.158	-166.5753
12089.873047	83.193	-165.0974
12177.480469	83.243	-163.5949
12265.723633	83.309	-162.0703
12354.606445	83.397	-160.5503
12444.132812	83.512	-159.0609
12534.308594	83.656	-157.6175
12625.136719	83.825	-156.2315
12716.624023	84.019	-154.9019
12808.773438	84.237	-153.6336
12901.591797	84.480	-152.4439
12995.082031	84.751	-151.3391
13089.250000	85.056	-150.3124
13184.099609	85.402	-149.3754
13279.636719	85.792	-148.5538
13375.867188	86.232	-147.8771
13472.793945	86.728	-147.3768
13570.422852	87.292	-147.0933
13668.759766	87.941	-147.0804
13767.809570	88.701	-147.4267
13867.577148	89.606	-148.2735
13968.067383	90.685	-149.8024
14069.285156	91.952	-152.2470
14171.237305	93.385	-155.9111
14273.927734	94.935	-161.1640
14377.362305	96.524	-168.4187
14481.546875	98.049	-178.0589
14586.486328	99.372	169.7057
14692.185547	100.341	155.0215
14798.651367	100.819	138.5393
14905.888672	100.726	121.3960
15013.902344	100.075	104.8837
15122.700195	98.973	89.9964
15232.285156	97.572	77.1970
15342.664062	96.031	66.4614
15453.843750	94.477	57.4576
15565.829102	92.989	49.7365
15678.625000	91.602	42.8675
15792.239258	90.326	36.4894
15906.675781	89.154	30.3258
16021.942383	88.070	24.1837
16138.043945	87.051	17.9316
16254.986328	86.098	11.4727
16372.777344	85.234	4.7396
16491.421875	84.500	-2.3142
16610.923828	83.932	-9.7330
16731.294922	83.522	-17.5492
16852.535156	83.228	-25.7785
16974.656250	83.011	-34.4219
17097.662109	82.848	-43.4731
17221.558594	82.723	-52.9341
17346.353516	82.626	-62.8019
17472.052734	82.549	-73.0710
17598.662109	82.489	-83.7417
17726.189453	82.441	-94.8264
17854.640625	82.401	-106.3250
17984.021484	82.367	-118.2179
18114.341797	82.334	-130.5084
18245.605469	82.303	-143.2373
18377.820312	82.275	-156.4400
18510.994141	82.253	-170.1541
18645.132812	82.246	175.5701
18780.242188	82.265	160.6663
18916.332031	82.327	145.0530
19053.408203	82.445	128.6383
19191.476562	82.618	111.3457
19330.546875	82.816	93.1263
19470.623047	82.987	73.9219
19611.714844	83.077	53.7583
19753.830078	83.055	33.1111
19896.974609	82.952	14.0262
