* Measurement data measured by REW V5.31
* Source: Input device not selected, no input selected, L, volume: no control. Timing signal peak level -40.9 dBFS, measurement signal peak level -39.6 dBFS
* Format: 1M Log Swept Sine, 1 sweep at 0.0 dBFS using an acoustic timing reference
* Dated: 29-Apr-2024 10:58:02
* REW Settings:
*  C-weighting compensation: Off
*  Target level: 75.0 dB
* Note: ; Delay -0.1013 ms (-35 mm, -1.37 in) using estimated IR delay relative to Acoustic reference played from  R with no timing offset
* Measurement: Zero Red Stock Narrow L5
* Smoothing: 1/24 octave
* Frequency Step: 1/96 octave
* Start Frequency: 20.000 Hz
*
* Freq(Hz)	SPL(dB)	Phase(degrees)
20.000000	98.123	-102.8045
20.144928	98.172	-103.3449
20.290907	98.221	-103.8902
20.437943	98.269	-104.4402
20.586044	98.317	-104.9942
20.735220	98.363	-105.5512
20.885475	98.409	-106.1101
21.036821	98.454	-106.6695
21.189262	98.498	-107.2288
21.342808	98.541	-107.7871
21.497467	98.584	-108.3444
21.653246	98.625	-108.9006
21.810154	98.666	-109.4557
21.968201	98.707	-110.0096
22.127390	98.746	-110.5618
22.287735	98.785	-111.1112
22.449242	98.823	-111.6562
22.611917	98.859	-112.1953
22.775772	98.896	-112.7263
22.940815	98.931	-113.2481
23.107054	98.967	-113.7603
23.274498	99.003	-114.2634
23.443153	99.040	-114.7600
23.613033	99.078	-115.2532
23.784142	99.117	-115.7475
23.956491	99.157	-116.2472
24.130091	99.198	-116.7556
24.304947	99.238	-117.2746
24.481071	99.277	-117.8035
24.658470	99.312	-118.3389
24.837156	99.345	-118.8753
25.017136	99.374	-119.4051
25.198421	99.400	-119.9210
25.381020	99.424	-120.4157
25.564941	99.446	-120.8854
25.750195	99.469	-121.3294
25.936790	99.494	-121.7512
26.124741	99.522	-122.1587
26.314051	99.554	-122.5616
26.504732	99.589	-122.9718
26.696796	99.626	-123.3986
26.890253	99.665	-123.8488
27.085112	99.703	-124.3240
27.281382	99.739	-124.8212
27.479073	99.770	-125.3325
27.678198	99.797	-125.8479
27.878765	99.820	-126.3568
28.080786	99.840	-126.8506
28.284271	99.858	-127.3246
28.489231	99.877	-127.7790
28.695675	99.897	-128.2188
28.903616	99.920	-128.6519
29.113064	99.945	-129.0878
29.324028	99.972	-129.5340
29.536524	100.000	-129.9956
29.750557	100.028	-130.4734
29.966141	100.055	-130.9654
30.183289	100.081	-131.4679
30.402010	100.106	-131.9776
30.622314	100.130	-132.4931
30.844217	100.153	-133.0152
31.067726	100.175	-133.5462
31.292856	100.196	-134.0879
31.519617	100.215	-134.6393
31.748020	100.230	-135.1952
31.978081	100.242	-135.7459
32.209808	100.250	-136.2802
32.443211	100.255	-136.7874
32.678310	100.260	-137.2623
32.915108	100.266	-137.7074
33.153625	100.277	-138.1330
33.393871	100.292	-138.5537
33.635857	100.311	-138.9835
33.879597	100.330	-139.4303
34.125103	100.348	-139.8924
34.372387	100.363	-140.3596
34.621464	100.373	-140.8167
34.872345	100.382	-141.2529
35.125042	100.391	-141.6668
35.379574	100.403	-142.0694
35.635948	100.417	-142.4796
35.894180	100.433	-142.9140
36.154285	100.444	-143.3774
36.416275	100.447	-143.8524
36.680161	100.438	-144.3035
36.945961	100.420	-144.6866
37.213688	100.400	-144.9659
37.483353	100.388	-145.1384
37.754974	100.395	-145.2416
38.028561	100.427	-145.3509
38.304131	100.481	-145.5586
38.581699	100.547	-145.9340
38.861279	100.610	-146.5007
39.142883	100.655	-147.2287
39.426529	100.673	-148.0399
39.712231	100.662	-148.8411
40.000000	100.630	-149.5533
40.289856	100.588	-150.1333
40.581814	100.550	-150.5881
40.875885	100.525	-150.9683
41.172089	100.515	-151.3385
41.470440	100.515	-151.7483
41.770950	100.518	-152.2154
42.073643	100.516	-152.7215
42.378525	100.507	-153.2281
42.685616	100.493	-153.7008
42.994934	100.481	-154.1253
43.306492	100.474	-154.5113
43.620308	100.476	-154.8857
43.936401	100.485	-155.2776
44.254780	100.496	-155.7035
44.575470	100.506	-156.1608
44.898483	100.511	-156.6321
45.223835	100.510	-157.0948
45.551544	100.506	-157.5305
45.881630	100.500	-157.9317
46.214108	100.496	-158.3039
46.548996	100.495	-158.6623
46.886307	100.497	-159.0258
47.226067	100.499	-159.4090
47.568283	100.500	-159.8160
47.912983	100.496	-160.2398
48.260181	100.488	-160.6658
48.609894	100.474	-161.0792
48.962143	100.458	-161.4713
49.316940	100.442	-161.8428
49.674313	100.426	-162.2010
50.034271	100.411	-162.5546
50.396843	100.397	-162.9086
50.762039	100.384	-163.2635
51.129883	100.372	-163.6189
51.500389	100.361	-163.9777
51.873581	100.353	-164.3487
52.249481	100.346	-164.7427
52.628101	100.339	-165.1653
53.009464	100.330	-165.6109
53.393593	100.316	-166.0607
53.780506	100.298	-166.4901
54.170223	100.277	-166.8796
54.562763	100.258	-167.2251
54.958145	100.244	-167.5398
55.356396	100.236	-167.8478
55.757530	100.232	-168.1711
56.161572	100.230	-168.5216
56.568542	100.226	-168.8990
56.978462	100.220	-169.2976
57.391350	100.209	-169.7087
57.807232	100.192	-170.1202
58.226128	100.169	-170.5143
58.648056	100.141	-170.8713
59.073048	100.113	-171.1820
59.501114	100.087	-171.4584
59.932281	100.067	-171.7310
60.366577	100.051	-172.0295
60.804020	100.034	-172.3632
61.244629	100.013	-172.7187
61.688435	99.990	-173.0768
62.135452	99.965	-173.4307
62.585712	99.941	-173.7876
63.039234	99.917	-174.1545
63.496040	99.890	-174.5253
63.956161	99.862	-174.8853
64.419617	99.835	-175.2263
64.886421	99.809	-175.5540
65.356621	99.786	-175.8777
65.830215	99.763	-176.1978
66.307251	99.740	-176.5057
66.787743	99.718	-176.7971
67.271713	99.697	-177.0806
67.759193	99.676	-177.3701
68.250206	99.654	-177.6706
68.744774	99.627	-177.9738
69.242928	99.597	-178.2691
69.744690	99.564	-178.5553
70.250084	99.530	-178.8404
70.759148	99.494	-179.1331
71.271896	99.457	-179.4355
71.788361	99.419	-179.7444
72.308571	99.381	179.9454
72.832550	99.344	179.6371
73.360321	99.310	179.3304
73.891922	99.280	179.0220
74.427376	99.252	178.7123
74.966705	99.227	178.4076
75.509949	99.203	178.1159
76.057121	99.178	177.8414
76.608261	99.152	177.5868
77.163399	99.122	177.3577
77.722557	99.087	177.1567
78.285767	99.049	176.9759
78.853058	99.007	176.7993
79.424461	98.960	176.6105
80.000000	98.910	176.3951
80.579712	98.857	176.1451
81.163628	98.803	175.8617
81.751770	98.752	175.5462
82.344177	98.707	175.1958
82.940880	98.669	174.8246
83.541901	98.638	174.4697
84.147285	98.619	174.1569
84.757050	98.608	173.8963
85.371231	98.601	173.7363
85.989868	98.595	173.7441
86.612984	98.596	173.9259
87.240616	98.600	174.3016
87.872803	98.616	174.9943
88.509560	98.690	175.9214
89.150940	98.844	176.4373
89.796967	98.989	175.8965
90.447670	98.994	174.5251
91.103088	98.823	173.2444
91.763260	98.568	172.6957
92.428215	98.339	172.6661
93.097992	98.167	172.6760
93.772614	98.031	172.5349
94.452133	97.922	172.3049
95.136566	97.839	172.0154
95.825966	97.773	171.7078
96.520363	97.720	171.4710
97.219788	97.684	171.3414
97.924286	97.664	171.2738
98.633881	97.649	171.2070
99.348625	97.629	171.1141
100.068542	97.593	171.0118
100.793686	97.542	170.9246
101.524078	97.482	170.8458
102.259766	97.417	170.7510
103.000778	97.353	170.6283
103.747162	97.293	170.4797
104.498962	97.238	170.3091
105.256203	97.190	170.1263
106.018929	97.144	169.9594
106.787186	97.099	169.8438
107.561012	97.057	169.7879
108.340446	97.017	169.7628
109.125526	96.974	169.7353
109.916290	96.925	169.6991
110.712791	96.870	169.6636
111.515060	96.810	169.6301
112.323143	96.749	169.5930
113.137085	96.690	169.5500
113.956924	96.634	169.5048
114.782700	96.579	169.4648
115.614464	96.527	169.4405
116.452255	96.475	169.4366
117.296112	96.424	169.4450
118.146095	96.372	169.4555
119.002228	96.318	169.4641
119.864563	96.261	169.4714
120.733154	96.203	169.4848
121.608040	96.147	169.5100
122.489258	96.093	169.5425
123.376869	96.043	169.5752
124.270905	95.994	169.6071
125.171425	95.945	169.6461
126.078468	95.894	169.7020
126.992081	95.841	169.7742
127.912323	95.786	169.8568
128.839233	95.729	169.9467
129.772842	95.672	170.0436
130.713242	95.615	170.1529
131.660431	95.560	170.2753
132.614502	95.508	170.4016
133.575485	95.457	170.5281
134.543427	95.406	170.6607
135.518387	95.354	170.8004
136.500412	95.301	170.9422
137.489548	95.247	171.0890
138.485855	95.191	171.2495
139.489380	95.136	171.4220
140.500168	95.083	171.6015
141.518295	95.032	171.7946
142.543793	94.984	172.0002
143.576721	94.939	172.1992
144.617142	94.894	172.3895
145.665100	94.847	172.5820
146.720642	94.796	172.7828
147.783844	94.741	173.0044
148.854752	94.684	173.2539
149.933411	94.629	173.5161
151.019897	94.576	173.7764
152.114243	94.528	174.0336
153.216522	94.484	174.2782
154.326797	94.443	174.5151
155.445114	94.406	174.7636
156.571533	94.371	175.0247
157.706116	94.337	175.2941
158.848923	94.301	175.5813
160.000000	94.262	175.8972
161.159424	94.223	176.2311
162.327255	94.184	176.5671
163.503540	94.144	176.9025
164.688354	94.102	177.2387
165.881760	94.054	177.5728
167.083801	93.999	177.9125
168.294571	93.938	178.2816
169.514099	93.874	178.6916
170.742462	93.810	179.1256
171.979736	93.745	179.5710
173.225967	93.679	-179.9446
174.481232	93.614	-179.3745
175.745605	93.557	-178.6924
177.019119	93.515	-177.9226
178.301880	93.488	-177.1155
179.593933	93.479	-176.3004
180.895340	93.489	-175.5096
182.206177	93.517	-174.7644
183.526520	93.561	-174.0533
184.856430	93.621	-173.3966
186.195984	93.694	-172.8366
187.545227	93.771	-172.3861
188.904266	93.848	-172.0445
190.273132	93.919	-171.7984
191.651932	93.982	-171.6141
193.040726	94.034	-171.4520
194.439575	94.075	-171.2846
195.848572	94.106	-171.1040
197.267761	94.128	-170.9132
198.697250	94.145	-170.7251
200.137085	94.159	-170.5560
201.587372	94.170	-170.4021
203.048157	94.182	-170.2462
204.519531	94.196	-170.0898
206.001556	94.211	-169.9417
207.494324	94.225	-169.7913
208.997925	94.238	-169.6285
210.512405	94.253	-169.4524
212.037857	94.268	-169.2691
213.574371	94.283	-169.0841
215.122025	94.297	-168.8935
216.680893	94.309	-168.6945
218.251053	94.319	-168.4940
219.832581	94.329	-168.2947
221.425583	94.338	-168.0901
223.030121	94.349	-167.8767
224.646286	94.361	-167.6591
226.274170	94.375	-167.4431
227.913849	94.388	-167.2327
229.565399	94.402	-167.0350
231.228928	94.416	-166.8493
232.904510	94.432	-166.6694
234.592224	94.448	-166.4870
236.292191	94.466	-166.2944
238.004456	94.485	-166.0923
239.729126	94.502	-165.8865
241.466309	94.517	-165.6869
243.216080	94.530	-165.5040
244.978516	94.545	-165.3421
246.753738	94.561	-165.1909
248.541809	94.579	-165.0367
250.342850	94.599	-164.8698
252.156937	94.618	-164.6911
253.984161	94.636	-164.5121
255.824646	94.653	-164.3423
257.678467	94.669	-164.1817
259.545685	94.686	-164.0192
261.426483	94.703	-163.8490
263.320862	94.720	-163.6764
265.229004	94.737	-163.5087
267.150970	94.754	-163.3475
269.086853	94.773	-163.1858
271.036774	94.794	-163.0178
273.000824	94.817	-162.8458
274.979095	94.841	-162.6740
276.971710	94.865	-162.5076
278.978760	94.890	-162.3538
281.000336	94.916	-162.2171
283.036591	94.940	-162.0963
285.087585	94.963	-161.9911
287.153442	94.985	-161.9040
289.234283	95.007	-161.8272
291.330200	95.028	-161.7487
293.441284	95.049	-161.6675
295.567688	95.069	-161.5830
297.709503	95.086	-161.4946
299.866821	95.103	-161.4087
302.039795	95.119	-161.3324
304.228485	95.136	-161.2623
306.433044	95.152	-161.1925
308.653595	95.168	-161.1231
310.890228	95.182	-161.0548
313.143066	95.196	-160.9860
315.412231	95.208	-160.9150
317.697845	95.220	-160.8423
320.000000	95.232	-160.7689
322.318848	95.244	-160.6942
324.654510	95.256	-160.6173
327.007080	95.269	-160.5421
329.376709	95.280	-160.4707
331.763519	95.291	-160.4022
334.167603	95.300	-160.3339
336.589142	95.309	-160.2590
339.028198	95.317	-160.1746
341.484924	95.324	-160.0901
343.959473	95.331	-160.0095
346.451935	95.337	-159.9272
348.962463	95.343	-159.8383
351.491211	95.347	-159.7441
354.038239	95.351	-159.6428
356.603760	95.354	-159.5303
359.187866	95.357	-159.4131
361.790680	95.359	-159.3020
364.412354	95.359	-159.1954
367.053040	95.358	-159.0781
369.712860	95.357	-158.9402
372.391968	95.357	-158.7829
375.090454	95.360	-158.6076
377.808533	95.365	-158.4138
380.546265	95.373	-158.2003
383.303864	95.384	-157.9632
386.081451	95.402	-157.7073
388.879150	95.425	-157.4556
391.697144	95.455	-157.2378
394.535522	95.492	-157.0706
397.394501	95.531	-156.9534
400.274170	95.567	-156.8785
403.174744	95.597	-156.8346
406.096313	95.621	-156.8162
409.039062	95.639	-156.8238
412.003113	95.653	-156.8493
414.988647	95.663	-156.8752
417.995850	95.671	-156.8935
421.024811	95.677	-156.9061
424.075714	95.680	-156.9061
427.148743	95.681	-156.8806
430.244049	95.680	-156.8304
433.361786	95.678	-156.7675
436.502106	95.676	-156.6999
439.665161	95.672	-156.6305
442.851166	95.669	-156.5584
446.060242	95.667	-156.4778
449.292572	95.665	-156.3851
452.548340	95.663	-156.2800
455.827698	95.661	-156.1658
459.130798	95.658	-156.0481
462.457855	95.654	-155.9297
465.809021	95.651	-155.8101
469.184448	95.649	-155.6881
472.584381	95.648	-155.5635
476.008911	95.647	-155.4397
479.458252	95.646	-155.3144
482.932617	95.644	-155.1816
486.432159	95.640	-155.0392
489.957031	95.637	-154.8893
493.507477	95.633	-154.7372
497.083618	95.630	-154.5839
500.685699	95.627	-154.4300
504.313873	95.625	-154.2751
507.968323	95.623	-154.1170
511.649292	95.621	-153.9561
515.356934	95.620	-153.7915
519.091370	95.619	-153.6208
522.852966	95.617	-153.4434
526.641724	95.615	-153.2626
530.458008	95.613	-153.0840
534.301941	95.610	-152.9101
538.173706	95.608	-152.7312
542.073547	95.606	-152.5375
546.001648	95.604	-152.3308
549.958191	95.603	-152.1231
553.943420	95.602	-151.9235
557.957520	95.602	-151.7257
562.000671	95.600	-151.5189
566.073181	95.598	-151.3024
570.175171	95.595	-151.0831
574.306885	95.592	-150.8648
578.468567	95.589	-150.6473
582.660400	95.587	-150.4300
586.882568	95.585	-150.2120
591.135376	95.583	-149.9879
595.419006	95.581	-149.7534
599.733643	95.580	-149.5098
604.079590	95.580	-149.2603
608.456970	95.579	-149.0100
612.866089	95.578	-148.7637
617.307190	95.577	-148.5199
621.780457	95.575	-148.2717
626.286133	95.573	-148.0140
630.824463	95.573	-147.7502
635.395691	95.573	-147.4839
640.000000	95.573	-147.2137
644.637695	95.573	-146.9389
649.309021	95.573	-146.6596
654.014160	95.575	-146.3781
658.753418	95.577	-146.0972
663.527039	95.580	-145.8135
668.335205	95.583	-145.5211
673.178284	95.584	-145.2185
678.056396	95.585	-144.9042
682.969849	95.587	-144.5842
687.918945	95.589	-144.2681
692.903870	95.593	-143.9543
697.924927	95.596	-143.6368
702.982422	95.600	-143.3173
708.076477	95.603	-142.9957
713.207520	95.607	-142.6680
718.375732	95.612	-142.3329
723.581360	95.617	-141.9881
728.824707	95.622	-141.6350
734.106079	95.627	-141.2787
739.425720	95.633	-140.9217
744.783936	95.639	-140.5633
750.180908	95.646	-140.2024
755.617065	95.654	-139.8382
761.092529	95.662	-139.4671
766.607727	95.670	-139.0833
772.162903	95.679	-138.6905
777.758301	95.688	-138.2993
783.394287	95.698	-137.9093
789.071045	95.708	-137.5134
794.789001	95.719	-137.1079
800.548340	95.732	-136.6963
806.349487	95.746	-136.2818
812.192627	95.761	-135.8652
818.078125	95.777	-135.4436
824.006226	95.793	-135.0136
829.977295	95.810	-134.5790
835.991699	95.827	-134.1407
842.049622	95.844	-133.6986
848.151428	95.861	-133.2555
854.297485	95.879	-132.8132
860.488098	95.899	-132.3671
866.723572	95.921	-131.9112
873.004211	95.944	-131.4459
879.330322	95.967	-130.9794
885.702332	95.989	-130.5162
892.120483	96.012	-130.0527
898.585144	96.037	-129.5855
905.096680	96.064	-129.1149
911.655396	96.092	-128.6459
918.261597	96.123	-128.1815
924.915710	96.154	-127.7197
931.618042	96.187	-127.2567
938.368896	96.219	-126.7886
945.168762	96.247	-126.3148
952.017822	96.269	-125.8404
958.916504	96.287	-125.3710
965.865234	96.304	-124.9074
972.864319	96.326	-124.4468
979.914062	96.359	-123.9890
987.014954	96.402	-123.5332
994.167236	96.454	-123.0768
1001.371399	96.510	-122.6236
1008.627747	96.567	-122.1758
1015.936646	96.625	-121.7361
1023.298584	96.682	-121.3098
1030.713867	96.736	-120.8938
1038.182739	96.789	-120.4808
1045.705933	96.840	-120.0699
1053.283447	96.890	-119.6649
1060.916016	96.939	-119.2676
1068.603882	96.988	-118.8789
1076.347412	97.039	-118.5007
1084.147095	97.089	-118.1315
1092.003296	97.139	-117.7650
1099.916382	97.188	-117.4032
1107.886841	97.236	-117.0507
1115.915039	97.284	-116.7087
1124.001343	97.333	-116.3737
1132.146362	97.381	-116.0443
1140.350342	97.430	-115.7202
1148.613770	97.478	-115.4017
1156.937134	97.525	-115.0896
1165.320801	97.571	-114.7832
1173.765137	97.616	-114.4858
1182.270752	97.661	-114.1992
1190.838013	97.705	-113.9181
1199.467285	97.749	-113.6377
1208.159180	97.793	-113.3554
1216.913940	97.837	-113.0711
1225.732178	97.881	-112.7898
1234.614380	97.925	-112.5160
1243.560913	97.970	-112.2478
1252.572266	98.015	-111.9770
1261.648926	98.060	-111.6985
1270.791382	98.105	-111.4125
1280.000000	98.150	-111.1237
1289.275391	98.195	-110.8370
1298.618042	98.241	-110.5529
1308.028320	98.290	-110.2723
1317.506836	98.338	-109.9924
1327.054077	98.387	-109.7053
1336.670410	98.435	-109.4080
1346.356567	98.484	-109.1047
1356.112793	98.533	-108.8012
1365.939697	98.582	-108.5005
1375.837891	98.632	-108.2023
1385.807739	98.684	-107.9028
1395.849854	98.736	-107.6021
1405.964844	98.788	-107.3018
1416.152954	98.841	-107.0036
1426.415039	98.895	-106.7074
1436.751465	98.950	-106.4124
1447.162720	99.006	-106.1214
1457.649414	99.063	-105.8361
1468.212158	99.123	-105.5596
1478.851440	99.183	-105.2966
1489.567871	99.242	-105.0427
1500.361816	99.300	-104.7892
1511.234131	99.358	-104.5338
1522.185059	99.414	-104.2818
1533.215454	99.470	-104.0406
1544.325806	99.526	-103.8111
1555.516602	99.582	-103.5841
1566.788574	99.638	-103.3579
1578.142090	99.693	-103.1396
1589.578003	99.746	-102.9278
1601.096680	99.799	-102.7140
1612.698975	99.849	-102.4923
1624.385254	99.899	-102.2658
1636.156250	99.947	-102.0406
1648.012451	99.995	-101.8174
1659.954590	100.043	-101.5916
1671.983398	100.090	-101.3623
1684.099243	100.138	-101.1296
1696.302856	100.185	-100.8917
1708.594971	100.232	-100.6457
1720.976196	100.279	-100.3901
1733.447144	100.325	-100.1272
1746.008423	100.371	-99.8597
1758.660645	100.417	-99.5897
1771.404663	100.463	-99.3170
1784.240967	100.510	-99.0399
1797.170288	100.558	-98.7586
1810.193359	100.608	-98.4744
1823.310791	100.658	-98.1913
1836.523193	100.709	-97.9096
1849.831421	100.760	-97.6238
1863.236084	100.810	-97.3299
1876.737793	100.861	-97.0327
1890.337524	100.912	-96.7375
1904.035645	100.964	-96.4438
1917.833008	101.018	-96.1495
1931.730469	101.072	-95.8559
1945.728638	101.126	-95.5638
1959.828125	101.181	-95.2736
1974.029907	101.236	-94.9828
1988.334473	101.291	-94.6881
2002.742798	101.347	-94.3880
2017.255493	101.404	-94.0861
2031.873291	101.460	-93.7872
2046.597168	101.518	-93.4925
2061.427734	101.577	-93.2010
2076.365479	101.636	-92.9110
2091.411865	101.695	-92.6220
2106.566895	101.755	-92.3359
2121.832031	101.816	-92.0529
2137.207764	101.879	-91.7725
2152.694824	101.944	-91.4969
2168.294189	102.009	-91.2296
2184.006592	102.073	-90.9680
2199.832764	102.137	-90.7073
2215.773682	102.201	-90.4479
2231.830078	102.266	-90.1953
2248.002686	102.332	-89.9518
2264.292725	102.399	-89.7158
2280.700684	102.466	-89.4847
2297.227539	102.532	-89.2575
2313.874268	102.599	-89.0361
2330.641602	102.665	-88.8240
2347.530273	102.733	-88.6203
2364.541504	102.803	-88.4252
2381.676025	102.872	-88.2409
2398.934570	102.941	-88.0605
2416.318359	103.007	-87.8783
2433.827881	103.072	-87.7016
2451.464355	103.137	-87.5411
2469.228760	103.202	-87.3935
2487.121826	103.268	-87.2523
2505.144531	103.333	-87.1181
2523.297852	103.397	-86.9898
2541.582764	103.460	-86.8674
2560.000000	103.522	-86.7528
2578.550781	103.584	-86.6467
2597.236084	103.645	-86.5484
2616.056641	103.706	-86.4569
2635.013672	103.766	-86.3732
2654.108154	103.826	-86.2966
2673.340820	103.885	-86.2251
2692.713135	103.941	-86.1586
2712.225586	103.996	-86.1011
2731.879395	104.050	-86.0543
2751.675781	104.103	-86.0148
2771.615479	104.155	-85.9783
2791.699707	104.205	-85.9462
2811.929688	104.254	-85.9243
2832.305908	104.301	-85.9135
2852.830078	104.346	-85.9102
2873.502930	104.390	-85.9125
2894.325439	104.431	-85.9194
2915.298828	104.471	-85.9299
2936.424316	104.510	-85.9449
2957.702881	104.547	-85.9683
2979.135742	104.583	-86.0043
3000.723633	104.615	-86.0438
3022.468262	104.642	-86.0765
3044.370117	104.666	-86.1069
3066.430908	104.688	-86.1432
3088.651611	104.709	-86.1839
3111.033203	104.729	-86.2255
3133.577148	104.748	-86.2659
3156.284180	104.767	-86.3034
3179.156006	104.786	-86.3373
3202.193359	104.805	-86.3682
3225.397949	104.822	-86.3943
3248.770508	104.838	-86.4115
3272.312500	104.853	-86.4141
3296.024902	104.865	-86.3968
3319.909180	104.875	-86.3569
3343.966797	104.881	-86.2932
3368.198486	104.884	-86.2051
3392.605713	104.883	-86.0981
3417.189941	104.879	-85.9748
3441.952393	104.869	-85.8236
3466.894287	104.854	-85.6430
3492.016846	104.836	-85.4503
3517.321289	104.818	-85.2522
3542.809326	104.803	-85.0440
3568.481934	104.789	-84.8283
3594.340576	104.778	-84.6113
3620.386719	104.770	-84.3982
3646.621582	104.766	-84.1947
3673.046387	104.765	-84.0035
3699.662842	104.766	-83.8186
3726.472168	104.768	-83.6362
3753.475586	104.771	-83.4590
3780.675049	104.777	-83.2859
3808.071289	104.784	-83.1120
3835.666016	104.791	-82.9345
3863.460938	104.796	-82.7497
3891.457275	104.799	-82.5533
3919.656250	104.799	-82.3439
3948.059814	104.796	-82.1235
3976.668945	104.787	-81.8950
4005.485596	104.770	-81.6569
4034.510986	104.743	-81.4068
4063.746582	104.708	-81.1507
4093.194336	104.667	-80.8920
4122.855469	104.620	-80.6274
4152.730957	104.568	-80.3557
4182.823730	104.511	-80.0779
4213.133789	104.451	-79.7954
4243.664062	104.390	-79.5076
4274.415527	104.329	-79.2125
4305.389648	104.268	-78.9096
4336.588379	104.207	-78.6004
4368.013184	104.147	-78.2822
4399.665527	104.087	-77.9519
4431.547363	104.028	-77.6129
4463.660156	103.971	-77.2690
4496.005371	103.915	-76.9215
4528.585449	103.859	-76.5696
4561.401367	103.803	-76.2119
4594.455078	103.747	-75.8468
4627.748535	103.690	-75.4774
4661.283203	103.631	-75.1063
4695.060547	103.572	-74.7297
4729.083008	103.511	-74.3442
4763.352051	103.450	-73.9488
4797.869141	103.387	-73.5407
4832.636719	103.322	-73.1124
4867.655762	103.255	-72.6627
4902.928711	103.188	-72.1949
4938.457520	103.121	-71.7086
4974.243652	103.053	-71.2031
5010.289062	102.984	-70.6763
5046.595703	102.912	-70.1270
5083.165527	102.839	-69.5573
5120.000000	102.762	-68.9687
5157.101562	102.681	-68.3589
5194.472168	102.595	-67.7243
5232.113281	102.504	-67.0636
5270.027344	102.409	-66.3766
5308.216309	102.310	-65.6641
5346.681641	102.206	-64.9227
5385.426270	102.100	-64.1494
5424.451172	101.991	-63.3452
5463.758789	101.882	-62.5094
5503.351562	101.773	-61.6409
5543.230957	101.664	-60.7385
5583.399414	101.558	-59.7992
5623.859375	101.454	-58.8230
5664.611816	101.355	-57.8160
5705.660156	101.259	-56.7807
5747.005859	101.167	-55.7158
5788.650879	101.077	-54.6221
5830.597656	100.990	-53.5021
5872.848633	100.906	-52.3555
5915.405762	100.824	-51.1806
5958.271484	100.743	-49.9784
6001.447266	100.661	-48.7452
6044.936523	100.573	-47.4680
6088.740234	100.483	-46.1493
6132.861816	100.394	-44.7934
6177.303223	100.309	-43.3976
6222.066406	100.228	-41.9626
6267.154297	100.151	-40.4894
6312.568359	100.078	-38.9789
6358.312012	100.012	-37.4364
6404.386719	99.952	-35.8680
6450.795898	99.899	-34.2768
6497.541016	99.853	-32.6663
6544.625000	99.815	-31.0394
6592.049805	99.784	-29.3993
6639.818359	99.760	-27.7524
6687.933594	99.745	-26.1026
6736.396973	99.737	-24.4516
6785.211426	99.738	-22.8017
6834.379883	99.747	-21.1584
6883.904785	99.764	-19.5246
6933.788574	99.790	-17.9017
6984.033691	99.824	-16.2927
7034.642578	99.867	-14.7024
7085.618652	99.919	-13.1349
7136.963867	99.980	-11.5932
7188.681152	100.051	-10.0835
7240.773438	100.132	-8.6124
7293.243164	100.223	-7.1843
7346.092773	100.323	-5.8006
7399.325684	100.433	-4.4593
7452.944336	100.555	-3.1590
7506.951172	100.690	-1.9081
7561.350098	100.842	-0.7246
7616.142578	101.012	0.3687
7671.332031	101.204	1.3462
7726.921875	101.419	2.1763
7782.914551	101.656	2.8200
7839.312500	101.917	3.2281
7896.119629	102.203	3.3397
7953.337891	102.513	3.0860
8010.971191	102.839	2.3989
8069.021973	103.170	1.2154
8127.493164	103.490	-0.5213
8186.388672	103.777	-2.8381
8245.710938	104.008	-5.7131
8305.461914	104.159	-9.0748
8365.647461	104.210	-12.8010
8426.267578	104.143	-16.7252
8487.328125	103.954	-20.6557
8548.831055	103.645	-24.4018
8610.779297	103.228	-27.7977
8673.176758	102.722	-30.7166
8736.026367	102.150	-33.0786
8799.331055	101.534	-34.8522
8863.094727	100.892	-36.0472
8927.320312	100.244	-36.7035
8992.010742	99.600	-36.8764
9057.170898	98.970	-36.6233
9122.802734	98.360	-36.0004
9188.910156	97.773	-35.0599
9255.497070	97.210	-33.8469
9322.566406	96.669	-32.3983
9390.121094	96.153	-30.7501
9458.166016	95.662	-28.9326
9526.704102	95.197	-26.9705
9595.738281	94.758	-24.8838
9665.273438	94.344	-22.6866
9735.311523	93.954	-20.3953
9805.857422	93.589	-18.0236
9876.915039	93.248	-15.5820
9948.487305	92.931	-13.0840
10020.578125	92.637	-10.5397
10093.191406	92.365	-7.9536
10166.331055	92.116	-5.3288
10240.000000	91.891	-2.6749
10314.203125	91.690	-0.0041
10388.944336	91.511	2.6750
10464.226562	91.352	5.3538
10540.054688	91.211	8.0225
10616.432617	91.090	10.6729
10693.363281	90.990	13.2920
10770.852539	90.910	15.8660
10848.902344	90.850	18.3820
10927.517578	90.808	20.8258
11006.703125	90.779	23.1840
11086.461914	90.761	25.4425
11166.798828	90.750	27.5886
11247.718750	90.742	29.6290
11329.223633	90.732	31.5810
11411.320312	90.715	33.4655
11494.011719	90.685	35.3166
11577.301758	90.642	37.1963
11661.195312	90.589	39.1773
11745.697266	90.533	41.3265
11830.811523	90.484	43.6995
11916.542969	90.457	46.3214
12002.894531	90.468	49.1794
12089.873047	90.534	52.2324
12177.480469	90.671	55.4068
12265.723633	90.891	58.6049
12354.606445	91.201	61.7201
12444.132812	91.608	64.6405
12534.308594	92.118	67.2474
12625.136719	92.735	69.4019
12716.624023	93.466	70.9356
12808.773438	94.313	71.6294
12901.591797	95.270	71.2052
12995.082031	96.307	69.3360
13089.250000	97.366	65.6874
13184.099609	98.354	60.0199
13279.636719	99.156	52.3299
13375.867188	99.652	42.9536
13472.793945	99.751	32.5875
13570.422852	99.419	22.1742
13668.759766	98.690	12.6472
13767.809570	97.660	4.6717
13867.577148	96.454	-1.4721
13968.067383	95.208	-5.8535
14069.285156	94.038	-8.7765
14171.237305	93.014	-10.6438
14273.927734	92.144	-11.8338
14377.362305	91.397	-12.6296
14481.546875	90.734	-13.2034
14586.486328	90.120	-13.6590
14692.185547	89.543	-14.0682
14798.651367	89.000	-14.4880
14905.888672	88.493	-14.9512
15013.902344	88.019	-15.4732
15122.700195	87.577	-16.0813
15232.285156	87.166	-16.8145
15342.664062	86.785	-17.7027
15453.843750	86.432	-18.7506
15565.829102	86.102	-19.9624
15678.625000	85.794	-21.3787
15792.239258	85.516	-23.0568
15906.675781	85.275	-25.0307
16021.942383	85.069	-27.3136
16138.043945	84.904	-29.9281
16254.986328	84.810	-32.9208
16372.777344	84.834	-36.3424
16491.421875	85.032	-40.2598
16610.923828	85.430	-44.7757
16731.294922	86.010	-50.0064
16852.535156	86.730	-56.0816
16974.656250	87.550	-63.1630
17097.662109	88.436	-71.4326
17221.558594	89.342	-81.0749
17346.353516	90.207	-92.2279
17472.052734	90.954	-104.9198
17598.662109	91.502	-119.0263
17726.189453	91.783	-134.2193
17854.640625	91.759	-150.0040
17984.021484	91.429	-165.8527
18114.341797	90.831	178.6666
18245.605469	90.035	163.8162
18377.820312	89.118	149.6830
18510.994141	88.152	136.1854
18645.132812	87.194	123.1097
18780.242188	86.285	110.1922
18916.332031	85.458	97.2036
19053.408203	84.737	83.9438
19191.476562	84.127	70.2065
19330.546875	83.607	55.8103
19470.623047	83.125	40.6498
19611.714844	82.625	24.7498
19753.830078	82.080	8.4517
19896.974609	81.557	-6.5978
