20	12.838027591446984
20.290906698750476	12.852249081935245
20.586044732869844	12.866459581987327
20.885475648548283	12.88064223417759
21.189261887185914	12.894774888611195
21.49746679841394	12.908832185926624
21.810154653305165	12.922787463940251
22.12739065777668	12.936614437695892
22.449240966187475	12.950288618702409
22.77577269513385	12.963788456123405
23.107053937445478	12.97709619801909
23.44315377638505	12.990198483143356
23.784142300054445	13.003086682884952
24.130090616010463	13.015757018886253
24.481070866093134	13.028210485146552
24.837156241469714	13.040452604598586
25.1984209978975	13.052493049808382
25.56494047120865	13.064345156087487
25.936791093020236	13.076025353320826
26.3140504066728	13.087552540497732
26.69679708340074	13.098947424490884
27.08511093873791	13.110231842187272
27.47907294916184	13.121428082710468
27.878765268980047	13.132558224220913
28.284271247461966	13.143643497652917
28.695675446220072	13.154703687743638
29.11306365684382	13.16575657982402
29.536522918790062	13.17681745906843
29.966141537533712	13.187898667232487
30.402009102982383	13.199009220345385
30.844216508158908	13.21015448936329
31.29285596815558	13.221335944437024
31.74802103936409	13.23255096220381
32.20980663898519	13.243792694384489
32.67830906482211	13.255049994959574
33.153626015361866	13.26630740231491
33.63585661014871	13.277545171995161
34.125101410453844	13.288739355084674
34.62146244024586	13.299861916753212
35.12504320746613	13.31088088916056
35.635948725613716	13.321760552709346
36.15428553564419	13.33246163956893
36.68016172818701	13.342941553462706
37.21368696608603	13.353154599913246
37.754972507267915	13.363052221468532
38.30413122794313	13.372583232882187
38.86127764614443	13.381694051781302
39.4265279456077	13.390328921017629
40.000000000000206	13.398430119647912
40.58181339750116	13.405938160313509
41.1720894657399	13.412791971670147
41.77095129709678	13.418929065438453
42.37852377437204	13.424285688582719
42.9949335968281	13.428796962058117
43.62030930661056	13.432397008470689
44.25478131555359	13.435019071845591
44.89848193237519	13.436595633471295
45.55154539026795	13.437058528455895
46.21410787489121	13.436339068170765
46.88630755277036	13.43436817414316
47.56828460010916	13.431076529171493
48.260181232021196	13.426394751455929
48.962141732186545	13.420253597347786
49.674312482939705	13.41258419791368
50.39684199579528	13.403318333878875
51.129880942417586	13.392388752660176
51.873582186040764	13.379729530129042
52.628100813345895	13.365276478474925
53.393594166801776	13.348967600088754
54.17022187747612	13.330743585785793
54.95814589832399	13.310548353971617
55.75753053796041	13.288329625566815
56.56854249492426	13.264039527693686
57.39135089244048	13.237635217343739
58.226127313687975	13.209079514545097
59.073045837580466	13.178341532991581
59.932283075067765	13.145397294739064
60.804018205965114	13.110230314476064
61.68843301631817	13.07283213808824
62.58571193631152	13.033202819807395
63.49604207872855	12.99135132220538
64.41961327797075	12.947295823692068
65.35661812964459	12.90106391902347
66.3072520307241	12.852692699627752
67.27171322029778	12.802228702305522
68.25020282090806	12.749727717034103
69.2429248804921	12.695254447166816
70.25008641493265	12.63888201821512
71.27189745122783	12.580691334569492
72.30857107128878	12.520770286875898
73.36032345637442	12.459212816252442
74.42737393217246	12.396117845010716
75.50994501453623	12.331588086941208
76.60826245588666	12.265728753434594
77.72255529228926	12.198646174647031
78.85305589121582	12.130446357493113
80.00000000000082	12.061233504391273
81.16362679500274	11.99110851833558
82.34417893148023	11.920167520985736
83.541902594194	11.848500411034667
84.75704754874454	11.776189490132872
85.98986719365665	11.703308183144966
87.24061861322157	11.629919878530805
88.50956263110764	11.556076913243643
89.79696386475084	11.481819724797601
91.10309078053635	11.407176191163687
92.42821574978288	11.332161176998696
93.77261510554118	11.25677630248715
95.13656920021877	11.181009948867045
96.52036246404286	11.104837512590127
97.92428346437356	11.02822191809284
99.34862496587989	10.951114397360922
100.79368399159105	10.873455542869088
102.25976188483567	10.795176639048377
103.74716437208203	10.716201276126796
105.25620162669229	10.63644724891488
106.78718833360406	10.555828741735846
108.34044375495276	10.474258799046458
109.9162917966485	10.391652079112392
111.51506107592134	10.307927885062869
113.13708498984903	10.223013463324675
114.78270178488147	10.136847553274524
116.45225462737648	10.049384163258472
118.14609167516147	9.960596536069533
119.86456615013608	9.87048125058668
121.60803641193078	9.77906238454136
123.3768660326369	9.686395635363082
125.17142387262359	9.592572261171307
126.99208415745765	9.49772266235147
128.83922655594208	9.402019377137517
130.71323625928977	9.305679215455715
132.61450406144883	9.208964209750127
134.5434264405962	9.112181028499723
136.50040564181674	9.015678489801331
138.48584976098482	8.919842843522412
140.50017282986593	8.825090576709185
142.5437949024563	8.731858651113404
144.61714214257822	8.640592309053664
146.7206469127495	8.551730875541192
148.8547478643456	8.465692312142592
151.01989002907314	8.382857590745854
153.216524911774	8.303556184847345
155.4451105845792	8.228054050020388
157.70611178243232	8.156545330505297
160.00000000000236	8.08914867527237
162.3272535900062	8.025908522036694
164.6883578629612	7.966801110389243
167.08380518838874	7.9117444369849705
169.51409509748981	7.860610971953218
171.97973438731407	7.813241774705751
174.4812372264439	7.769460680340063
177.01912526221608	7.7290874298836965
179.5939277295025	7.691948919923974
182.20618156107355	7.65788807979691
184.85643149956664	7.626770191993458
187.54523021108326	7.598486719371526
190.27313840043846	7.572956877197674
193.04072492808663	7.55012729077264
195.84856692874806	7.529970121881764
198.69724993176072	7.512480045185089
201.58736798318304	7.497670424673731
204.5195237696723	7.485568993922447
207.49432874416505	7.4762132921843945
210.5124032533856	7.469646058130078
213.57437666720915	7.465910738057911
216.68088750990657	7.465047227356229
219.83258359329807	7.467087933090743
223.03012215184378	7.472054221213029
226.2741699796992	7.47995329304002
229.5654035697641	7.490775521258029
232.90450925475412	7.50449226474374
236.2921833503241	7.52105417309234
239.72913230027333	7.540389985170743
243.21607282386276	7.562405820671939
246.75373206527502	7.586984959039288
250.34284774524843	7.613988095841523
253.9841683149166	7.643254062363968
257.67845311188546	7.6746009895577325
261.42647251858085	7.707827892348672
265.22900812289896	7.742716644530135
269.08685288119375	7.779034308026821
273.0008112836349	7.81653577331595
276.97169952197106	7.854966660441255
281.00034565973334	7.894066422690628
285.0875898049141	7.933571588070801
289.23428428515797	7.973219067722896
293.44129382550057	8.012749455942586
297.7094957286928	8.05191024404924
302.0397800581479	8.090458870475606
306.4330498235497	8.128165532485196
310.89022116916016	8.164815691054569
315.41222356486645	8.200212209653257
320.00000000000654	8.234177079650056
324.6545071800142	8.266552699374108
329.3767157259242	8.29720268976105
334.16761037677935	8.326012246165602
339.02819019498156	8.352888042387992
343.95946877463007	8.377757718308052
348.9624744528898	8.400568995895338
354.03825052443415	8.421288479068902
359.187855459007	8.439900200429582
364.4123631221491	8.456403982037118
369.71286299913527	8.470813678158411
375.0904604221685	8.483155365506912
380.54627680087896	8.493465541352544
386.08144985617537	8.50178938257161
391.6971338574982	8.50817910987275
397.3944998635236	8.51269249174827
403.1747359663683	8.515391512806369
409.0390475393468	8.516341221622792
414.9886574883323	8.515608764607817
421.0248065067734	8.513262605008649
427.1487533344206	8.509371920338157
433.3617750198154	8.504006167394458
439.6651671865984	8.497234801636154
446.06024430368984	8.489127136884804
452.54833995940066	8.479752331866097
459.13080713953053	8.46917949154794
465.8090185095106	8.457477873024459
472.58436670065066	8.444717187173133
479.45826460054917	8.430967987796278
486.432145647728	8.41630213883639
493.50746413055253	8.400793347096814
500.6856954904994	8.38451774256171
507.9683366298358	8.367554481123952
515.3569062237735	8.349986335944688
522.8529450371643	8.331900234831519
530.4580162458005	8.31338769329583
538.1737057623901	8.294545087862629
546.0016225672724	8.275473713253088
553.9433990439449	8.256279571481208
562.0006913194694	8.237072851468442
570.1751796098309	8.217967074602994
578.4685685703187	8.199077904113402
586.8825876510039	8.18052164276914
595.4189914573883	8.162413472141251
604.0795601162986	8.14486551479719
612.8660996471021	8.127984825433593
621.780442338323	8.111871435173088
630.8244471297356	8.096616582551636
640.0000000000159	8.082301263301796
649.3090143600314	8.06899521808763
658.7534314518515	8.0567564532361
668.3352207535618	8.045631355821936
678.0563803899662	8.035655423887441
687.9189375492632	8.026854588640036
697.9249489057827	8.019247062137405
708.0765010488715	8.012845605193316
718.3757109180171	8.007660079488463
728.8247262443015	8.003700127756622
739.425725998274	8.000977817918486
750.1809208443404	7.999510091412518
761.0925536017613	7.9993208718235325
772.1628997123541	8.000442715372314
783.3942677149998	8.002917917366421
794.7889997270506	8.006799025438191
806.34947193274	8.012148748391056
818.0780950786972	8.019039286052594
829.9773149766683	8.027551138429716
842.0496130135506	8.03777147995645
854.2975066688449	8.049792205572789
866.7235500396347	8.063707769185001
879.3303343732008	8.079612941629223
892.1204886073838	8.097600614880474
905.0966799188055	8.117759772498186
918.2616142790653	8.14017373395254
931.6180370190256	8.164918763425886
945.1687334013056	8.192063112882579
958.9165292011028	8.221666545627922
972.8642912954606	8.253780361224587
987.0149282611097	8.288447916510167
1001.3713909810035	8.325705611590744
1015.9366732596762	8.365584285125907
1030.7138124475518	8.408110941039178
1045.7058900743334	8.453310710039016
1060.916032491606	8.50120893500866
1076.3474115247852	8.551833260270724
1092.0032451345498	8.605215601587139
1107.8867980878947	8.661393876848635
1124.0013826389438	8.720413386709977
1140.350359219667	8.782327749519748
1156.9371371406426	8.847199314994441
1173.765175302013	8.915099005126669
1190.837982914782	8.986105557559018
1208.1591202326028	9.06030417483563
1225.73219929421	9.137784611410241
1243.5608846766518	9.218638758091819
1261.648894259477	9.302957810028488
1280.0000000000375	9.390829128829989
1298.6180287200684	9.48233293153939
1317.5068629037087	9.577538958336415
1336.6704415071292	9.676503286319168
1356.112760779938	9.779265467396822
1375.8378750985323	9.885846172857502
1395.8498978115715	9.996245523958335
1416.153002097749	10.110442275254906
1436.7514218360407	10.228393993782992
1457.6494524886093	10.350038341330263
1478.8514519965543	10.47529551799273
1500.3618416886875	10.604071862650956
1522.1851072035295	10.736264530330262
1544.3257994247153	10.871767079129157
1566.788535430007	11.010475703588682
1589.5779994541087	11.152295752224937
1612.6989438654878	11.297148072178528
1636.156190157402	11.444974643816181
1659.9546299533442	11.595742914861118
1684.099226027109	11.749448230034146
1708.5950133376978	11.906113789690677
1733.4471000792773	12.065787667362873
1758.6606687464096	12.228536573644519
1784.2409772147755	12.394436267682666
1810.193359837619	12.563558775483811
1836.5232285581387	12.735956857354159
1863.2360740380593	12.911646450810702
1890.3374668026197	13.090588072722856
1917.833058402214	13.272668367140735
1945.7285825909298	13.45768310757159
1974.0298565222283	13.645322984744897
2002.7427819620161	13.83516342322664
2031.8733465193618	14.026659475398322
2061.4276248951132	14.219146556057586
2091.411780148677	14.411847434262508
2121.832064983222	14.603885527285625
2152.694823049581	14.794304180340827
2184.0064902691106	14.982091291652186
2215.7735961758003	15.166208366542172
2248.002765277899	15.34562285083746
2280.7007184393456	15.519342385768626
2313.874274281297	15.686449425774912
2347.530350604038	15.84613446193113
2381.6759658295764	15.997725915028939
2416.318240465218	16.140714647923986
2451.4643985884327	16.274771060008792
2487.1217693533167	16.39975293344017
2523.2977885189675	16.515702647469162
2560.0000000000887	16.622833070650803
2597.236057440151	16.721502336390625
2635.0137258074315	16.81217871151896
2673.340883014273	16.895397753559983
2712.225521559891	16.971714786053965
2751.6757501970797	17.041656288905912
2791.699795623158	17.10567402866372
2832.3060041955137	17.16410561495188
2873.502843672097	17.217144677076902
2915.2989049772345	17.264823048944166
2957.7029039931244	17.30700628750805
3000.723683377391	17.343402603611548
3044.370214407075	17.37358395475326
3088.6515988494466	17.397016775132332
3133.57707086003	17.413098773163618
3179.1559989082334	17.42119759646407
3225.3978877309914	17.42068710263248
3272.3123803148205	17.410977551189838
3319.9092599067053	17.391537198463244
3368.198452054235	17.361904359702123
3417.190026675413	17.321690734998967
3466.8942001585724	17.27057837277362
3517.3213374928373	17.208313782781804
3568.4819544295697	17.134703197439386
3620.386719675257	17.049612710848578
3673.0464571162966	16.952976021826824
3726.472148076138	16.84481092008675
3780.6749336052594	16.725243734901916
3835.6661168044484	16.594539020413652
3891.45716518188	16.4531300949359
3948.059713044477	16.301644969240066
4005.4855639240527	16.140921932147094
4063.746693038744	15.972009786716608
4122.855249790247	15.796149508470707
4182.823560297375	15.614736799112974
4243.664129966465	15.429268250143778
4305.389646099183	15.24127697816214
4368.012980538242	15.052265893914303
4431.5471923516225	14.863647581016853
4496.00553055582	14.67669882261334
4561.401436878714	14.492535377662183
4627.748548562617	14.312109350307288
4695.060701208099	14.136228195277933
4763.351931659176	13.965591575644844
4832.63648093046	13.800840045260921
4902.928797176889	13.642607770486082
4974.243538706657	13.491570316407632
5046.595577037959	13.34847837090873
5120.000000000202	13.214169818541324
5194.472114880326	13.089556145028338
5270.027451614888	12.975584370157364
5346.6817660285715	12.87318143683977
5424.451043119808	12.783192638879367
5503.351500394186	12.706327593222815
5583.399591246343	12.643125113857128
5664.612008391055	12.593941632625482
5747.005687344222	12.558957586768079
5830.597809954497	12.538185417272357
5915.405807986278	12.531455752575308
6001.447366754812	12.53835884674024
6088.740428814181	12.558127964453993
6177.303197698925	12.589468506679754
6267.154141720092	12.630356918951355
6358.3119978165005	12.677851274549694
6450.795775462017	12.727965607586254
6544.624760629676	12.775658561443729
6639.818519813445	12.814971467951672
6736.396904108505	12.8393216401968
6834.380053350861	12.841916676785031
6933.788400317181	12.816212307825877
7034.642674985712	12.756301371524533
7136.963908859177	12.657108928957618
7240.773439350552	12.5142912733548
7346.092914232631	12.323803719431238
7452.944296152315	12.081220084840522
7561.349867210557	11.781068385068256
7671.332233608935	11.416728651092825
7782.914330363799	10.981898842774212
7896.119426088994	10.475332829720802
8010.971127848146	9.91097361589263
8127.49338607753	9.332991891376135
8245.710499580537	8.824590326036077
8365.647120594791	8.485988397663021
8487.328259932974	8.373436477722674
8610.77929219841	8.44936989113086
8736.025961076528	8.60427966762105
8863.094384703289	8.725116023480178
8992.011061111683	8.740376363303753
9122.802873757471	8.623595587937826
9255.497097125279	8.37901767985177
9390.121402416245	8.02814187455875
9526.7038633184	7.601023809128284
9665.272961860968	7.130615723047997
9805.857594353829	6.648489216538936
9948.487077413367	6.181348890718241
10093.19115407597	5.748436298475667
10240.000000000457	5.360141335705051
10388.944229760706	5.018022753850152
10540.05490322983	4.716167099501871
10693.363532057198	4.443549509911721
10848.902086239672	4.186900685935002
11006.703000788428	3.933548290147159
11166.799182492743	3.673772904217368
11329.224016782166	3.4024063784735032
11494.0113746885	3.119679677409968
11661.195619909053	2.8315507596108627
11830.811615972614	2.5497154218466145
12002.894733509682	2.291211737082042
12177.48085762842	2.0772298789580126
12354.606395397908	1.9307480854766021
12534.308283440243	1.8730061763207322
12716.62399563306	1.9193854084193067
12901.591550924093	2.0756949553139687
13089.249521259411	2.335981499560224
13279.637039626952	2.68268966469717
13472.793808217073	3.089301221400685
13668.760106701786	3.524634617012608
13867.576800634426	3.957186830822202
14069.285349971487	4.357769017690652
14273.927817718419	4.69957173016752
14481.54687870117	4.956447698984417
14692.18582846533	5.101667174867233
14905.888592304698	5.109597827736215
15122.699734421185	4.961362061175221
15342.664467217943	4.653305914248087
15565.828660727671	4.205296128007116
15792.238852178061	3.6651613118778164
16021.942255696367	3.106171611549643
16254.986772155136	2.6163059009733347
16491.42099916115	2.280878400609024
16731.294241189662	2.163119091104512
16974.65651986603	2.2893899038644436
17221.558584396902	2.645296483234992
17472.051922153143	3.1847510966442503
17726.188769406665	3.847531927054224
17984.022122223458	4.576542060994212
18245.605747515034	5.32728353420026
18510.99419425065	6.068014142391446
18780.242804832582	6.774900579048981
19053.40772663689	7.427773368682087
19330.545923722028	8.009486181657582
19611.71518870775	8.510484002669264
19896.974154826825	8.938716314160784
20186.382308152035	9.32498739107066