20	17.578839013833296
20.290906698750476	17.594310123086665
20.586044732869844	17.609770479859137
20.885475648548283	17.6252036159065
21.189261887185914	17.64058793512427
21.49746679841394	17.655898775810456
21.810154653305165	17.671110297244926
22.12739065777668	17.68619714071027
22.449240966187475	17.701135831147432
22.77577269513385	17.71590590265095
23.107053937445478	17.730490746359173
23.44315377638505	17.74487819169621
23.784142300054445	17.75906084099258
24.130090616010463	17.773036183426864
24.481070866093134	17.786806517463496
24.837156241469714	17.800378712092616
25.1984209978975	17.81376383678024
25.56494047120865	17.82697668861039
25.936791093020236	17.840035243045396
26.3140504066728	17.852960052342315
26.69679708340074	17.86577361314814
27.08511093873791	17.878499722284705
27.47907294916184	17.8911628373012
27.878765268980047	17.903787456056726
28.284271247461966	17.916397527410528
28.695675446220072	17.929015903044323
29.11306365684382	17.9416638385153
29.536522918790062	17.954360549832273
29.966141537533712	17.967122830157805
30.402009102982383	17.97996472966169
30.844216508158908	17.992897300087215
31.29285596815558	18.005928404241597
31.74802103936409	18.019062589390238
32.20980663898519	18.032301022424253
32.67830906482211	18.045641483686534
33.153626015361866	18.05907841548696
33.63585661014871	18.07260302061607
34.125101410453844	18.086203405579898
34.62146244024586	18.09986476282929
35.12504320746613	18.113569585943925
35.635948725613716	18.127297911554486
36.15428553564419	18.141027581743074
36.68016172818701	18.154734520749155
37.21368696608603	18.168393020020986
37.754972507267915	18.181976025984444
38.30413122794313	18.19545542534522
38.86127764614443	18.208802323286335
39.4265279456077	18.221987310561065
40.000000000000206	18.234980716197782
40.58181339750116	18.24775284331448
41.1720894657399	18.26027418636998
41.77095129709678	18.27251562903833
42.37852377437204	18.284448622762884
42.9949335968281	18.296045346906357
43.62030930661056	18.307278852240085
44.25478131555359	18.318123190287135
44.89848193237519	18.32855353172614
45.55154539026795	18.338546277652796
46.21410787489121	18.34807916796065
46.88630755277036	18.35713139142191
47.56828460010916	18.365683702202514
48.260181232021196	18.373718547518095
48.962141732186545	18.381220210916304
49.674312482939705	18.38817497524778
50.39684199579528	18.39457130876041
51.129880942417586	18.400400076922406
51.873582186040764	18.40565478155761
52.628100813345895	18.410331827678515
53.393594166801776	18.414430817049926
54.17022187747612	18.41795486603967
54.95814589832399	18.420910943747593
55.75753053796041	18.423310224792434
56.56854249492426	18.425168449525195
57.39135089244048	18.42650628287891
58.226127313687975	18.427349661612077
59.073045837580466	18.427730118412633
59.932283075067765	18.427685070256658
60.804018205965114	18.427258057614033
61.68843301631817	18.426498920611923
62.58571193631152	18.425463898149424
63.49604207872855	18.424215636238404
64.41961327797075	18.422823092552395
65.35661812964459	18.421361325311537
66.3072520307241	18.419911156218276
67.27171322029778	18.41855869917327
68.25020282090806	18.41739474891657
69.2429248804921	18.416514026513344
70.25008641493265	18.416014281680322
71.27189745122783	18.4159952552587
72.30857107128878	18.41655750860031
73.36032345637442	18.41780113015624
74.42737393217246	18.419824333043273
75.50994501453623	18.422721960714085
76.60826245588666	18.426583920972224
77.72255529228926	18.431493571359336
78.85305589121582	18.4375260813126
80.00000000000082	18.44474679837427
81.16362679500274	18.45320964707418
82.34417893148023	18.462955589864617
83.541902594194	18.474011179647526
84.75704754874454	18.486387233004645
85.98986719365665	18.500077652249335
87.24061861322157	18.515058422915274
88.50956263110764	18.531286811350423
89.79696386475084	18.548700784778234
91.10309078053635	18.567218673616754
92.42821574978288	18.586739093110275
93.77261510554118	18.607141138527187
95.13656920021877	18.628284865405874
96.52036246404286	18.650012063670385
97.92428346437356	18.67214733195469
99.34862496587989	18.694499456212377
100.79368399159105	18.716863094666593
102.25976188483567	18.739020769360536
103.74716437208203	18.7607451629573
105.25620162669229	18.781801717926683
106.78718833360406	18.80195153371727
108.34044375495276	18.820954555764704
109.9162917966485	18.838573047985104
111.51506107592134	18.854575337417227
113.13708498984903	18.868739815478058
114.78270178488147	18.880859174328275
116.45225462737648	18.890744848409472
118.14609167516147	18.898231619469495
119.86456615013608	18.90318232736378
121.60803641193078	18.905492607583156
123.3768660326369	18.90509554887326
125.17142387262359	18.90196612987615
126.99208415745765	18.896125252555354
128.83922655594208	18.887643143611168
130.71323625928977	18.876641846378458
132.61450406144883	18.863296480602045
134.5434264405962	18.847834914888907
136.50040564181674	18.830535488687826
138.48584976098482	18.81172245213244
140.50017282986593	18.79175887858842
142.5437949024563	18.771036959213575
144.61714214257822	18.74996581645148
146.7206469127495	18.728957265325334
148.8547478643456	18.708410279150346
151.01989002907314	18.688695229168488
153.216524911774	18.670139197241838
155.4451105845792	18.653013734959536
157.70611178243232	18.637526307969846
160.00000000000236	18.623816310943866
162.3272535900062	18.61195601389793
164.6883578629612	18.6019562034929
167.08380518838874	18.59377573492233
169.51409509748981	18.58733381645395
171.97973438731407	18.58252366793322
174.4812372264439	18.579226227814058
177.01912526221608	18.577322785556365
179.5939277295025	18.57670571873763
182.20618156107355	18.57728684703694
184.85643149956664	18.579003222877695
187.54523021108326	18.581820426541565
190.27313840043846	18.585733608040897
193.04072492808663	18.59076662074289
195.84856692874806	18.596969634134407
198.69724993176072	18.604415610830237
201.58736798318304	18.613196001714115
204.5195237696723	18.623415966420875
207.49432874416505	18.635189374351157
210.5124032533856	18.64863379079744
213.57437666720915	18.66386560739849
216.68088750990657	18.680995437703164
219.83258359329807	18.700123867348367
223.03012215184378	18.721337623643006
226.2741699796992	18.744706210221935
229.5654035697641	18.77027903781982
232.90450925475412	18.798083071108383
236.2921833503241	18.828121003067235
239.72913230027333	18.860369961782407
243.21607282386276	18.894780749276975
246.75373206527502	18.931277607455648
250.34284774524843	18.969758502046773
253.9841683149166	19.0100959111689
257.67845311188546	19.052138100512728
261.42647251858085	19.09571086186246
265.22900812289896	19.140619685618084
269.08685288119375	19.186652331061367
273.0008112836349	19.23358175039434
276.97169952197106	19.281169314263387
281.00034565973334	19.329168277893096
285.0875898049141	19.37732741854487
289.23428428515797	19.425394767340855
293.44129382550057	19.473121352172477
297.7094957286928	19.520264864080616
302.0397800581479	19.56659315774269
306.4330498235497	19.611887498022227
310.89022116916016	19.65594546925939
315.41222356486645	19.69858347223073
320.00000000000654	19.739638745370733
324.6545071800142	19.778970861568833
329.3767157259242	19.816462669044423
334.16761037677935	19.852020663679696
339.02819019498156	19.885574799840843
343.95946877463007	19.917077766164027
348.9624744528898	19.946503771055912
354.03825052443415	19.97384689887187
359.187855459007	19.999119111142043
364.4123631221491	20.022347977249275
369.71286299913527	20.043574225263818
375.0904604221685	20.062849206055017
380.54627680087896	20.080232362376258
386.08144985617537	20.09578878958103
391.6971338574982	20.10958696634799
397.3944998635236	20.121696722769983
403.1747359663683	20.13218749999031
409.0390475393468	20.141126940917214
414.9886574883323	20.14857983613459
421.0248065067734	20.15460743369717
427.1487533344206	20.159267106791226
433.3617750198154	20.16261235994621
439.6651671865984	20.164693143192565
446.06024430368984	20.165556434713576
452.54833995940066	20.165247046364748
459.13080713953053	20.16380860291624
465.8090185095106	20.161284644731843
472.58436670065066	20.157719804315256
479.45826460054917	20.153161009038037
486.432145647728	20.147658664651747
493.50746413055253	20.141267776177433
500.6856954904994	20.1340489639562
507.9683366298358	20.126069332853724
515.3569062237735	20.11740315205571
522.8529450371643	20.10813230220426
530.4580162458005	20.098346446794633
538.1737057623901	20.08814288699117
546.0016225672724	20.077626064573035
553.9433990439449	20.06690668763598
562.0006913194694	20.056100468584187
570.1751796098309	20.04532648386685
578.4685685703187	20.034705189135376
586.8825876510039	20.02435615054265
595.4189914573883	20.014395580611524
604.0795601162986	20.004933792786492
612.8660996471021	19.99607270952562
621.780442338323	19.987903571751257
630.8244471297356	19.980505000268277
640.0000000000159	19.973941550788055
649.3090143600314	19.968262882962165
658.7534314518515	19.963503631095815
668.3352207535618	19.959684022030473
678.0563803899662	19.956811237262123
687.9189375492632	19.954881465734324
697.9249489057827	19.95388254534644
708.0765010488715	19.953797049360283
718.3757109180171	19.954605642265697
728.8247262443015	19.956290510928117
739.425725998274	19.958838672336523
750.1809208443404	19.962244968950355
761.0925536017613	19.966514585167168
772.1628997123541	19.971664951407853
783.3942677149998	19.977726942651238
794.7889997270506	19.984745322538462
806.34947193274	19.992778429055722
818.0780950786972	20.001897140296194
829.9773149766683	20.012183196472932
842.0496130135506	20.0237269854643
854.2975066688449	20.036624922682616
866.7235500396347	20.050976571569237
879.3303343732008	20.066881658664116
892.1204886073838	20.084437137487715
905.0966799188055	20.10373444915344
918.2616142790653	20.12485711554647
931.6180370190256	20.147878783906354
945.1687334013056	20.172861820522105
958.9165292011028	20.19985652669867
972.8642912954606	20.228901022835963
987.0149282611097	20.260021817028093
1001.3713909810035	20.293235043758692
1015.9366732596762	20.3285483268894
1030.7138124475518	20.36596319024963
1045.7058900743334	20.405477909973097
1060.916032491606	20.44709067670754
1076.3474115247852	20.49080291447292
1092.0032451345498	20.536622587785423
1107.8867980878947	20.58456732108403
1124.0013826389438	20.634667155590737
1140.350359219667	20.68696677917061
1156.9371371406426	20.741527084663023
1173.765175302013	20.7984259410581
1190.837982914782	20.857758098718396
1208.1591202326028	20.919634192973884
1225.73219929421	20.98417885779324
1243.5608846766518	21.051528010513916
1261.648894259477	21.12182541733313
1280.0000000000375	21.19521869499088
1298.6180287200684	21.27185494454638
1317.5068629037087	21.35187624633753
1336.6704415071292	21.43541526937764
1356.112760779938	21.522591262113956
1375.8378750985323	21.613506693415157
1395.8498978115715	21.708244801832
1416.153002097749	21.806868286730744
1436.7514218360407	21.90941933619177
1457.6494524886093	22.015921133271636
1478.8514519965543	22.126380914511618
1500.3618416886875	22.240794573331534
1522.1851072035295	22.359152708051987
1544.3257994247153	22.481447912852747
1566.788535430007	22.607683004506175
1589.5779994541087	22.737879774148716
1612.6989438654878	22.872087758849194
1636.156190157402	23.01039245034144
1659.9546299533442	23.152922306320797
1684.099226027109	23.29985391097701
1708.5950133376978	23.45141465243609
1733.4471000792773	23.607882349850122
1758.6606687464096	23.769581373512843
1784.2409772147755	23.936874955795624
1810.193359837619	24.11015358360374
1836.5232285581387	24.289819585750312
1863.2360740380593	24.47626826938901
1890.3374668026197	24.669866204216728
1917.833058402214	24.8709274856112
1945.7285825909298	25.07968901143869
1974.0298565222283	25.296285965372512
2002.7427819620161	25.520728796941015
2031.8733465193618	25.752883012449587
2061.4276248951132	25.992453032494492
2091.411780148677	26.23897122719412
2121.832064983222	26.491793011905276
2152.694823049581	26.750098583487876
2184.0064902691106	27.012901516839023
2215.7735961758003	27.27906404695704
2248.002765277899	27.54731846212991
2280.7007184393456	27.816293660891503
2313.874274281297	28.08454561085122
2347.530350604038	28.350590219172627
2381.6759658295764	28.61293700267739
2416.318240465218	28.870121940341125
2451.4643985884327	29.120738000708045
2487.1217693533167	29.363462048463102
2523.2977885189675	29.597077125644116
2560.0000000000887	29.820489445226066
2597.236057440151	30.032739797419563
2635.0137258074315	30.233009423142253
2673.340883014273	30.420620730847844
2712.225521559891	30.59503350521137
2751.6757501970797	30.755837469317267
2791.699795623158	30.902742212274873
2832.3060041955137	31.035565581250534
2873.502843672097	31.15422166000957
2915.2989049772345	31.258709410079536
2957.7029039931244	31.349102923361148
3000.723683377391	31.42554400771045
3044.370214407075	31.488237480451733
3088.6515988494466	31.537449071450645
3133.57707086003	31.57350525843325
3179.1559989082334	31.596793738814117
3225.3978877309914	31.60776270295571
3272.3123803148205	31.60691677431629
3319.9092599067053	31.59480759260676
3368.198452054235	31.572017664332883
3417.190026675413	31.53913731679275
3466.8942001585724	31.4967362457054
3517.3213374928373	31.44533296422362
3568.4819544295697	31.38536704104419
3620.386719675257	31.31717991518339
3673.0464571162966	31.24100991931223
3726.472148076138	31.157005732519146
3780.6749336052594	31.065259871986854
3835.6661168044484	30.965860358295565
3891.45716518188	30.85895493388824
3948.059713044477	30.74481891101062
4005.4855639240527	30.62391561381303
4063.746693038744	30.496938045509854
4122.855249790247	30.364822144068814
4182.823560297375	30.228725688128325
4243.664129966465	30.08997207759736
4305.389646099183	29.94996401706173
4368.012980538242	29.810077580204894
4431.5471923516225	29.671551253652407
4496.00553055582	29.53538657163339
4561.401436878714	29.40227641252172
4627.748548562617	29.272573882266787
4695.060701208099	29.14630929501008
4763.351931659176	29.023255755339914
4832.63648093046	28.903036198306292
4902.928797176889	28.7852575911146
4974.243538706657	28.66965256540976
5046.595577037959	28.55620617594873
5120.000000000202	28.445246619260942
5194.472114880326	28.337483895098202
5270.027451614888	28.23398908264567
5346.6817660285715	28.136117777432947
5424.451043119808	28.045392134491514
5503.351500394186	27.963364254283384
5583.399591246343	27.891486806852477
5664.612008391055	27.831013168151298
5747.005687344222	27.782938915596162
5830.597809954497	27.747981339686287
5915.405807986278	27.72657764156591
6001.447366754812	27.718870750905197
6088.740428814181	27.724648970274018
6177.303197698925	27.74321489712002
6267.154141720092	27.773180282712428
6358.3119978165005	27.81221305858458
6450.795775462017	27.856793542929463
6544.624760629676	27.902058934079403
6639.818519813445	27.941817821906472
6736.396904108505	27.968791101118384
6834.380053350861	27.97508032691716
6933.788400317181	27.952787618491236
7034.642674985712	27.89463318656711
7136.963908859177	27.79436737276158
7240.773439350552	27.646785501035065
7346.092914232631	27.44724890152064
7452.944296152315	27.190800371497524
7561.349867210557	26.871228559233103
7671.332233608935	26.48078011633497
7782.914330363799	26.0116778615765
7896.119426088994	25.46121656793927
8010.971127848146	24.84248066074958
8127.49338607753	24.19997264335957
8245.710499580537	23.618736575263053
8365.647120594791	23.202200973937217
8487.328259932974	23.010604645583488
8610.77929219841	23.01035506606248
8736.025961076528	23.095247068362085
8863.094384703289	23.154631651071032
8992.011061111683	23.11873073027567
9122.802873757471	22.96261192985917
9255.497097125279	22.69227388429685
9390.121402416245	22.33125892313135
9526.7038633184	21.91157422129154
9665.272961860968	21.46730875154568
9805.857594353829	21.02954043042425
9948.487077413367	20.62224689002514
10093.19115407597	20.259577852529954
10240.000000000457	19.944934057426686
10388.944229760706	19.672007913417314
10540.05490322983	19.427499652449452
10693.363532057198	19.194830680961523
10848.902086239672	18.95797130234111
11006.703000788428	18.70455136253758
11166.799182492743	18.427727318320766
11329.224016782166	18.12674926778643
11494.0113746885	17.806628454197963
11661.195619909053	17.477535462755807
11830.811615972614	17.154418738710618
12002.894733509682	16.856852623681288
12177.48085762842	16.608542455433604
12354.606395397908	16.435604396137084
12534.308283440243	16.363015656298014
12716.62399563306	16.409516009927426
12901.591550924093	16.582338414171197
13089.249521259411	16.87380362445797
13279.637039626952	17.26150972518442
13472.793808217073	17.712543069277395
13668.760106701786	18.190351553139163
13867.576800634426	18.66151700340286
14069.285349971487	19.09947156497118
14273.927817718419	19.483592721027748
14481.54687870117	19.794625371161523
14692.18582846533	20.00972731827781
14905.888592304698	20.10113079711648
15122.699734421185	20.040825263940754
15342.664467217943	19.810614474545503
15565.828660727671	19.414084083820097
15792.238852178061	18.885703562646473
16021.942255696367	18.29259896154181
16254.986772155136	17.726077166627174
16491.42099916115	17.28284661793168
16731.294241189662	17.040286285425307
16974.65651986603	17.034739072473077
17221.558584396902	17.253214027945106
17472.051922153143	17.644128327271112
17726.188769406665	18.143015912927385
17984.022122223458	18.700075447253738
18245.605747515034	19.29408684557248
18510.99419425065	19.924175399800994
18780.242804832582	20.584791532851618
19053.40772663689	21.24270485952945
19330.545923722028	21.83764851995155
19611.71518870775	22.313802272019156
19896.974154826825	22.662051850894873
20186.382308152035	22.932841600355705