Freq[Hz]     dBSPL  Phase[Deg]
5.00000     59.846     0.000
5.07273     59.846     0.000
5.14651     59.846     0.000
5.22137     59.846     0.000
5.29732     59.846     0.000
5.37437     59.846     0.000
5.45254     59.846     0.000
5.53185     59.846     0.000
5.61231     59.846     0.000
5.69394     59.846     0.000
5.77676     59.846     0.000
5.86079     59.846     0.000
5.94604     59.846     0.000
6.03252     59.846     0.000
6.12027     59.846     0.000
6.20929     59.846     0.000
6.29961     59.846     0.000
6.39124     59.846     0.000
6.48420     59.846     0.000
6.57851     59.846     0.000
6.67420     59.846     0.000
6.77128     59.846     0.000
6.86977     59.846     0.000
6.96969     59.846     0.000
7.07107     59.846     0.000
7.17392     59.846     0.000
7.27827     59.846     0.000
7.38413     59.846     0.000
7.49154     59.846     0.000
7.60050     59.846     0.000
7.71105     59.846     0.000
7.82321     59.846     0.000
7.93701     59.846     0.000
8.05245     59.846     0.000
8.16958     59.846     0.000
8.28841     59.846     0.000
8.40896     59.846     0.000
8.53128     59.846     0.000
8.65537     59.846     0.000
8.78126     59.846     0.000
8.90899     59.846     0.000
9.03857     59.846     0.000
9.17004     59.846     0.000
9.30342     59.846     0.000
9.43874     59.846     0.000
9.57603     59.846     0.000
9.71532     59.846     0.000
9.85663     59.846     0.000
10.0000     59.846     0.000
10.1455     59.846     0.000
10.2930     59.846     0.000
10.4427     59.846     0.000
10.5946     59.846     0.000
10.7487     59.846     0.000
10.9051     59.846     0.000
11.0637     59.846     0.000
11.2246     59.846     0.000
11.3879     59.846     0.000
11.5535     59.846     0.000
11.7216     59.846     0.000
11.8921     59.846     0.000
12.0650     59.846     0.000
12.2405     59.846     0.000
12.4186     59.846     0.000
12.5992     59.846     0.000
12.7825     59.846     0.000
12.9684     59.846     0.000
13.1570     59.846     0.000
13.3484     59.846     0.000
13.5426     59.846     0.000
13.7395     59.846     0.000
13.9394     59.846     0.000
14.1421     59.846     0.000
14.3478     59.846     0.000
14.5565     59.846     0.000
14.7683     59.846     0.000
14.9831     59.846     0.000
15.2010     59.846     0.000
15.4221     59.846     0.000
15.6464     59.846     0.000
15.8740     59.846     0.000
16.1049     59.846     0.000
16.3392     59.846     0.000
16.5768     59.846     0.000
16.8179     59.846     0.000
17.0626     59.846     0.000
17.3107     59.846     0.000
17.5625     59.846     0.000
17.8180     59.846     0.000
18.0771     59.846     0.000
18.3401     59.846     0.000
18.6068     59.846     0.000
18.8775     59.846     0.000
19.1521     59.846     0.000
19.4306     59.846     0.000
19.7133     59.846     0.000
20.0000     59.846     0.000
20.2909     59.846     0.000
20.5860     59.846     0.000
20.8855     59.846     0.000
21.1893     59.846     0.000
21.4975     59.846     0.000
21.8102     59.846     0.000
22.1274     59.846     0.000
22.4492     59.846     0.000
22.7758     59.846     0.000
23.1071     59.846     0.000
23.4432     59.846     0.000
23.7841     59.846     0.000
24.1301     59.846     0.000
24.4811     59.846     0.000
24.8372     59.846     0.000
25.1984     59.846     0.000
25.5649     59.846     0.000
25.9368     59.846     0.000
26.3141     59.846     0.000
26.6968     59.846     0.000
27.0851     59.846     0.000
27.4791     59.846     0.000
27.8788     59.846     0.000
28.2843     59.846     0.000
28.6957     59.846     0.000
29.1131     59.846     0.000
29.5365     59.846     0.000
29.9661     59.846     0.000
30.4020     59.846     0.000
30.8442     59.846     0.000
31.2929     59.846     0.000
31.7480     59.846     0.000
32.2098     59.846     0.000
32.6783     59.846     0.000
33.1536     59.846     0.000
33.6359     59.846     0.000
34.1251     59.846     0.000
34.6215     59.846     0.000
35.1250     59.846     0.000
35.6359     59.846     0.000
36.1543     59.846     0.000
36.6802     59.846     0.000
37.2137     59.846     0.000
37.7550     59.846     0.000
38.3041     59.846     0.000
38.8613     59.846     0.000
39.4265     59.846     0.000
40.0000     59.846     0.000
40.5818     59.846     0.000
41.1721     59.846     0.000
41.7710     59.846     0.000
42.3785     59.846     0.000
42.9949     59.846     0.000
43.6203     59.846     0.000
44.2548     59.846     0.000
44.8985     59.846     0.000
45.5515     59.846     0.000
46.2141     59.846     0.000
46.8863     59.846     0.000
47.5683     59.846     0.000
48.2602     59.846     0.000
48.9621     59.846     0.000
49.6743     59.846     0.000
50.3968     59.846     0.000
51.1299     59.846     0.000
51.8736     59.846     0.000
52.6281     59.846     0.000
53.3936     59.846     0.000
54.1702     59.846     0.000
54.9581     59.846     0.000
55.7575     59.846     0.000
56.5685     59.846     0.000
57.3914     59.846     0.000
58.2261     59.846     0.000
59.0730     59.846     0.000
59.9323     59.846     0.000
60.8040     59.846     0.000
61.6884     59.846     0.000
62.5857     59.846     0.000
63.4960     59.846     0.000
64.4196     59.846     0.000
65.3566     59.846     0.000
66.3073     59.846     0.000
67.2717     59.846     0.000
68.2502     59.846     0.000
69.2429     59.846     0.000
70.2501     59.846     0.000
71.2719     59.846     0.000
72.3086     59.846     0.000
73.3603     59.846     0.000
74.4274     59.846     0.000
75.5099     59.846     0.000
76.6083     59.846     0.000
77.7226     59.846     0.000
78.8531     59.846     0.000
80.0000     59.846     0.000
81.1636     59.846     0.000
82.3442     59.846     0.000
83.5419     59.846     0.000
84.7570     59.846     0.000
85.9899     59.846     0.000
87.2406     59.846     0.000
88.5096     59.846     0.000
89.7970     59.846     0.000
91.1031     59.846     0.000
92.4282     59.846     0.000
93.7726     59.846     0.000
95.1366     59.846     0.000
96.5204     59.846     0.000
97.9243     59.846     0.000
99.3486     59.846     0.000
100.794     59.846     0.000
102.260     59.846     0.000
103.747     59.846     0.000
105.256     59.846     0.000
106.787     59.846     0.000
108.340     59.846     0.000
109.916     59.846     0.000
111.515     59.846     0.000
113.137     59.846     0.000
114.783     59.846     0.000
116.452     59.846     0.000
118.146     59.846     0.000
119.865     59.846     0.000
121.608     59.846     0.000
123.377     59.846     0.000
125.171     59.846     0.000
126.992     59.846     0.000
128.839     59.846     0.000
130.713     59.846     0.000
132.615     59.846     0.000
134.543     59.846     0.000
136.500     59.846     0.000
138.486     59.846     0.000
140.500     59.846     0.000
142.544     59.846     0.000
144.617     59.846     0.000
146.721     59.846     0.000
148.855     59.846     0.000
151.020     59.846     0.000
153.217     59.846     0.000
155.445     59.846     0.000
157.706     59.846     0.000
160.000     59.846     0.000
162.327     59.846     0.000
164.688     59.846     0.000
167.084     59.846     0.000
169.514     59.846     0.000
171.980     59.846     0.000
174.481     59.846     0.000
177.019     59.846     0.000
179.594     59.846     0.000
182.206     59.846     0.000
184.856     59.846     0.000
187.545     59.846     0.000
190.273     59.846     0.000
193.041     59.846     0.000
195.849     59.846     0.000
198.697     59.846     0.000
201.587     59.846     0.000
204.520     59.846     0.000
207.494     59.846     0.000
210.512     59.846     0.000
213.574     59.846     0.000
216.681     59.846     0.000
219.833     59.846     0.000
223.030     59.846     0.000
226.274     59.846     0.000
229.565     59.846     0.000
232.905     59.846     0.000
236.292     59.846     0.000
239.729     59.846     0.000
243.216     59.846     0.000
246.754     59.846     0.000
250.343     59.846     0.000
253.984     59.846     0.000
257.678     59.846     0.000
261.426     59.846     0.000
265.229     59.846     0.000
269.087     59.846     0.000
273.001     59.846     0.000
276.972     59.846     0.000
281.000     59.846     0.000
285.088     59.846     0.000
289.234     59.846     0.000
293.441     59.846     0.000
297.709     59.846     0.000
302.040     59.846     0.000
306.433     59.846     0.000
310.890     59.846     0.000
315.412     59.846     0.000
320.000     59.846     0.000
324.655     59.846     0.000
329.377     59.846     0.000
334.168     59.846     0.000
339.028     59.846     0.000
343.959     59.846     0.000
348.962     59.846     0.000
354.038     59.846     0.000
359.188     59.846     0.000
364.412     59.846     0.000
369.713     59.846     0.000
375.090     59.846     0.000
380.546     59.846     0.000
386.081     59.846     0.000
391.697     59.846     0.000
397.394     59.846     0.000
403.175     59.846     0.000
409.039     59.846     0.000
414.989     59.846     0.000
421.025     59.846     0.000
427.149     59.846     0.000
433.362     59.846     0.000
439.665     59.846     0.000
446.060     59.846     0.000
452.548     59.846     0.000
459.131     59.846     0.000
465.809     59.846     0.000
472.584     59.846     0.000
479.458     59.846     0.000
486.432     59.846     0.000
493.507     59.846     0.000
500.686     59.846     0.000
507.968     59.846     0.000
515.357     59.846     0.000
522.853     59.846     0.000
530.458     59.846     0.000
538.174     59.846     0.000
546.002     59.846     0.000
553.943     59.846     0.000
562.001     59.846     0.000
570.175     59.846     0.000
578.469     59.846     0.000
586.883     59.846     0.000
595.419     59.846     0.000
604.080     59.846     0.000
612.866     59.846     0.000
621.780     59.846     0.000
630.824     59.846     0.000
640.000     59.846     0.000
649.309     59.846     0.000
658.753     59.846     0.000
668.335     59.846     0.000
678.056     59.846     0.000
687.919     59.846     0.000
697.925     59.846     0.000
708.077     59.846     0.000
718.376     59.846     0.000
728.825     59.846     0.000
739.426     59.846     0.000
750.181     59.846     0.000
761.093     59.846     0.000
772.163     59.846     0.000
783.394     59.846     0.000
794.789     59.846     0.000
806.349     59.846     0.000
818.078     59.846     0.000
829.977     59.846     0.000
842.050     59.846     0.000
854.298     59.846     0.000
866.724     59.846     0.000
879.330     59.846     0.000
892.120     59.846     0.000
905.097     59.846     0.000
918.262     59.846     0.000
931.618     59.846     0.000
945.169     59.846     0.000
958.917     59.846     0.000
972.864     59.846     0.000
987.015     59.846     0.000
1001.37     59.846     0.000
1015.94     59.846     0.000
1030.71     59.846     0.000
1045.71     59.846     0.000
1060.92     59.846     0.000
1076.35     59.846     0.000
1092.00     59.846     0.000
1107.89     59.846     0.000
1124.00     59.846     0.000
1140.35     59.846     0.000
1156.94     59.846     0.000
1173.77     59.846     0.000
1190.84     59.846     0.000
1208.16     59.846     0.000
1225.73     59.846     0.000
1243.56     59.846     0.000
1261.65     59.846     0.000
1280.00     59.846     0.000
1298.62     59.846     0.000
1317.51     59.846     0.000
1336.67     59.846     0.000
1356.11     59.846     0.000
1375.84     59.846     0.000
1395.85     59.846     0.000
1416.15     59.846     0.000
1436.75     59.846     0.000
1457.65     59.846     0.000
1478.85     59.846     0.000
1500.36     59.846     0.000
1522.19     59.846     0.000
1544.33     59.846     0.000
1566.79     59.846     0.000
1589.58     59.846     0.000
1612.70     59.846     0.000
1636.16     59.846     0.000
1659.95     59.846     0.000
1684.10     59.846     0.000
1708.60     59.846     0.000
1733.45     59.846     0.000
1758.66     59.846     0.000
1784.24     59.846     0.000
1810.19     59.846     0.000
1836.52     59.846     0.000
1863.24     59.846     0.000
1890.34     59.846     0.000
1917.83     59.846     0.000
1945.73     59.846     0.000
1974.03     59.846     0.000
2002.74     59.846     0.000
2031.87     59.846     0.000
2061.43     59.846     0.000
2091.41     59.846     0.000
2121.83     59.846     0.000
2152.69     59.846     0.000
2184.01     59.846     0.000
2215.77     59.846     0.000
2248.00     59.846     0.000
2280.70     59.846     0.000
2313.87     59.846     0.000
2347.53     59.846     0.000
2381.68     59.846     0.000
2416.32     59.846     0.000
2451.46     59.846     0.000
2487.12     59.846     0.000
2523.30     59.846     0.000
2560.00     59.846     0.000
2597.24     59.846     0.000
2635.01     59.846     0.000
2673.34     59.846     0.000
2712.23     59.846     0.000
2751.68     59.846     0.000
2791.70     59.846     0.000
2832.31     59.846     0.000
2873.50     59.846     0.000
2915.30     59.846     0.000
2957.70     59.846     0.000
3000.72     59.846     0.000
3044.37     59.846     0.000
3088.65     59.846     0.000
3133.58     59.846     0.000
3179.16     59.846     0.000
3225.40     59.846     0.000
3272.31     59.846     0.000
3319.91     59.846     0.000
3368.20     59.846     0.000
3417.19     59.846     0.000
3466.89     59.846     0.000
3517.32     59.846     0.000
3568.48     59.846     0.000
3620.39     59.846     0.000
3673.05     59.846     0.000
3726.47     59.846     0.000
3780.67     59.846     0.000
3835.67     59.846     0.000
3891.46     59.846     0.000
3948.06     59.846     0.000
4005.49     59.846     0.000
4063.75     59.846     0.000
4122.86     59.846     0.000
4182.82     59.846     0.000
4243.66     59.846     0.000
4305.39     59.846     0.000
4368.01     59.846     0.000
4431.55     59.846     0.000
4496.01     59.846     0.000
4561.40     59.846     0.000
4627.75     59.846     0.000
4695.06     59.846     0.000
4763.35     59.846     0.000
4832.64     59.846     0.000
4902.93     59.846     0.000
4974.24     59.846     0.000
5046.60     59.846     0.000
5120.00     59.846     0.000
5194.47     59.846     0.000
5270.03     59.846     0.000
5346.68     59.846     0.000
5424.45     59.846     0.000
5503.35     59.846     0.000
5583.40     59.846     0.000
5664.61     59.846     0.000
5747.01     59.846     0.000
5830.60     59.846     0.000
5915.41     59.846     0.000
6001.45     59.846     0.000
6088.74     59.846     0.000
6177.30     59.846     0.000
6267.15     59.846     0.000
6358.31     59.846     0.000
6450.80     59.846     0.000
6544.62     59.846     0.000
6639.82     59.846     0.000
6736.40     59.846     0.000
6834.38     59.846     0.000
6933.79     59.846     0.000
7034.64     59.846     0.000
7136.96     59.846     0.000
7240.77     59.846     0.000
7346.09     59.846     0.000
7452.94     59.846     0.000
7561.35     59.846     0.000
7671.33     59.846     0.000
7782.91     59.846     0.000
7896.12     59.846     0.000
8010.97     59.846     0.000
8127.49     59.846     0.000
8245.71     59.846     0.000
8365.65     59.846     0.000
8487.33     59.846     0.000
8610.78     59.846     0.000
8736.03     59.846     0.000
8863.09     59.846     0.000
8992.01     59.846     0.000
9122.80     59.846     0.000
9255.50     59.846     0.000
9390.12     59.846     0.000
9526.70     59.846     0.000
9665.27     59.846     0.000
9805.86     59.846     0.000
9948.49     59.846     0.000
10093.2     59.846     0.000
10240.0     59.846     0.000
10388.9     59.846     0.000
10540.1     59.846     0.000
10693.4     59.846     0.000
10848.9     59.846     0.000
11006.7     59.846     0.000
11166.8     59.846     0.000
11329.2     59.846     0.000
11494.0     59.846     0.000
11661.2     59.846     0.000
11830.8     59.846     0.000
12002.9     59.846     0.000
12177.5     59.846     0.000
12354.6     59.846     0.000
12534.3     59.846     0.000
12716.6     59.846     0.000
12901.6     59.846     0.000
13089.2     59.846     0.000
13279.6     59.846     0.000
13472.8     59.846     0.000
13668.8     59.846     0.000
13867.6     59.846     0.000
14069.3     59.846     0.000
14273.9     59.846     0.000
14481.5     59.846     0.000
14692.2     59.846     0.000
14905.9     59.846     0.000
15122.7     59.846     0.000
15342.7     59.846     0.000
15565.8     59.846     0.000
15792.2     59.846     0.000
16021.9     59.846     0.000
16255.0     59.846     0.000
16491.4     59.846     0.000
16731.3     59.846     0.000
16974.7     59.846     0.000
17221.6     59.846     0.000
17472.1     59.846     0.000
17726.2     59.846     0.000
17984.0     59.846     0.000
18245.6     59.846     0.000
18511.0     59.846     0.000
18780.2     59.846     0.000
19053.4     59.846     0.000
19330.5     59.846     0.000
19611.7     59.846     0.000
19897.0     59.846     0.000
20186.4     59.846     0.000
20480.0     59.846     0.000
20777.9     59.846     0.000
21080.1     59.846     0.000
21386.7     59.846     0.000
21697.8     59.846     0.000
22013.4     59.846     0.000
22333.6     59.846     0.000
22658.4     59.846     0.000
22988.0     59.846     0.000
23322.4     59.846     0.000
23661.6     59.846     0.000
24005.8     59.846     0.000
24355.0     59.846     0.000
24709.2     59.846     0.000
25068.6     59.846     0.000
25433.2     59.846     0.000
25803.2     59.846     0.000
26178.5     59.846     0.000
26559.3     59.846     0.000
26945.6     59.846     0.000
27337.5     59.846     0.000
27735.2     59.846     0.000
28138.6     59.846     0.000
28547.9     59.846     0.000
28963.1     59.846     0.000
29384.4     59.846     0.000
29811.8     59.846     0.000
30245.4     59.846     0.000
30685.3     59.846     0.000
31131.7     59.846     0.000
31584.5     59.846     0.000
32043.9     59.846     0.000
32510.0     59.846     0.000
32982.8     59.846     0.000
33462.6     59.846     0.000
33949.3     59.846     0.000
34443.1     59.846     0.000
34944.1     59.846     0.000
35452.4     59.846     0.000
35968.0     59.846     0.000
36491.2     59.846     0.000
37022.0     59.846     0.000
37560.5     59.846     0.000
38106.8     59.846     0.000
38661.1     59.846     0.000
39223.4     59.846     0.000
39793.9     59.846     0.000
