20	6.2061528646721715
20.290906698750476	6.219610704058249
20.586044732869844	6.2330575340536925
20.885475648548283	6.246476481340747
21.189261887185914	6.259845398883936
21.49746679841394	6.273138967781636
21.810154653305165	6.286330622768132
22.12739065777668	6.299394251138151
22.449240966187475	6.312305630892228
22.77577269513385	6.325043590890009
23.107053937445478	6.337590891144117
23.44315377638505	6.349934833800584
23.784142300054445	6.362067624449304
24.130090616010463	6.373986509364389
24.481070866093134	6.385693717559828
24.837156241469714	6.397196237739408
25.1984209978975	6.40850545989233
25.56494047120865	6.419636709935061
25.936791093020236	6.430608703822992
26.3140504066728	6.441442945246967
26.69679708340074	6.452163088592402
27.08511093873791	6.462794286401474
27.47907294916184	6.473362538215325
27.878765268980047	6.483894055419579
28.284271247461966	6.494414654585195
28.695675446220072	6.5049491897872285
29.11306365684382	6.5155210324908035
29.536522918790062	6.5261516058092965
29.966141537533712	6.536859978259332
30.402009102982383	6.547662520558
30.844216508158908	6.558572627529601
31.29285596815558	6.569600505814686
31.74802103936409	6.580753026807127
32.20980663898519	6.592033643090198
32.67830906482211	6.603442365605815
33.153626015361866	6.614975797876906
33.63585661014871	6.626627222816403
34.125101410453844	6.638386737001101
34.62146244024586	6.650241426767861
35.12504320746613	6.6621755801048295
35.635948725613716	6.674170928062559
36.15428553564419	6.686206909298146
36.68016172818701	6.6982609513882
37.21368696608603	6.710308762699904
37.754972507267915	6.722324628888985
38.30413122794313	6.734281708492296
38.86127764614443	6.746152322592819
39.4265279456077	6.757908234145863
40.000000000000206	6.76952091325506
40.58181339750116	6.780961785461347
41.1720894657399	6.792202460941376
41.77095129709678	6.803214943385666
42.37852377437204	6.813971818221442
42.9949335968281	6.824446420739056
43.62030930661056	6.834612985551102
44.25478131555359	6.844446779636134
44.89848193237519	6.853924221969511
45.55154539026795	6.863022993398072
46.21410787489121	6.871722140948951
46.88630755277036	6.880002181153321
47.56828460010916	6.887845207192545
48.260181232021196	6.8952350047194155
48.962141732186545	6.902157181056617
49.674312482939705	6.908599312118758
50.39684199579528	6.914551110838601
51.129880942417586	6.920004620103975
51.873582186040764	6.924954432237028
52.628100813345895	6.929397935886466
53.393594166801776	6.933335589877881
54.17022187747612	6.93677122210569
54.95814589832399	6.9397123499879525
55.75753053796041	6.942170517383861
56.56854249492426	6.944161641240193
57.39135089244048	6.9457063596388675
58.226127313687975	6.946830371417785
59.073045837580466	6.94756475618775
59.932283075067765	6.947946262426032
60.804018205965114	6.948017550446659
61.68843301631817	6.947827376479754
62.58571193631152	6.947430703882448
63.49604207872855	6.946888727689271
64.41961327797075	6.94626879931853
65.35661812964459	6.945644239299194
66.3072520307241	6.94509402737392
67.27171322029778	6.944702361257616
68.25020282090806	6.944558077662479
69.2429248804921	6.944753931899531
70.25008641493265	6.945385735379424
71.27189745122783	6.9465513535934225
72.30857107128878	6.948349570579658
73.36032345637442	6.950878829380581
74.42737393217246	6.95423586147912
75.50994501453623	6.958514221564178
76.60826245588666	6.96380274712182
77.72255529228926	6.970183965182424
78.85305589121582	6.977732470990374
80.00000000000082	6.986513305327818
81.16362679500274	6.99658035866015
82.34417893148023	7.007974831139279
83.541902594194	7.02072377778344
84.75704754874454	7.0348387678536906
85.98986719365665	7.0503146865930715
87.24061861322157	7.067128706132121
88.50956263110764	7.085239450559257
89.79696386475084	7.104586377987128
91.10309078053635	7.12508940000754
92.42821574978288	7.146648756314662
93.77261510554118	7.169145159585462
95.13656920021877	7.192440223028648
96.52036246404286	7.216377180428186
97.92428346437356	7.240781906077697
99.34862496587989	7.265464239769657
100.79368399159105	7.290219619984557
102.25976188483567	7.314831026607794
103.74716437208203	7.339071232840544
105.25620162669229	7.362705364382321
106.78718833360406	7.385493762321115
108.34044375495276	7.407195144293021
109.9162917966485	7.4275700561234
111.51506107592134	7.44638460301102
113.13708498984903	7.463414444938451
114.78270178488147	7.478449034836071
116.45225462737648	7.4912960694014625
118.14609167516147	7.501786110541175
119.86456615013608	7.509777319192958
121.60803641193078	7.5151602217824145
123.3768660326369	7.517862401836089
125.17142387262359	7.51785297471711
126.99208415745765	7.515146662188838
128.83922655594208	7.509807236900369
130.71323625928977	7.501950058152769
132.61450406144883	7.491743375226129
134.5434264405962	7.479408042009041
136.50040564181674	7.46521527881879
138.48584976098482	7.449482148916676
140.50017282986593	7.432564503889782
142.5437949024563	7.414847306726675
144.61714214257822	7.396732469233656
146.7206469127495	7.3786246326032074
148.8547478643456	7.360915647919617
151.01989002907314	7.343968826487996
153.216524911774	7.328104259705584
155.4451105845792	7.3135865825890765
157.70611178243232	7.300616420671646
160.00000000000236	7.289326406681793
162.3272535900062	7.279782128794564
164.6883578629612	7.271987775144438
167.08380518838874	7.2658956912387245
169.51409509748981	7.26141867326638
171.97973438731407	7.258443639395006
174.4812372264439	7.256845354213925
177.01912526221608	7.256499083525689
179.5939277295025	7.257291358936648
182.20618156107355	7.259128364229585
184.85643149956664	7.261941762843488
187.54523021108326	7.265692033531037
190.27313840043846	7.270369555476562
193.04072492808663	7.275993786631843
195.84856692874806	7.282610921233631
198.69724993176072	7.290290410045055
201.58736798318304	7.299120695575533
204.5195237696723	7.309204467846701
207.49432874416505	7.3206536943200655
210.5124032533856	7.333584627126574
213.57437666720915	7.348112945582693
216.68088750990657	7.364349153811224
219.83258359329807	7.382394322333317
223.03012215184378	7.402336238152966
226.2741699796992	7.4242460091246905
229.5654035697641	7.448175154192371
232.90450925475412	7.474153200389265
236.2921833503241	7.502185799404043
239.72913230027333	7.532253370293115
243.21607282386276	7.56431026992674
246.75373206527502	7.598284488463189
250.34284774524843	7.6340778630955475
253.9841683149166	7.671566799117714
257.67845311188546	7.710603482682595
261.42647251858085	7.751017564223206
265.22900812289896	7.792618285213303
269.08685288119375	7.835197013704124
273.0008112836349	7.878530145958958
276.97169952197106	7.922382322725408
281.00034565973334	7.966509899582402
285.0875898049141	8.010664601848632
289.23428428515797	8.054597286318122
293.44129382550057	8.098061725239663
297.7094957286928	8.140818323137673
302.0397800581479	8.182637674897924
306.4330498235497	8.22330387452274
310.89022116916016	8.262617488444821
315.41222356486645	8.30039811541342
320.00000000000654	8.336486466626402
324.6545071800142	8.370745914621114
329.3767157259242	8.40306347686409
334.16761037677935	8.43335021920495
339.02819019498156	8.461541084454899
343.95946877463007	8.487594171317125
348.9624744528898	8.511489507744937
354.03825052443415	8.533227379620811
359.187855459007	8.552826289662747
364.4123631221491	8.570320632080401
369.71286299913527	8.585758175337643
375.0904604221685	8.599197448255874
380.54627680087896	8.610705123642736
386.08144985617537	8.620353488864595
391.6971338574982	8.628218084665656
397.3944998635236	8.634375582568104
403.1747359663683	8.638901957966223
409.0390475393468	8.641871001232115
414.9886574883323	8.643353193516951
421.0248065067734	8.643414958223834
427.1487533344206	8.642118284107733
433.3617750198154	8.639520702337656
439.6651671865984	8.635675588251358
446.06024430368984	8.63063274939982
452.54833995940066	8.624439255061372
459.13080713953053	8.617140458691479
465.8090185095106	8.608781163481273
472.58436670065066	8.599406881794721
479.45826460054917	8.58906514102513
486.432145647728	8.577806790562189
493.50746413055253	8.565687266350594
500.6856954904994	8.552767770406913
507.9683366298358	8.539116322421965
515.3569062237735	8.524808639398167
522.8529450371643	8.509928797770518
530.4580162458005	8.494569631627018
538.1737057623901	8.478832821717925
546.0016225672724	8.462828634219614
553.9433990439449	8.44667527682693
562.0006913194694	8.430497853420832
570.1751796098309	8.41442691743702
578.4685685703187	8.398596647563512
586.8825876510039	8.383142696173664
595.4189914573883	8.368199788902018
604.0795601162986	8.353899180398734
612.8660996471021	8.34036609366939
621.780442338323	8.327717285671616
630.8244471297356	8.316058887539098
640.0000000000159	8.305484662219602
649.3090143600314	8.296074804762155
658.7534314518515	8.287895381509566
668.3352207535618	8.280998465852546
678.0563803899662	8.275422982934137
687.9189375492632	8.271196227566856
697.9249489057827	8.268335972887943
708.0765010488715	8.266853046121938
718.3757109180171	8.266754215891407
728.8247262443015	8.26804521550441
739.425725998274	8.27073372000979
750.1809208443404	8.27483210167545
761.0925536017613	8.280359807781728
772.1628997123541	8.28734523406539
783.3942677149998	8.295827003916395
794.7889997270506	8.30585460427769
806.34947193274	8.317488370877232
818.0780950786972	8.330798854967062
829.9773149766683	8.345865638693853
842.0496130135506	8.362775694747167
854.2975066688449	8.381621406866167
866.7235500396347	8.402498380619292
879.3303343732008	8.425503178658483
892.1204886073838	8.450731111900945
905.0966799188055	8.47827420865524
918.2616142790653	8.508219468650264
931.6180370190256	8.540647489427371
945.1687334013056	8.575631529832723
958.9165292011028	8.613237050591176
972.8642912954606	8.653521746288385
987.0149282611097	8.6965360575925
1001.3713909810035	8.742324128189564
1015.9366732596762	8.79092514858698
1030.7138124475518	8.842375009475736
1045.7058900743334	8.89670817146768
1060.916032491606	8.95395964636743
1076.3474115247852	9.014166978201416
1092.0032451345498	9.077372110352545
1107.8867980878947	9.143623028492698
1124.0013826389438	9.212975077510489
1140.350359219667	9.285491864019809
1156.9371371406426	9.361245673815754
1173.765175302013	9.440317355144929
1190.837982914782	9.522795643066257
1208.1591202326028	9.60877592660334
1225.73219929421	9.698358487909104
1243.5608846766518	9.791646270367453
1261.648894259477	9.888742259564763
1280.0000000000375	9.989746586514496
1298.6180287200684	10.09475348553519
1317.5068629037087	10.203848258826124
1336.6704415071292	10.317104415003989
1356.112760779938	10.434581158461798
1375.8378750985323	10.556321409048271
1395.8498978115715	10.682350525800048
1416.153002097749	10.812675892835017
1436.7514218360407	10.947287498695362
1457.6494524886093	11.08615960136648
1478.8514519965543	11.229253519342121
1500.3618416886875	11.376521524646236
1522.1851072035295	11.527911737849733
1544.3257994247153	11.683373840308002
1566.788535430007	11.84286532908735
1589.5779994541087	12.006357951012056
1612.6989438654878	12.173843871255142
1636.156190157402	12.3453410675524
1659.9546299533442	12.52089740276955
1684.099226027109	12.700592825224174
1708.5950133376978	12.884539185335544
1733.4471000792773	13.072877243418272
1758.6606687464096	13.265770577188027
1784.2409772147755	13.463396274245325
1810.193359837619	13.665932504583909
1836.5232285581387	13.873543296254674
1863.2360740380593	14.086361065116542
1890.3374668026197	14.304467656481616
1917.833058402214	14.527874821995097
1945.7285825909298	14.75650516165513
1974.0298565222283	14.99017459619549
2002.7427819620161	15.228577394315582
2031.8733465193618	15.471274666311784
2061.4276248951132	15.717687062895243
2091.411780148677	15.967092204373214
2121.832064983222	16.218627133143983
2152.694823049581	16.471295852644147
2184.0064902691106	16.72398180398049
2215.7735961758003	16.97546494443558
2248.002765277899	17.22444292778061
2280.7007184393456	17.469555736282352
2313.874274281297	17.709412968475814
2347.530350604038	17.94262284006071
2381.6759658295764	18.16782181266599
2416.318240465218	18.383703644052982
2451.4643985884327	18.589046581126322
2487.1217693533167	18.782737425166157
2523.2977885189675	18.963791312862888
2560.0000000000887	19.131366288392407
2597.236057440151	19.28477208168199
2635.0137258074315	19.42347292546913
2673.340883014273	19.5470846914223
2712.225521559891	19.655367048711476
2751.6757501970797	19.748211695304914
2791.699795623158	19.8256279428336
2832.3060041955137	19.887727025851667
2873.502843672097	19.934706447172836
2915.2989049772345	19.96683546735704
2957.7029039931244	19.9844425145648
3000.723683377391	19.987904859882676
3044.370214407075	19.977640418479066
3088.6515988494466	19.954101064022016
3133.57707086003	19.917766465699337
3179.1559989082334	19.869137263263664
3225.3978877309914	19.808726461367037
3272.3123803148205	19.73704828790202
3319.9092599067053	19.654604402459846
3368.198452054235	19.561868175384706
3417.190026675413	19.459268643236733
3466.8942001585724	19.34717650663305
3517.3213374928373	19.225894993203703
3568.4819544295697	19.095658415784666
3620.386719675257	18.956640730611127
3673.0464571162966	18.808975343207834
3726.472148076138	18.652785915783983
3780.6749336052594	18.488226182987148
3835.6661168044484	18.315525036592387
3891.45716518188	18.135031687985872
3948.059713044477	17.94725485639779
4005.4855639240527	17.752889914058162
4063.746693038744	17.552828903366382
4122.855249790247	17.348150327156898
4182.823560297375	17.140088399393854
4243.664129966465	16.929984613727875
4305.389646099183	16.71922746131698
4368.012980538242	16.509188285027324
4431.5471923516225	16.30116209755591
4496.00553055582	16.096321499821578
4561.401436878714	15.895689751373682
4627.748548562617	15.700136006831302
4695.060701208099	15.510392322435852
4763.351931659176	15.327088790642625
4832.63648093046	15.150800464608366
4902.928797176889	14.982097851002228
4974.243538706657	14.82159192059474
5046.595577037959	14.6699650895214
5120.000000000202	14.52798169100942
5194.472114880326	14.396475068793896
5270.027451614888	14.276313113040622
5346.6817660285715	14.168348858107406
5424.451043119808	14.073366342557325
5503.351500394186	13.992032933911029
5583.399591246343	13.924866789115757
5664.612008391055	13.87222199685679
5747.005687344222	13.834285443561445
5830.597809954497	13.811071061037559
5915.405807986278	13.802392061986481
6001.447366754812	13.807792873818455
6088.740428814181	13.826430975791185
6177.303197698925	13.85691364194456
6267.154141720092	13.897112358387176
6358.3119978165005	13.943993638747324
6450.795775462017	13.993514037665324
6544.624760629676	14.040625153118611
6639.818519813445	14.079418967222232
6736.396904108505	14.103415382543846
6834.380053350861	14.10595610498994
6933.788400317181	14.08062972323116
7034.642674985712	14.021622737111333
7136.963908859177	13.923882503113868
7240.773439350552	13.783001364166743
7346.092914232631	13.594794387865656
7452.944296152315	13.354653096211534
7561.349867210557	13.056929331906396
7671.332233608935	12.694877194043421
7782.914330363799	12.262140458042904
7896.119426088994	11.757480140761338
8010.971127848146	11.194872397389942
8127.49338607753	10.618508205065595
8245.710499580537	10.111579021131268
8365.647120594791	9.774274861891378
8487.328259932974	9.66283661574255
8610.77929219841	9.739753412872552
8736.025961076528	9.895660024105087
8863.094384703289	10.017734438794662
8992.011061111683	10.034740442346825
9122.802873757471	9.920438638862485
9255.497097125279	9.679167800767951
9390.121402416245	9.332326876410532
9526.7038633184	8.909672681858487
9665.272961860968	8.443728542071415
9805.857594353829	7.9656258515368155
9948.487077413367	7.501742333244545
10093.19115407597	7.071190126338771
10240.000000000457	6.684443190154112
10388.944229760706	6.343308120852367
10540.05490322983	6.042196586561626
10693.363532057198	5.770397505063321
10848.902086239672	5.514872117470352
11006.703000788428	5.26304710626856
11166.799182492743	5.005163468337981
11329.224016782166	4.735932660349066
11494.0113746885	4.4554928184980875
11661.195619909053	4.169821992493688
11830.811615972614	3.8907336321606207
12002.894733509682	3.6353651480451785
12177.48085762842	3.4248583773578867
12354.606395397908	3.281947837068077
12534.308283440243	3.2274958389271817
12716.62399563306	3.2765060581297987
12901.591550924093	3.434561847667861
13089.249521259411	3.6957552434113654
13279.637039626952	4.042878922550161
13472.793808217073	4.449960293017813
13668.760106701786	4.886320816811171
13867.576800634426	5.32063710556951
14069.285349971487	5.723428808179386
14273.927817718419	6.067250963964163
14481.54687870117	6.325345330845986
14692.18582846533	6.470779277261307
14905.888592304698	6.47827454658127
15122.699734421185	6.3297127989450495
15342.664467217943	6.022287008139245
15565.828660727671	5.5764736297724395
15792.238852178061	5.040220097895767
16021.942255696367	4.486295437006838
16254.986772155136	4.00161449919554
16491.42099916115	3.6701621257150836
16731.294241189662	3.5541251757197476
16974.65651986603	3.6797320977700756
17221.558584396902	4.033584466476802
17472.051922153143	4.571184158929387
17726.188769406665	5.233504345341638
17984.022122223458	5.963581355393114
18245.605747515034	6.716156159154527
18510.99419425065	7.45858518393138
18780.242804832582	8.166510330027544
19053.40772663689	8.819521882844954
19330.545923722028	9.40067853386848
19611.71518870775	9.901875876234968
19896.974154826825	10.333161357948102
20186.382308152035	10.725337685824714