20	5.877903216470469
20.290906698750476	5.8953194815079115
20.586044732869844	5.9127244477727565
20.885475648548283	5.930100761610437
21.189261887185914	5.947425580809711
21.49746679841394	5.964672694370062
21.810154653305165	5.98181446598961
22.12739065777668	5.99882355108322
22.449240966187475	6.015674353164277
22.77577269513385	6.032344202405503
23.107053937445478	6.048814254529014
23.44315377638505	6.065070120575099
23.784142300054445	6.081102247179536
24.130090616010463	6.096906072926276
24.481070866093134	6.112481989606696
24.837156241469714	6.127835138388014
25.1984209978975	6.1429750705435335
25.56494047120865	6.157915301024485
25.936791093020236	6.172672781155574
26.3140504066728	6.187267314409033
26.69679708340074	6.201720936758548
27.08511093873791	6.216057280664168
27.47907294916184	6.230300939366851
27.878765268980047	6.244476845912695
28.284271247461966	6.258609679195441
28.695675446220072	6.272723307301032
29.11306365684382	6.286840276554197
29.536522918790062	6.3009813528973755
29.966141537533712	6.315165120571124
30.402009102982383	6.329407641509909
30.844216508158908	6.343722177417201
31.29285596815558	6.358118975141119
31.74802103936409	6.372605114739847
32.20980663898519	6.3871844185089355
32.67830906482211	6.401857418245101
33.153626015361866	6.41662137714748
33.63585661014871	6.431470362011409
34.125101410453844	6.446395360754791
34.62146244024586	6.461384439834873
35.12504320746613	6.476422935765025
35.635948725613716	6.491493674726646
36.15428553564419	6.506577214189264
36.68016172818701	6.521652100499728
37.21368696608603	6.53669513657508
37.754972507267915	6.551681654127755
38.30413122794313	6.566585785259422
38.86127764614443	6.581380728772216
39.4265279456077	6.59603900715316
40.000000000000206	6.610532710877
40.58181339750116	6.62483372743051
41.1720894657399	6.63891395327175
41.77095129709678	6.652745487783021
42.37852377437204	6.666300809137041
42.9949335968281	6.679552932851252
43.62030930661056	6.692475554632866
44.25478131555359	6.705043179894303
44.89848193237519	6.717231243021255
45.55154539026795	6.7290162200802355
46.21410787489121	6.740375739136133
46.88630755277036	6.751288692691196
47.56828460010916	6.761735356935464
48.260181232021196	6.771697522498018
48.962141732186545	6.781158641195236
49.674312482939705	6.790103992877706
50.39684199579528	6.798520875877593
51.129880942417586	6.8063988237552095
51.873582186040764	6.813729850045321
52.628100813345895	6.820508721525302
53.393594166801776	6.826733259190393
54.17022187747612	6.832404664654487
54.95814589832399	6.837527868133366
55.75753053796041	6.842111892552381
56.56854249492426	6.846170226698945
57.39135089244048	6.84972119876286
58.226127313687975	6.852788340128796
59.073045837580466	6.855400727960705
59.932283075067765	6.857593294003825
60.804018205965114	6.859407086179812
61.68843301631817	6.86088946901503
62.58571193631152	6.862094248765416
63.49604207872855	6.8630817093204834
64.41961327797075	6.863918545611294
65.35661812964459	6.864677682328331
66.3072520307241	6.8654379672785995
67.27171322029778	6.866283730665945
68.25020282090806	6.867304203939749
69.2429248804921	6.868592794584238
70.25008641493265	6.870246216259755
71.27189745122783	6.872363476990358
72.30857107128878	6.875044731539468
73.36032345637442	6.878390007637884
74.42737393217246	6.882497819230479
75.50994501453623	6.887463683289927
76.60826245588666	6.893378559909177
77.72255529228926	6.900327238234734
78.85305589121582	6.908386693253798
80.00000000000082	6.9176244404266685
81.16362679500274	6.9280969166033115
82.34417893148023	6.939847916540823
83.541902594194	6.952907114628162
84.75704754874454	6.9672887011300775
85.98986719365665	6.9829901614090835
87.24061861322157	6.999991225219557
88.50956263110764	7.018253011356585
89.79696386475084	7.037717390764435
91.10309078053635	7.058306588756363
92.42821574978288	7.079923044365594
93.77261510554118	7.102449542133362
95.13656920021877	7.125749628934826
96.52036246404286	7.149668325827326
97.92428346437356	7.1740331424412815
99.34862496587989	7.198655399164287
100.79368399159105	7.223331860310922
102.25976188483567	7.247846679612559
103.74716437208203	7.271973657658533
105.25620162669229	7.295478809290232
106.78718833360406	7.318123237267486
108.34044375495276	7.339666306613784
109.9162917966485	7.359869111660506
111.51506107592134	7.378498224625717
113.13708498984903	7.395329710154244
114.78270178488147	7.4101533840622755
116.45225462737648	7.4227772858802386
118.14609167516147	7.433032322832528
119.86456615013608	7.440777026666774
121.60803641193078	7.445902343227696
123.3768660326369	7.448336346928301
125.17142387262359	7.4480487377082225
126.99208415745765	7.445054936804196
128.83922655594208	7.4394195510452255
130.71323625928977	7.431258926652522
132.61450406144883	7.420742468451568
134.5434264405962	7.4080923678754385
136.50040564181674	7.393581375300337
138.48584976098482	7.3775282838908405
140.50017282986593	7.360290878826362
142.5437949024563	7.342256260470576
144.61714214257822	7.323828677907022
146.7206469127495	7.305415301480138
148.8547478643456	7.287410691014624
151.01989002907314	7.270181029557038
153.216524911774	7.25404942239511
155.4451105845792	7.239283635592677
157.70611178243232	7.226087513972793
160.00000000000236	7.214596965280437
162.3272535900062	7.204880872738069
164.6883578629612	7.1969467012098765
167.08380518838874	7.190750014240809
169.51409509748981	7.1862067256864455
171.97973438731407	7.183206728830863
174.4812372264439	7.181627579023203
177.01912526221608	7.181347107957948
179.5939277295025	7.182254149999892
182.20618156107355	7.184256893489589
184.85643149956664	7.187288677282176
187.54523021108326	7.1913113004640525
190.27313840043846	7.1963160873211045
193.04072492808663	7.202323051995181
195.84856692874806	7.209378549334309
198.69724993176072	7.217551795859316
201.58736798318304	7.226930613302143
204.5195237696723	7.237616700290609
207.49432874416505	7.249720685601852
210.5124032533856	7.263357165729819
213.57437666720915	7.278639884161676
216.68088750990657	7.295677171410417
219.83258359329807	7.314567733738223
223.03012215184378	7.335396854025734
226.2741699796992	7.358233049409451
229.5654035697641	7.383125216040647
232.90450925475412	7.410100280594174
236.2921833503241	7.4391613700836094
239.72913230027333	7.470286505368336
243.21607282386276	7.503427818837333
246.75373206527502	7.5385112925885736
250.34284774524843	7.575437009531023
253.9841683149166	7.614079905820614
257.67845311188546	7.654291008568195
261.42647251858085	7.695899137565445
265.22900812289896	7.738713043693191
269.08685288119375	7.782523949642651
273.0008112836349	7.827108450657571
276.97169952197106	7.8722317243937505
281.00034565973334	7.917650990031253
285.0875898049141	7.963119147931301
289.23428428515797	8.008388522976308
293.44129382550057	8.053214627907124
297.7094957286928	8.097359858132286
302.0397800581479	8.140597027244828
306.4330498235497	8.182712653355564
310.89022116916016	8.223509910689202
315.41222356486645	8.26281116883395
320.00000000000654	8.300460053489997
324.6545071800142	8.336322977181293
329.3767157259242	8.370290105599032
334.16761037677935	8.402275744258057
339.02819019498156	8.432218150055272
343.95946877463007	8.46007879213966
348.9624744528898	8.485841105261729
354.03825052443415	8.509508795567493
359.187855459007	8.53110377287746
364.4123631221491	8.55066379426075
369.71286299913527	8.568239910797155
375.0904604221685	8.583893812639971
380.54627680087896	8.597695166869503
386.08144985617537	8.609719038355191
391.6971338574982	8.62004347626463
397.3944998635236	8.628747338432184
403.1747359663683	8.63590841308514
409.0390475393468	8.641601883051306
414.9886574883323	8.645899162220472
421.0248065067734	8.648867118413776
427.1487533344206	8.650567681641329
433.3617750198154	8.651057822672866
439.6651671865984	8.650389874499425
446.06024430368984	8.648612159079633
452.54833995940066	8.645769874009448
459.13080713953053	8.641906188470756
465.8090185095106	8.637063494805476
472.58436670065066	8.631284760912337
479.45826460054917	8.624614928800838
486.432145647728	8.617102305427247
493.50746413055253	8.608799892808403
500.6856954904994	8.59976660497759
507.9683366298358	8.590068319528672
515.3569062237735	8.579778711572878
522.8529450371643	8.568979818562685
530.4580162458005	8.557762286580084
538.1737057623901	8.546225253473526
546.0016225672724	8.53447583276734
553.9433990439449	8.522628175425625
562.0006913194694	8.51080210473699
570.1751796098309	8.49912134257092
578.4685685703187	8.4877113720763
586.8825876510039	8.47669701083491
595.4189914573883	8.466199797179783
604.0795601162986	8.456335318015075
612.8660996471021	8.447210626030133
621.780442338323	8.438921904855851
630.8244471297356	8.431552540174525
640.0000000000159	8.425171741661012
649.3090143600314	8.419833834665278
658.7534314518515	8.415578302835398
668.3352207535618	8.412430615850159
678.0563803899662	8.410403823670308
687.9189375492632	8.409500844638286
697.9249489057827	8.40971732412192
708.0765010488715	8.411044897783915
718.3757109180171	8.41347466282896
728.8247262443015	8.417000644447755
739.425725998274	8.421623044430968
750.1809208443404	8.427351074336618
761.0925536017613	8.434205205018609
772.1628997123541	8.442218704960789
783.3942677149998	8.45143838811895
794.7889997270506	8.46192454388243
806.34947193274	8.473750073377737
818.0780950786972	8.48699890406231
829.9773149766683	8.501763795428127
842.0496130135506	8.5181436804592
854.2975066688449	8.536240708908847
866.7235500396347	8.556157168946461
879.3303343732008	8.577992463473977
892.1204886073838	8.601840307254175
905.0966799188055	8.627786292230699
918.2616142790653	8.655905942693876
931.6180370190256	8.686263351097002
945.1687334013056	8.718910451275024
958.9165292011028	8.753886950461437
972.8642912954606	8.791220906637914
987.0149282611097	8.8309299050199
1001.3713909810035	8.873022758301907
1015.9366732596762	8.917501630832028
1030.7138124475518	8.96436446805315
1045.7058900743334	9.013607599940384
1060.916032491606	9.065228381079564
1076.3474115247852	9.119227730469483
1092.0032451345498	9.175612440809108
1107.8867980878947	9.234397139420373
1124.0013826389438	9.295605800329438
1140.350359219667	9.359272728517137
1156.9371371406426	9.425442962012493
1173.765175302013	9.494172064388726
1190.837982914782	9.565525308412315
1208.1591202326028	9.639576280239552
1225.73219929421	9.716404961864022
1243.5608846766518	9.796095376747667
1261.648894259477	9.878732908971726
1280.0000000000375	9.96440142902202
1298.6180287200684	10.05318037857335
1317.5068629037087	10.145141981322512
1336.6704415071292	10.240348755862469
1356.112760779938	10.338851508510421
1375.8378750985323	10.440687977584009
1395.8498978115715	10.545882284622044
1416.153002097749	10.654445321444989
1436.7514218360407	10.766376164107912
1457.6494524886093	10.8816645556545
1478.8514519965543	11.000294439848243
1500.3618416886875	11.122248459413417
1522.1851072035295	11.247513257549146
1544.3257994247153	11.376085344545555
1566.788535430007	11.507977217303779
1589.5779994541087	11.643223354394909
1612.6989438654878	11.781885659395842
1636.156190157402	11.924057896873517
1659.9546299533442	12.069868663934209
1684.099226027109	12.21948246945447
1708.5950133376978	12.373098554418092
1733.4471000792773	12.53094717894786
1758.6606687464096	12.693283220621165
1784.2409772147755	12.86037706801667
1810.193359837619	13.032502944873304
1836.5232285581387	13.209924954506558
1863.2360740380593	13.392881281868764
1890.3374668026197	13.581567123086973
1917.833058402214	13.776117021691816
1945.7285825909298	13.976587370470037
1974.0298565222283	14.182939882601817
2002.7427819620161	14.395026841592905
2031.8733465193618	14.612578904447448
2061.4276248951132	14.835196156976053
2091.411780148677	15.062343007526994
2121.832064983222	15.293347362282411
2152.694823049581	15.527404360418526
2184.0064902691106	15.763584770337651
2215.7735961758003	16.00084796656665
2248.002765277899	16.238059224657523
2280.7007184393456	16.47401088770399
2313.874274281297	16.70744676876413
2347.530350604038	16.937088954914554
2381.6759658295764	17.161665973212276
2416.318240465218	17.3799410802028
2451.4643985884327	17.59073927265558
2487.1217693533167	17.792971528225795
2523.2977885189675	17.985654816286146
2560.0000000000887	18.167926610405328
2597.236057440151	18.339053004257522
2635.0137258074315	18.498430070397976
2673.340883014273	18.64557875791498
2712.225521559891	18.78013431802752
2751.6757501970797	18.90183187107628
2791.699795623158	19.010490174252
2832.3060041955137	19.105995823614215
2873.502843672097	19.188289969769986
2915.2989049772345	19.25735913819904
2957.7029039931244	19.31323097368208
3000.723683377391	19.35597477788037
3044.370214407075	19.38570572455293
3088.6515988494466	19.402590783254816
3133.57707086003	19.40685382011877
3179.1559989082334	19.398777202814795
3225.3978877309914	19.37869758973392
3272.3123803148205	19.346994430717814
3319.9092599067053	19.304070965782
3368.198452054235	19.25032901795545
3417.190026675413	19.186140412125937
3466.8942001585724	19.111819152305944
3517.3213374928373	19.027599291314903
3568.4819544295697	18.93362350372221
3620.386719675257	18.829946580755603
3673.0464571162966	18.716556385064532
3726.472148076138	18.59341237371292
3780.6749336052594	18.46049893398955
3835.6661168044484	18.317887946443864
3891.45716518188	18.165802745212428
3948.059713044477	18.004674507810098
4005.4855639240527	17.835182424671252
4063.746693038744	17.658270833388716
4122.855249790247	17.475139579871442
4182.823560297375	17.28720763698716
4243.664129966465	17.096053786985188
4305.389646099183	16.903341317911327
4368.012980538242	16.710735738382816
4431.5471923516225	16.519825256498716
4496.00553055582	16.332053187665213
4561.401436878714	16.14866970364117
4627.748548562617	15.970707680541942
4695.060701208099	15.798984212485703
4763.351931659176	15.634126068189161
4832.63648093046	15.476614441214126
4902.928797176889	15.32684218667337
4974.243538706657	15.185175614463665
5046.595577037959	15.052012888265512
5120.000000000202	14.927832013385649
5194.472114880326	14.813222964527517
5270.027451614888	14.708900309352947
5346.6817660285715	14.615694389226224
5424.451043119808	14.53452058409499
5503.351500394186	14.46632751347935
5583.399591246343	14.412026427120392
5664.612008391055	14.372405582307978
5747.005687344222	14.348034765418735
5830.597809954497	14.339165627765546
5915.405807986278	14.345632618512134
6001.447366754812	14.366757206695652
6088.740428814181	14.401256065600384
6177.303197698925	14.447153923481169
6267.154141720092	14.501705497169375
6358.3119978165005	14.561338376658888
6450.795775462017	14.621637630068777
6544.624760629676	14.677398771976447
6639.818519813445	14.722773175604582
6736.396904108505	14.751514839190483
6834.380053350861	14.757309172119344
6933.788400317181	14.734128189167087
7034.642674985712	14.676522910803453
7136.963908859177	14.579747296009058
7240.773439350552	14.439623191960827
7346.092914232631	14.252113760677132
7452.944296152315	14.012681846199044
7561.349867210557	13.71568325168817
7671.332233608935	13.354320234490016
7782.914330363799	12.922139835776287
7896.119426088994	12.417768458840575
8010.971127848146	11.85501181233955
8127.49338607753	11.277855955534639
8245.710499580537	10.76926254126109
8365.647120594791	10.429192102607965
8487.328259932974	10.313696095425316
8610.77929219841	10.385157894181608
8736.025961076528	10.534223773108343
8863.094384703289	10.648213550074024
8992.011061111683	10.656149426048216
9122.802873757471	10.532121604334517
9255.497097125279	10.280792370788827
9390.121402416245	9.923785558495782
9526.7038633184	9.490918053580883
9665.272961860968	9.01462031652489
9805.857594353829	8.525889445859033
9948.487077413367	8.051094219363206
10093.19115407597	7.609585983513868
10240.000000000457	7.212317472091187
10388.944229760706	6.861671716719029
10540.05490322983	6.552552840489151
10693.363532057198	6.2745535893051585
10848.902086239672	6.01477028654858
11006.703000788428	5.760691761556322
11166.799182492743	5.502634217472823
11329.224016782166	5.235433103744252
11494.0113746885	4.959417919653429
11661.195619909053	4.680888096039266
11830.811615972614	4.412229545318978
12002.894733509682	4.171507933711069
12177.48085762842	3.9811051866790463
12354.606395397908	3.865028227575327
12534.308283440243	3.8449939939445232
12716.62399563306	3.936042441755358
12901.591550924093	4.142861025534298
13089.249521259411	4.45796411941233
13279.637039626952	4.8623565138923155
13472.793808217073	5.328493215160158
13668.760106701786	5.82449220393745
13867.576800634426	6.31802456763168
14069.285349971487	6.7784749606695724
14273.927817718419	7.176941734970065
14481.54687870117	7.485028138044389
14692.18582846533	7.674376466034385
14905.888592304698	7.718807788002867
15122.699734421185	7.5996636459788975
15342.664467217943	7.313231670503033
15565.828660727671	6.877917492836811
15792.238852178061	6.338372724742758
16021.942255696367	5.763851692847506
16254.986772155136	5.23888018630846
16491.42099916115	4.84664169298348
16731.294241189662	4.64924448813047
16974.65651986603	4.672263289201286
17221.558584396902	4.900688981865419
17472.051922153143	5.288417911763181
17726.188769406665	5.776355007804297
17984.022122223458	6.310099390353901
18245.605747515034	6.849690783347083
18510.99419425065	7.369345332176826
18780.242804832582	7.85080989395654
19053.40772663689	8.276944929909034
19330.545923722028	8.631384842661618
19611.71518870775	8.906122542565793
19896.974154826825	9.112038650890165
20186.382308152035	9.28014558959263