20	15.932811939286694
20.290906698750476	15.926390766365925
20.586044732869844	15.919957281242134
20.885475648548283	15.91349242981088
21.189261887185914	15.906970878347915
21.49746679841394	15.900363174790753
21.810154653305165	15.89363773340185
22.12739065777668	15.886762592471264
22.449240966187475	15.879706910721458
22.77577269513385	15.87244218504821
23.107053937445478	15.864943187563616
23.44315377638505	15.857188632310976
23.784142300054445	15.849161591112717
24.130090616010463	15.840849683966571
24.481070866093134	15.832245072691512
24.837156241469714	15.823344287722433
25.1984209978975	15.814147917631985
25.56494047120865	15.804660189616643
25.936791093020236	15.794888467219428
26.3140504066728	15.784842689267753
26.69679708340074	15.774534771584515
27.08511093873791	15.763977990612187
27.47907294916184	15.753186365747137
27.878765268980047	15.7421740549504
28.284271247461966	15.730954776093922
28.695675446220072	15.719541264517591
29.11306365684382	15.707944775405473
29.536522918790062	15.696174637832847
29.966141537533712	15.684237865683244
30.402009102982383	15.672138829083218
30.844216508158908	15.65987898855264
31.29285596815558	15.64745669272055
31.74802103936409	15.634867039215939
32.20980663898519	15.62210179721249
32.67830906482211	15.609149389092128
33.153626015361866	15.595994927798483
33.63585661014871	15.582620305682138
34.125101410453844	15.569004329998815
34.62146244024586	15.55512289971157
35.12504320746613	15.540949217870265
35.635948725613716	15.526454033596803
36.15428553564419	15.511605907591472
36.68016172818701	15.49637149509286
37.21368696608603	15.480715840367184
37.754972507267915	15.464602677068175
38.30413122794313	15.447994729188796
38.86127764614443	15.430854007813673
39.4265279456077	15.413142099465393
40.000000000000206	15.39482044250781
40.58181339750116	15.375850588810648
41.1720894657399	15.356194448677131
41.77095129709678	15.335814517871789
42.37852377437204	15.31467408644016
42.9949335968281	15.292737429864431
43.62030930661056	15.26996998392724
44.25478131555359	15.246338505435913
44.89848193237519	15.221811221668263
45.55154539026795	15.19635797201384
46.21410787489121	15.169950345778815
46.88630755277036	15.142561820475592
47.56828460010916	15.11416790511041
48.260181232021196	15.084746292995984
48.962141732186545	15.054277028438177
49.674312482939705	15.022742691266888
50.39684199579528	14.99012860259729
51.129880942417586	14.956423054420394
51.873582186040764	14.921617564639826
52.628100813345895	14.885707158009195
53.393594166801776	14.848690672103725
54.17022187747612	14.8105710860093
54.95814589832399	14.771355867867175
55.75753053796041	14.731057335814969
56.56854249492426	14.68969302526077
57.39135089244048	14.647286053868724
58.226127313687975	14.603865474175663
59.073045837580466	14.559466602455023
59.932283075067765	14.514131311352347
60.804018205965114	14.467908272990252
61.68843301631817	14.420853138729806
62.58571193631152	14.37302864162392
63.49604207872855	14.324504607843652
64.41961327797075	14.275357864026137
65.35661812964459	14.225672028599456
66.3072520307241	14.175537176686863
67.27171322029778	14.125049370169563
68.25020282090806	14.074310046867184
69.2429248804921	14.023425265537455
70.25008641493265	13.972504806446272
71.27189745122783	13.921661130547328
72.30857107128878	13.87100820375663
73.36032345637442	13.820660196321501
74.42737393217246	13.770730070769961
75.50994501453623	13.72132807528444
76.60826245588666	13.672560162475628
77.72255529228926	13.624526356342232
78.85305589121582	13.577319092606025
80.00000000000082	13.531021559534702
81.16362679500274	13.4857060677513
82.34417893148023	13.441432478339946
83.541902594194	13.398246718776768
84.75704754874454	13.356179415847171
85.98986719365665	13.315244673783894
87.24061861322157	13.275439024423223
88.50956263110764	13.23674057429604
89.79696386475084	13.19910837132934
91.10309078053635	13.162482011324641
92.42821574978288	13.12678150170166
93.77261510554118	13.091907397247015
95.13656920021877	13.057741219881445
96.52036246404286	13.024146171836051
97.92428346437356	12.990968149173527
99.34862496587989	12.958037060346667
100.79368399159105	12.925168452471667
102.25976188483567	12.892165446195534
103.74716437208203	12.858820978410316
105.25620162669229	12.824920350528302
106.78718833360406	12.790244078454817
108.34044375495276	12.75457103859791
109.9162917966485	12.717681901991853
111.51506107592134	12.67936284555582
113.13708498984903	12.639409525230729
114.78270178488147	12.597631289682278
116.45225462737648	12.553855604730591
118.14609167516147	12.507932646823166
119.86456615013608	12.459740007738995
121.60803641193078	12.409187431272496
123.3768660326369	12.356221474959964
125.17142387262359	12.300829955379477
126.99208415745765	12.243045994293826
128.83922655594208	12.18295143626737
130.71323625928977	12.120679359598542
132.61450406144883	12.056415357249755
134.5434264405962	11.990397231811336
136.50040564181674	11.922912740553544
138.48584976098482	11.854295058088681
140.50017282986593	11.784915710670209
142.5437949024563	11.715174890642409
144.61714214257822	11.64548928720294
146.7206469127495	11.576277861642208
148.8547478643456	11.507946323048326
151.01989002907314	11.44087137344226
153.216524911774	11.37538602104572
155.4451105845792	11.311767334722765
157.70611178243232	11.250227878223921
160.00000000000236	11.190911709597327
162.3272535900062	11.133895306599879
164.6883578629612	11.079193181984508
167.08380518838874	11.026767404687046
169.51409509748981	10.97653984954109
171.97973438731407	10.928405817541263
174.4812372264439	10.882247702072743
177.01912526221608	10.837947578930232
179.5939277295025	10.79539790057541
182.20618156107355	10.754509807995545
184.85643149956664	10.715218881238652
187.54523021108326	10.677488397790803
190.27313840043846	10.641310342476967
193.04072492808663	10.60670451528899
195.84856692874806	10.573716125928616
198.69724993176072	10.54241226152717
201.58736798318304	10.512877582719486
204.5195237696723	10.48520955646597
207.49432874416505	10.459513481864464
210.5124032533856	10.435897514412764
213.57437666720915	10.414467848618964
216.68088750990657	10.39532418018735
219.83258359329807	10.378555537466449
223.03012215184378	10.36423654684005
226.2741699796992	10.352424177296015
229.5654035697641	10.34315499445503
232.90450925475412	10.336442942881618
236.2921833503241	10.332277666664693
239.72913230027333	10.330623371318284
243.21607282386276	10.331418224411522
246.75373206527502	10.334574287483457
250.34284774524843	10.339977967300975
253.9841683149166	10.347490970006115
257.67845311188546	10.356951736864403
261.42647251858085	10.368177334928799
265.22900812289896	10.380965769821735
269.08685288119375	10.395098680959917
273.0008112836349	10.41034437197233
276.97169952197106	10.426461120991068
281.00034565973334	10.44320070725776
285.0875898049141	10.460312082538136
289.23428428515797	10.47754510872289
293.44129382550057	10.494654277324676
297.7094957286928	10.511402322978904
302.0397800581479	10.527563642094806
306.4330498235497	10.542927429950835
310.89022116916016	10.55730045508912
315.41222356486645	10.570509398932654
320.00000000000654	10.582402700981847
324.6545071800142	10.592851865353952
329.3767157259242	10.601752202188731
334.16761037677935	10.609022996747008
339.02819019498156	10.61460711893383
343.95946877463007	10.618470105485368
348.9624744528898	10.620598765185852
354.03825052443415	10.620999373333943
359.187855459007	10.61969553451267
364.4123631221491	10.616725801979992
369.71286299913527	10.61214114734978
375.0904604221685	10.606002375555452
380.54627680087896	10.598377577467732
386.08144985617537	10.589339706244866
391.6971338574982	10.578964353953644
397.3944998635236	10.56732779276349
403.1747359663683	10.554505330729661
409.0390475393468	10.540570016560382
414.9886574883323	10.525591711565896
421.0248065067734	10.509636530989585
427.1487533344206	10.49276664187978
433.3617750198154	10.475040391274643
439.6651671865984	10.45651272733035
446.06024430368984	10.437235867550996
452.54833995940066	10.417260162688331
459.13080713953053	10.396635102128654
465.8090185095106	10.375410406369317
472.58436670065066	10.353637153965535
479.45826460054917	10.33136889338595
486.432145647728	10.308662693773053
493.50746413055253	10.285580091944984
500.6856954904994	10.262187895584336
507.9683366298358	10.238558804241888
515.3569062237735	10.21477181073986
522.8529450371643	10.190912346398713
530.4580162458005	10.167072135188276
538.1737057623901	10.143348725581523
546.0016225672724	10.1198446757491
553.9433990439449	10.096666378745143
562.0006913194694	10.07392253003896
570.1751796098309	10.051722260061483
578.4685685703187	10.03017297854433
586.8825876510039	10.009378003760173
595.4189914573883	9.98943407607892
604.0795601162986	9.970428878803144
612.8660996471021	9.952438707098976
621.780442338323	9.935526435192346
630.8244471297356	9.919739930560594
640.0000000000159	9.905111050183224
649.3090143600314	9.8916553277419
658.7534314518515	9.879372423018033
668.3352207535618	9.868247358002465
678.0563803899662	9.858252511952847
687.9189375492632	9.849350294193645
697.9249489057827	9.841496363597905
708.0765010488715	9.834643221989193
718.3757109180171	9.8287439790174
728.8247262443015	9.823756071106036
739.425725998274	9.819644718120772
750.1809208443404	9.816385918222444
761.0925536017613	9.813968812266602
772.1628997123541	9.812397291251111
783.3942677149998	9.811690770045814
794.7889997270506	9.81188410393104
806.34947193274	9.813026677310377
818.0780950786972	9.815180742700464
829.9773149766683	9.818419129719235
842.0496130135506	9.82282247607054
854.2975066688449	9.8284761540975
866.7235500396347	9.835467076837691
879.3303343732008	9.843880566920731
892.1204886073838	9.853797461008503
905.0966799188055	9.86529160319445
918.2616142790653	9.878427854591232
931.6180370190256	9.893260715167479
945.1687334013056	9.909833619703251
958.9165292011028	9.928178934395971
972.8642912954606	9.948318645859251
987.0149282611097	9.970265701467799
1001.3713909810035	9.994025930381431
1015.9366732596762	10.019600449012994
1030.7138124475518	10.046988433800678
1045.7058900743334	10.076190128285754
1060.916032491606	10.107209940880532
1076.3474115247852	10.140059484408408
1092.0032451345498	10.174760408501369
1107.8867980878947	10.211346881204348
1124.0013826389438	10.249867586602377
1140.350359219667	10.29038712088756
1156.9371371406426	10.332986689927655
1173.765175302013	10.377764036935423
1190.837982914782	10.424832559002983
1208.1591202326028	10.474319605612537
1225.73219929421	10.526363990058913
1243.5608846766518	10.581112784983098
1261.648894259477	10.63871751448451
1280.0000000000375	10.699329895688892
1298.6180287200684	10.76309731991102
1317.5068629037087	10.830158295027331
1336.6704415071292	10.900638093507428
1356.112760779938	10.97464486188524
1375.8378750985323	11.05226644469308
1395.8498978115715	11.133568157040921
1416.153002097749	11.218591704035182
1436.7514218360407	11.307355392265226
1457.6494524886093	11.399855710269858
1478.8514519965543	11.496070274409425
1500.3618416886875	11.59596204856625
1522.1851072035295	11.699484656433516
1544.3257994247153	11.806588520427635
1566.788535430007	11.917227488190697
1589.5779994541087	12.031365552367712
1612.6989438654878	12.148983236677918
1636.156190157402	12.270083214168245
1659.9546299533442	12.394694742543097
1684.099226027109	12.522876544785198
1708.5950133376978	12.65471782691399
1733.4471000792773	12.79033720308876
1758.6606687464096	12.929879385105897
1784.2409772147755	13.073509582836193
1810.193359837619	13.221405649972683
1836.5232285581387	13.373748093608858
1863.2360740380593	13.530708147305123
1890.3374668026197	13.692434188438993
1917.833058402214	13.859036866093506
1945.7285825909298	14.030573399499835
1974.0298565222283	14.207031610760438
2002.7427819620161	14.388314366618564
2031.8733465193618	14.57422521412948
2061.4276248951132	14.764456089880293
2091.411780148677	14.958578042372636
2121.832064983222	15.156035909920703
2152.694823049581	15.356147820180384
2184.0064902691106	15.558110205447992
2215.7735961758003	15.761008752783843
2248.002765277899	15.963835335542814
2280.7007184393456	16.165510523980732
2313.874274281297	16.364910783443595
2347.530350604038	16.560898988262494
2381.6759658295764	16.752356464995156
2416.318240465218	16.938214488659373
2451.4643985884327	17.117483042233136
2487.1217693533167	17.28927475028198
2523.2977885189675	17.45282222679378
2560.0000000000887	17.607487621102546
2597.236057440151	17.75276385859565
2635.0137258074315	17.88826787965947
2673.340883014273	18.01372698426443
2712.225521559891	18.128960085477207
2751.6757501970797	18.233856165866513
2791.699795623158	18.328352443610555
2832.3060041955137	18.41241465442677
2873.502843672097	18.486021448138704
2915.2989049772345	18.549154232678084
2957.7029039931244	18.601792955321958
3000.723683377391	18.643917396528956
3044.370214407075	18.67551268445841
3088.6515988494466	18.69657703864532
3133.57707086003	18.70712932937046
3179.1559989082334	18.707213980171236
3225.3978877309914	18.696901089894922
3272.3123803148205	18.676280400103487
3319.9092599067053	18.645448815877682
3368.198452054235	18.60449247606934
3417.190026675413	18.55346568517755
3466.8942001585724	18.49237015230032
3517.3213374928373	18.42113871481448
3568.4819544295697	18.339627865035695
3620.386719675257	18.247622824867967
3673.0464571162966	18.144857610172235
3726.472148076138	18.031050605592792
3780.6749336052594	17.9059538687089
3835.6661168044484	17.769412027234733
3891.45716518188	17.621424588111164
3948.059713044477	17.462204083984933
4005.4855639240527	17.29222201542931
4063.746693038744	17.112235189256367
4122.855249790247	16.92328687837055
4182.823560297375	16.72668017362856
4243.664129966465	16.523924716407578
4305.389646099183	16.316662217660436
4368.012980538242	16.106580086100042
4431.5471923516225	15.895325274985069
4496.00553055582	15.684431345512587
4561.401436878714	15.475270270369705
4627.748548562617	15.2690367010938
4695.060701208099	15.066766898222435
4763.351931659176	14.869388317690461
4832.63648093046	14.677790186074724
4902.928797176889	14.492901390619108
4974.243538706657	14.315760429478809
5046.595577037959	14.147563351536391
5120.000000000202	13.98967945735004
5194.472114880326	13.843630475908233
5270.027451614888	13.711035933430837
5346.6817660285715	13.593533984574522
5424.451043119808	13.492691339278963
5503.351500394186	13.409916608492143
5583.399591246343	13.346387831741247
5664.612008391055	13.302997937247637
5747.005687344222	13.280313581649748
5830.597809954497	13.27853613622073
5915.405807986278	13.297451179536594
6001.447366754812	13.336356087833403
6088.740428814181	13.393963700400857
6177.303197698925	13.468291411862895
6267.154141720092	13.556556350814809
6358.3119978165005	13.65510554868122
6450.795775462017	13.759412780091793
6544.624760629676	13.864169172733456
6639.818519813445	13.963481109183201
6736.396904108505	14.05116546979135
6834.380053350861	14.121100414039457
6933.788400317181	14.167555879473007
7034.642674985712	14.185403553115796
7136.963908859177	14.170105998148157
7240.773439350552	14.117420912362943
7346.092914232631	14.022833352272968
7452.944296152315	13.88084434473374
7561.349867210557	13.684404094632885
7671.332233608935	13.425019250673527
7782.914330363799	13.094479021514086
7896.119426088994	12.689816089879248
8010.971127848146	12.223547712709058
8127.49338607753	11.738679441826257
8245.710499580537	11.3173758999501
8365.647120594791	11.058817921267957
8487.328259932974	11.018215746160026
8610.77929219841	11.157164010731561
8736.025961076528	11.365889719504628
8863.094384703289	11.532067765302228
8992.011061111683	11.586144364918988
9122.802873757471	11.504703600825101
9255.497097125279	11.29560554459941
9390.121402416245	10.983715899290221
9526.7038633184	10.6013674357075
9665.272961860968	10.182122703743497
9805.857594353829	9.756379322477748
9948.487077413367	9.34826893888739
10093.19115407597	8.97383603797773
10240.000000000457	8.640599827255976
10388.944229760706	8.348464530735917
10540.05490322983	8.091706381803556
10693.363532057198	7.861551838154629
10848.902086239672	7.648765770737225
11006.703000788428	7.44575472975793
11166.799182492743	7.247957033602492
11329.224016782166	7.054627369138364
11494.0113746885	6.869328574575691
11661.195619909053	6.700351007716286
11830.811615972614	6.560918011189933
12002.894733509682	6.468668537495588
12177.48085762842	6.443864425090948
12354.606395397908	6.50617495902745
12534.308283440243	6.670548936153549
12716.62399563306	6.94322820950099
12901.591550924093	7.319109957825269
13089.249521259411	7.781361836735422
13279.637039626952	8.303515788288584
13472.793808217073	8.853379173650945
13668.760106701786	9.3973167132989
13867.576800634426	9.90321963709123
14069.285349971487	10.341098610373056
14273.927817718419	10.681571551976809
14481.54687870117	10.893959867800827
14692.18582846533	10.946444002196575
14905.888592304698	10.810143238633861
15122.699734421185	10.467121245107956
15342.664467217943	9.920000154185493
15565.828660727671	9.199205659119189
15792.238852178061	8.363728016074937
16021.942255696367	7.493035033638019
16254.986772155136	6.67104724247088
16491.42099916115	5.966647230809173
16731.294241189662	5.417354243705701
16974.65651986603	5.02228713481278
17221.558584396902	4.747267209948956
17472.051922153143	4.540007165766224
17726.188769406665	4.348704260750732
17984.022122223458	4.135363194398676
18245.605747515034	3.8780101413978123
18510.99419425065	3.563791182418393
18780.242804832582	3.1832014910567468
19053.40772663689	2.7353319560741105
19330.545923722028	2.24006374855442
19611.71518870775	1.7374390821476637
19896.974154826825	1.262016468066804
20186.382308152035	0.8145551837138996