20	9.639804133266187
20.290906698750476	9.678679744029033
20.586044732869844	9.717553801477138
20.885475648548283	9.756423613954087
21.189261887185914	9.795285098493828
21.49746679841394	9.834132750542116
21.810154653305165	9.872959616247655
22.12739065777668	9.911757268681493
22.449240966187475	9.95051578947791
22.77577269513385	9.989223757279479
23.107053937445478	10.027868244054458
23.44315377638505	10.066434819913418
23.784142300054445	10.104907566572534
24.130090616010463	10.143269099174848
24.481070866093134	10.181500595849712
24.837156241469714	10.219581834199564
25.1984209978975	10.257491233861153
25.56494047120865	10.295205904380529
25.936791093020236	10.332701697836107
26.3140504066728	10.36995326589978
26.69679708340074	10.406934121297684
27.08511093873791	10.443616703877227
27.47907294916184	10.479972451670307
27.878765268980047	10.515971877439394
28.284271247461966	10.551584651190343
28.695675446220072	10.58677968903238
29.11306365684382	10.621525248572299
29.536522918790062	10.65578903076628
29.966141537533712	10.689538287846133
30.402009102982383	10.722739936617755
30.844216508158908	10.7553606761298
31.29285596815558	10.7873671084576
31.74802103936409	10.81872586116307
32.20980663898519	10.84940370988837
32.67830906482211	10.879367699521715
33.153626015361866	10.908585262431075
33.63585661014871	10.93702433237933
34.125101410453844	10.964653452891568
34.62146244024586	10.991441879017781
35.12504320746613	11.017359671600289
35.635948725613716	11.042377783295997
36.15428553564419	11.066468135708362
36.68016172818701	11.089603687047523
37.21368696608603	11.111758489761751
37.754972507267915	11.132907737577092
38.30413122794313	11.15302780135478
38.86127764614443	11.172096253140598
39.4265279456077	11.190091877748118
40.000000000000206	11.20699467120012
40.58181339750116	11.222785825358297
41.1720894657399	11.237447698109673
41.77095129709678	11.250963768554898
42.37852377437204	11.263318576766299
42.9949335968281	11.274497647855851
43.62030930661056	11.284487400319861
44.25478131555359	11.293275038907927
44.89848193237519	11.300848432597656
45.55154539026795	11.307195978637269
46.21410787489121	11.312306454035912
46.88630755277036	11.316168856322026
47.56828460010916	11.31877223583549
48.260181232021196	11.32010552224886
48.962141732186545	11.320157348404393
49.674312482939705	11.318915874885437
50.39684199579528	11.316368618992744
51.129880942417586	11.312502291954184
51.873582186040764	11.307302648249754
52.628100813345895	11.300754350880869
53.393594166801776	11.292840856257664
54.17022187747612	11.283544322131815
54.95814589832399	11.272845541680804
55.75753053796041	11.260723906471664
56.56854249492426	11.247157400617404
57.39135089244048	11.232122628004834
58.226127313687975	11.215594874031671
59.073045837580466	11.197548202851632
59.932283075067765	11.177955590690987
60.804018205965114	11.156789095366136
61.68843301631817	11.134020061693374
62.58571193631152	11.10961936203373
63.49604207872855	11.083557670752974
64.41961327797075	11.055805770901465
65.35661812964459	11.026334890936974
66.3072520307241	10.9951170688394
67.27171322029778	10.9621255405163
68.25020282090806	10.927335148992011
69.2429248804921	10.890722770527196
70.25008641493265	10.852267753541955
71.27189745122783	10.811952366017401
72.30857107128878	10.769762246922284
73.36032345637442	10.725686857138033
74.42737393217246	10.679719925317283
75.50994501453623	10.631859884083237
76.60826245588666	10.582110291938188
77.72255529228926	10.530480236182521
78.85305589121582	10.476984712042995
80.00000000000082	10.421644973074734
81.16362679500274	10.36448884775104
82.34417893148023	10.305551017015233
83.541902594194	10.244873247474723
84.75704754874454	10.182504574909661
85.98986719365665	10.118501432887724
87.24061861322157	10.052927721560135
88.50956263110764	9.985854812191022
89.79696386475084	9.917361483659299
91.10309078053635	9.847533788072173
92.42821574978288	9.776464843727934
93.77261510554118	9.70425455493375
95.13656920021877	9.631009259578136
96.52036246404286	9.556841306823376
97.92428346437356	9.48186856875988
99.34862496587989	9.406213891289484
100.79368399159105	9.330004490818222
102.25976188483567	9.253371304487342
103.74716437208203	9.17644830260996
105.25620162669229	9.099371772676136
106.78718833360406	9.02227958471796
108.34044375495276	8.945310447976398
109.9162917966485	8.868603168678728
111.51506107592134	8.792295918323479
113.13708498984903	8.716525521187679
114.78270178488147	8.641426768834142
116.45225462737648	8.56713176822314
118.14609167516147	8.493769328648932
119.86456615013608	8.421464391158743
121.60803641193078	8.350337502411094
123.3768660326369	8.28050433314355
125.17142387262359	8.212075239610586
126.99208415745765	8.145154864597519
128.83922655594208	8.079841773004379
130.71323625928977	8.016228115621544
132.61450406144883	7.954399313687781
134.5434264405962	7.8944337562285805
136.50040564181674	7.836402502103838
138.48584976098482	7.780368979214257
140.50017282986593	7.7263886744602255
142.5437949024563	7.6745088098168095
144.61714214257822	7.624768002245298
146.7206469127495	7.577195908031503
148.8547478643456	7.531812855418833
151.01989002907314	7.488629472966401
153.216524911774	7.447646324778983
155.4451105845792	7.408853567507757
157.70611178243232	7.37223064771149
160.00000000000236	7.33774606173508
162.3272535900062	7.3053572036788665
164.6883578629612	7.275010330304232
167.08380518838874	7.246640674878561
169.51409509748981	7.220172745046204
171.97973438731407	7.195520842860619
174.4812372264439	7.172589848153618
177.01912526221608	7.151276309459846
179.5939277295025	7.1314698897462465
182.20618156107355	7.113055217182394
184.85643149956664	7.095914194066088
187.54523021108326	7.079928819689211
190.27313840043846	7.0649845852373705
193.04072492808663	7.050974500524282
195.84856692874806	7.037803813111414
198.69724993176072	7.025395479635718
201.58736798318304	7.013696446239992
204.5195237696723	7.002683473189853
207.49432874416505	6.992363463705906
210.5124032533856	6.982768809951481
213.57437666720915	6.9739522395115054
216.68088750990657	6.965982225298698
219.83258359329807	6.958938937445297
223.03012215184378	6.952910708195124
226.2741699796992	6.947990974823624
229.5654035697641	6.94427566054598
232.90450925475412	6.941860948770556
236.2921833503241	6.9408414016789255
239.72913230027333	6.941308369959537
243.21607282386276	6.943348636808062
246.75373206527502	6.947043236443021
250.34284774524843	6.952466385915415
253.9841683149166	6.959684469526859
257.67845311188546	6.968755018312034
261.42647251858085	6.9797256333059075
265.22900812289896	6.992632811084074
269.08685288119375	7.007500643542552
273.0008112836349	7.024339381092801
276.97169952197106	7.043143869217671
281.00034565973334	7.063891892293089
285.0875898049141	7.086542485117308
289.23428428515797	7.111034300770948
293.44129382550057	7.137284151856338
297.7094957286928	7.165185868758919
302.0397800581479	7.194609640336736
306.4330498235497	7.225402015206468
310.89022116916016	7.257386740078097
315.41222356486645	7.290366588723741
320.00000000000654	7.324126283851685
324.6545071800142	7.358436527713295
329.3767157259242	7.393059031746862
334.16761037677935	7.427752272788813
339.02819019498156	7.462277514741094
343.95946877463007	7.496404444785152
348.9624744528898	7.5299156226791855
354.03825052443415	7.562608885197089
359.187855459007	7.594296947027069
364.4123631221491	7.624803746741143
369.71286299913527	7.653957619957268
375.0904604221685	7.6815820972238
380.54627680087896	7.707485894362803
386.08144985617537	7.7314542833381035
391.6971338574982	7.753244265961397
397.3944998635236	7.772585639303121
403.1747359663683	7.789189110148396
409.0390475393468	7.802761260653949
414.9886574883323	7.813024732274007
421.0248065067734	7.81974087073969
427.1487533344206	7.822731549897934
433.3617750198154	7.821897055645897
439.6651671865984	7.817227649380093
446.06024430368984	7.808807500979507
452.54833995940066	7.7968108140315895
459.13080713953053	7.781490942884072
465.8090185095106	7.763163995340442
472.58436670065066	7.742188790553422
479.45826460054917	7.71894513041236
486.432145647728	7.693812212487624
493.50746413055253	7.667148741015521
500.6856954904994	7.6392759488000905
507.9683366298358	7.6104643797230365
515.3569062237735	7.580924932998527
522.8529450371643	7.550804355234935
530.4580162458005	7.520185092820255
538.1737057623901	7.489089186877554
546.0016225672724	7.457485705016713
553.9433990439449	7.425301056854883
562.0006913194694	7.392431433026723
570.1751796098309	7.358756540388751
578.4685685703187	7.324153780203174
586.8825876510039	7.2885120319993355
595.4189914573883	7.251744263266751
604.0795601162986	7.2137982820461355
612.8660996471021	7.1746650815229005
621.780442338323	7.1343843862990255
630.8244471297356	7.0930471906180905
640.0000000000159	7.050795269534852
649.3090143600314	7.007817833963109
658.7534314518515	6.9643456780411785
668.3352207535618	6.920643320013042
678.0563803899662	6.876999753292992
687.9189375492632	6.83371849094682
697.9249489057827	6.791107595902205
708.0765010488715	6.749470337954884
718.3757109180171	6.709097012279871
728.8247262443015	6.67025830656943
739.425725998274	6.633200435630358
750.1809208443404	6.5981420960013635
761.0925536017613	6.565273148422084
772.1628997123541	6.534754824998613
783.3942677149998	6.506721184300204
794.7889997270506	6.481281498262566
806.34947193274	6.4585232433180835
818.0780950786972	6.43851537840811
829.9773149766683	6.42131162012736
842.0496130135506	6.406953467609629
854.2975066688449	6.39547278468515
866.7235500396347	6.386893811138017
879.3303343732008	6.381234543905936
892.1204886073838	6.378507497277913
905.0966799188055	6.378719913436792
918.2616142790653	6.381873547379182
931.6180370190256	6.387964191235841
945.1687334013056	6.396981130984485
958.9165292011028	6.408906741752332
972.8642912954606	6.423716423677063
987.0149282611097	6.441379055762901
1001.3713909810035	6.461858098846752
1015.9366732596762	6.485113412027836
1030.7138124475518	6.511103764489598
1045.7058900743334	6.539789934313518
1060.916032491606	6.571138197208241
1076.3474115247852	6.6051239312698495
1092.0032451345498	6.641735009779874
1107.8867980878947	6.680974634986237
1124.0013826389438	6.722863294950807
1140.350359219667	6.767439611411127
1156.9371371406426	6.8147599837762005
1173.765175302013	6.8648970968276535
1190.837982914782	6.917937504637335
1208.1591202326028	6.973978587018032
1225.73219929421	7.033125173067071
1243.5608846766518	7.095486045782219
1261.648894259477	7.16117041710597
1280.0000000000375	7.230284341458828
1298.6180287200684	7.302926959843538
1317.5068629037087	7.379186461695785
1336.6704415071292	7.459135725364657
1356.112760779938	7.542827739512985
1375.8378750985323	7.630291083261513
1395.8498978115715	7.7215258942299805
1416.153002097749	7.816500810608261
1436.7514218360407	7.915151287120026
1457.6494524886093	8.01737946743187
1478.8514519965543	8.123055537580939
1500.3618416886875	8.232020323449074
1522.1851072035295	8.344088940943472
1544.3257994247153	8.459055571237768
1566.788535430007	8.576699795483957
1589.5779994541087	8.69679516176635
1612.6989438654878	8.819120529320022
1636.156190157402	8.943474101486874
1659.9546299533442	9.069689009022875
1684.099226027109	9.197648202677968
1708.5950133376978	9.32729577220056
1733.4471000792773	9.458642010620608
1758.6606687464096	9.591760561096402
1784.2409772147755	9.726777341299547
1810.193359837619	9.863852007205423
1836.5232285581387	10.003153161107045
1863.2360740380593	10.14482851623013
1890.3374668026197	10.288971310872958
1917.833058402214	10.435584818046781
1945.7285825909298	10.58454782687966
1974.0298565222283	10.73558508543769
2002.7427819620161	10.888247270461648
2031.8733465193618	11.04190451391692
2061.4276248951132	11.195755669326765
2091.411780148677	11.34885270877125
2121.832064983222	11.500136720691101
2152.694823049581	11.648479901608335
2184.0064902691106	11.792727574709632
2215.7735961758003	11.931736084465587
2248.002765277899	12.064405972515969
2280.7007184393456	12.189713596227504
2313.874274281297	12.306746318669182
2347.530350604038	12.414745381922257
2381.6759658295764	12.513156907957432
2416.318240465218	12.601686636625798
2451.4643985884327	12.680349728563801
2487.1217693533167	12.74950454493849
2523.2977885189675	12.80985949868433
2560.0000000000887	12.862445088750869
2597.236057440151	12.90854881163868
2635.0137258074315	12.949617771595657
2673.340883014273	12.987140504537065
2712.225521559891	13.022523321792914
2751.6757501970797	13.05697579419664
2791.699795623158	13.091415495268327
2832.3060041955137	13.126396580068846
2873.502843672097	13.162063281515339
2915.2989049772345	13.198129195269916
2957.7029039931244	13.233884968685484
3000.723683377391	13.268238079164089
3044.370214407075	13.29978670299836
3088.6515988494466	13.326924593029315
3133.57707086003	13.347966325274543
3179.1559989082334	13.361275023768341
3225.3978877309914	13.36537198038833
3272.3123803148205	13.359012585159075
3319.9092599067053	13.341224229604478
3368.198452054235	13.311312938268287
3417.190026675413	13.268849908101831
3466.8942001585724	13.213646668810945
3517.3213374928373	13.145724492006103
3568.4819544295697	13.065284733244084
3620.386719675257	12.972688783687303
3673.0464571162966	12.868452642531533
3726.472148076138	12.75325149989436
3780.6749336052594	12.627921838276864
3835.6661168044484	12.493450151072288
3891.45716518188	12.350947741252421
3948.059713044477	12.201620549296047
4005.4855639240527	12.046742521481667
4063.746693038744	11.887632332856871
4122.855249790247	11.72562605898631
4182.823560297375	11.562038355826338
4243.664129966465	11.398108963636151
4305.389646099183	11.23493814191627
4368.012980538242	11.073426622797736
4431.5471923516225	10.914247497680552
4496.00553055582	10.757873410234312
4561.401436878714	10.60465473155262
4627.748548562617	10.45490999301455
4695.060701208099	10.308982334671759
4763.351931659176	10.167249370918102
4832.63648093046	10.030120308492332
4902.928797176889	9.89806736525601
4974.243538706657	9.7717034785742
5046.595577037959	9.651867965792832
5120.000000000202	9.53966364748795
5194.472114880326	9.4364177761173
5270.027451614888	9.343584354883895
5346.6817660285715	9.262620654469139
5424.451043119808	9.194848387146141
5503.351500394186	9.141299291770453
5583.399591246343	9.102583638988941
5664.612008391055	9.078863624728298
5747.005687344222	9.069981409184024
5830.597809954497	9.075688322875841
5915.405807986278	9.095846244798526
6001.447366754812	9.130487035288906
6088.740428814181	9.179691178477977
6177.303197698925	9.243319711725453
6267.154141720092	9.32066781782023
6358.3119978165005	9.410116870686414
6450.795775462017	9.508865809753448
6544.624760629676	9.612813047875356
6639.818519813445	9.716641816268979
6736.396904108505	9.814161547580076
6834.380053350861	9.898940591110245
6933.788400317181	9.965184237192766
7034.642674985712	10.008690908560546
7136.963908859177	10.027619906478606
7240.773439350552	10.022806568135085
7346.092914232631	9.997481256625058
7452.944296152315	9.956400649983987
7561.349867210557	9.90453517397624
7671.332233608935	9.84562113960563
7782.914330363799	9.78104311184584
7896.119426088994	9.709458014057477
8010.971127848146	9.62718272902238
8127.49338607753	9.528880847182547
8245.710499580537	9.4079621431222
8365.647120594791	9.256527433674309
8487.328259932974	9.065262773454872
8610.77929219841	8.823825408155463
8736.025961076528	8.5218928844239
8863.094384703289	8.150649325810907
8992.011061111683	7.704561001086072
9122.802873757471	7.183483999018969
9255.497097125279	6.594711940463015
9390.121402416245	5.95394424057322
9526.7038633184	5.284258573460094
9665.272961860968	4.613012754719857
9805.857594353829	3.967452366194387
9948.487077413367	3.370251790801891
10093.19115407597	2.83606352517
10240.000000000457	2.3697839441016617
10388.944229760706	1.9670362354129558
10540.05490322983	1.6165166475109687
10693.363532057198	1.3028190873141647
10848.902086239672	1.0091001542118836
11006.703000788428	0.7201458703545718
11166.799182492743	0.4255697702306419
11329.224016782166	0.12135695557126047
11494.0113746885	-0.19114277328257528
11661.195619909053	-0.5067999257641046
11830.811615972614	-0.8164795840900914
12002.894733509682	-1.1053282834437115
12177.48085762842	-1.3521130545851738
12354.606395397908	-1.531582760410491
12534.308283440243	-1.619275660921539
12716.62399563306	-1.5967173529697345
12901.591550924093	-1.4560541673161078
13089.249521259411	-1.2033725798135428
13279.637039626952	-0.8591223386875048
13472.793808217073	-0.4549135849175582
13668.760106701786	-0.027258921323868646
13867.576800634426	0.3897764512479767
14069.285349971487	0.7696051114061325
14273.927817718419	1.0921198687570188
14481.54687870117	1.3376634599540813
14692.18582846533	1.4813003986153688
14905.888592304698	1.4932622871843066
15122.699734421185	1.3476750186143374
15342.664467217943	1.0340621969514097
15565.828660727671	0.567203095459562
15792.238852178061	-0.0063097219173080255
16021.942255696367	-0.6093365900536015
16254.986772155136	-1.1455399256332444
16491.42099916115	-1.5187146650765881
16731.294241189662	-1.6550090917317595
16974.65651986603	-1.5251516456656442
17221.558584396902	-1.1531730070204838
17472.051922153143	-0.6013250238239218
17726.188769406665	0.05889018402655584
17984.022122223458	0.7705171003878015
18245.605747515034	1.4984525544275833
18510.99419425065	2.220316234348523
18780.242804832582	2.9125643622182316
19053.40772663689	3.552774226823288
19330.545923722028	4.13076232223501
19611.71518870775	4.632610618314936
19896.974154826825	5.031816305886736
20186.382308152035	5.342832699730688